{"E": -1.8421567475600E+03, "iao_dmu": [[0.9977998016872491, -0.0350642394849812, -2.1584374227490097e-10, 2.0322515053791585e-10, -4.538288155732084e-17, 7.158716199379469e-10, -2.6137695945008246e-18, 0.008588352302424222, -9.464060511720753e-17, 0.0002269050237934686, 0.0004978939194050738, 0.003988277466198166, -1.1292717675033131e-10, -0.0002939768310293946, -9.681666454794566e-18, -1.4440763828364774e-09, 7.22230007551916e-17, -0.0013818190590817205, 2.9266731486157014e-17, -0.001532885455545707, -0.00013745006026510007, 0.0009594516865141427, -1.724492039924479e-11, -1.056932798765051e-10, -1.0360478779946756e-16, 4.416658427087188e-10, -3.552658109882081e-18, -5.9257701772156925e-05, -1.0347963612593914e-16, -0.000139802634142055, 0.0004978938667610277, 0.003988274408710886, -1.008797766157925e-10, 0.0002939771673034459, 1.76393968902407e-17, -8.955092652421755e-10, -1.130109987591126e-16, -0.0013818218611767736, -5.20967579088571e-17, -0.0015328913661276093, 0.0005205858950811298, 0.004113872733466286, -0.0002894221632793802, -9.723666401076594e-11, 1.0266075228840088e-17, -1.0158155355228652e-09, -1.124640046330139e-16, -0.0014315884839064565, -3.2084245612681255e-17, 0.003167799910025121, -2.031619264171503e-05, 0.00047495992878978033, -1.8816572402189508e-10, -2.3859723324173147e-10, 1.0093927166804798e-16, -0.00012523635736890365, 3.4322607013371677e-17, -0.00016788516524371194, -2.4637114800571298e-17, -3.865046656255357e-05, 0.0005205860841910217, 0.0041138718546514024, 0.0002894222823431168, -1.4913815780944266e-10, -3.818666558946733e-18, -4.5128790060935775e-10, -2.9109876727822732e-18, -0.0014315895460579311, -3.4695565753033024e-17, 0.003167801702240743, -2.0315783431938336e-05, 0.0004749562701408992, -8.467077090586178e-12, 5.4089170933817774e-11, -9.66474882670557e-17, 0.00012523608765811875, 4.5967327999054115e-17, -0.00016788489505760803, 2.3788076984434423e-17, -3.865087301717638e-05, 0.004369976292707102, -0.013110121715034955, 1.380530457248944e-09, 1.4687104121815267e-17, -0.0007548336142241498, 0.00030571269531146604, -3.933416073901073e-05, 1.0379158895387447e-16, -0.0011257431669292725, -0.0017225872976483463, -3.344913887601834e-10, -2.812778885507712e-17, -0.0007548326425126905, 0.0003057107592263237, 3.9334936089867065e-05, -3.073837545708024e-17, -0.001125742799840617, 0.0017225880255116394, -4.1879516766422076e-10, 5.1113571791102396e-21, -0.0007548318806276399, -0.0003057160788582014, 3.9334911686212573e-05, -7.375038150546985e-17, 0.004369975893451185, 0.013110122588552868, 1.0400468369758849e-09, -4.183870485238476e-18, -0.0007548339098281388, -0.000305713202583165, -3.9334564638056654e-05, 2.6182828920845034e-20, 0.004646092115544549, 1.1704364761958683e-10, -0.012878767253825196, 5.4668414545920124e-17, -0.0009729546918364315, -3.5623139796371274e-10, 0.0010706795577161182, -5.316180729588508e-19, -0.000972955370894909, -2.1887328551335663e-11, -0.0010706776301369473, 1.7339684665345208e-17, 0.004646091098120142, 8.503189676053919e-10, 0.012878773615207065, -2.3910256582352865e-17, -0.0006500763621674804, -2.7612176765968835e-05, 4.73913396115635e-05, -1.668500796575542e-18, -0.0006500754141729883, 2.761254890689249e-05, -4.7396313046104716e-05, 3.2609222686953e-17, -0.0006500761348261608, 2.761239840373706e-05, 4.738987535454898e-05, -2.5710977323819145e-17, -0.0006500769447497283, -2.7612849789918927e-05, -4.7390140999515346e-05, 4.668918132201992e-18, 0.0020203834583904325, -0.00039488064713418035, -0.0003948819552928281, 0.0020203874449531917, -0.00039487971067383814, 0.0020203866300923007, 0.002020386213002318, -0.00039488171877927864], [-0.0350642394849812, 0.3718331378367108, -4.636491930962323e-09, 3.922628684981702e-09, -8.773887002087251e-17, 1.2482012084179702e-08, -1.7531055662310683e-16, 0.15114322534175284, -1.393016189800339e-16, 0.014935241215666636, 0.0043069362248817945, -0.030625717586223896, -2.2593790109308206e-09, -0.0051537760177828695, 7.372760412230123e-17, -2.094220220696311e-08, -1.0409983337066972e-16, 0.0025588130498177984, -2.157103568969552e-16, -0.03290991241823474, 0.0009594481205835657, 0.0012777366757107755, 6.340391532772422e-10, -2.954514898920302e-09, -1.3956578823110964e-16, 9.311080801869755e-09, 1.271487536661354e-17, -0.0008622242985472322, 6.930961045414714e-17, 0.00847885449317231, 0.0043069400924492796, -0.030625764483185602, -6.565428388957629e-10, 0.005153782852164766, 4.4011113623214284e-17, -2.0137336581576208e-08, 2.3780430390770133e-17, 0.002558837912377687, 2.5992109148367766e-17, -0.03291005310575952, 0.004003927004154021, -0.029299534894419662, -0.005070969751280632, -5.757723741629807e-10, 6.28135473363274e-18, -1.2323905553277055e-08, -1.9157166975434934e-17, 0.002664678731086407, -3.2141419143599e-17, 0.000282846429965541, 0.00047495702693921234, -0.026483421376221547, -3.2437680511560276e-09, -2.968415377346519e-09, -3.0563946209132274e-17, -0.002243989279284549, 4.906107420117749e-17, 0.0036447423538386943, 2.5104811388350367e-17, 0.00710160321757988, 0.004003929322828126, -0.029299577644134028, 0.005070971232242516, -2.4990665371580473e-09, 2.311272641657346e-17, -1.4549888137163665e-08, -9.743199536217681e-18, 0.0026646679722290905, 5.173708190967213e-19, 0.0002828563936769199, 0.0004749625929080265, -0.026483513459383868, -3.6677183494412546e-11, -1.3967946606724202e-10, -3.5109787011014307e-17, 0.0022439829439811405, -5.643353780176057e-17, 0.0036447468014880447, 4.882915250168303e-17, 0.007101569215822543, 0.1014142878149785, -0.17840592953826312, 1.902258656039899e-08, -8.297431525436292e-18, 0.009001647530099553, -0.02142257635731672, -0.0021187181861317002, -7.381206140485152e-17, 0.0034561394061713925, 0.0207181310495652, -1.3601998198181398e-08, -1.671466280645403e-17, 0.009001684466789952, -0.021422578035265937, 0.002118742618143861, -1.574067366721163e-17, 0.0034561422420928962, -0.020718113324859726, -5.712587207609072e-09, -1.6113436284586018e-17, 0.009001685025598833, 0.021422509160762174, 0.0021187386359147894, -5.692771093744047e-18, 0.10141428908344342, 0.1784059264099514, 1.4131373443649531e-08, 1.028719970873959e-18, 0.009001654525302114, 0.02142254510461821, -0.002118731067814609, 2.2851175472722924e-17, 0.10212877162846548, -1.0175413233462701e-08, -0.2109636415158176, -1.0919978369176125e-17, 0.002016206804987248, -6.597138882381115e-09, 0.004368670005012185, -2.0428065555587972e-17, 0.0020161948585318314, 2.5643918692219555e-09, -0.004368684242244633, -4.523997164342868e-17, 0.10212875832495275, 1.1400677778085414e-08, 0.21096378847908442, 1.6578287465542753e-17, 0.006943696336290844, -0.0019032443253721536, 0.0013260811119438715, -3.773923437578198e-18, 0.006943712713433109, 0.001903259146582861, -0.0013261593533126779, -1.5411655850888852e-17, 0.00694370666529853, 0.0019032557549538021, 0.0013260405207356635, -7.327710717936433e-18, 0.006943693067453758, -0.0019032628893636465, -0.0013260498689636915, -1.369020422765345e-17, 0.032687433438059736, -0.0012365378627191325, -0.001236546559414733, 0.03268742069375386, -0.0012365392456022072, 0.03268741286791406, 0.03268742398174378, -0.0012365374822543072], [-2.1584374227490097e-10, -4.636491930962323e-09, 0.9998173193213319, 2.7803576168811156e-12, -3.210140127368724e-15, -3.239224912661448e-10, 8.404447581104381e-16, 1.0977260884420354e-09, 3.1603619881846805e-16, 3.68845785351429e-10, -3.7767930155693754e-11, -5.669899531132547e-10, -5.923704019232459e-07, -4.521883005017054e-11, -1.6240615698490977e-15, -5.7452557369413635e-05, 2.0819396141601855e-16, -2.4087120596439195e-10, 2.0202681097358032e-17, 1.9074413424910482e-10, 1.9702869271969507e-10, 1.9403874215260434e-09, 0.0001812138736881754, -2.9331841639333886e-11, -3.0238654320776313e-15, -3.673226375329765e-10, -2.870710477902347e-17, -6.955513530264343e-10, -1.1256592431088976e-16, -1.637990088656545e-10, -6.831351095848957e-11, -3.7405399803387854e-10, -5.923436262695084e-07, 8.154846518477978e-11, -1.748843212245397e-15, 5.745326729007793e-05, -2.570992791583583e-16, -2.1057549262142372e-10, 7.222996656479793e-17, -3.53063596327381e-10, 0.0003038753291868083, 0.0049993283015763905, 4.323768886965868e-07, -2.3895998574896025e-11, -2.817572539693466e-15, 2.762200492526463e-10, -4.939669979155655e-16, -0.0014212546884829341, -1.4981776015813402e-16, 0.005577722413280457, 2.0519890561174484e-10, 3.0297880405148046e-09, 5.829803778897733e-07, -1.273186772815454e-05, -1.3811658623747055e-15, -2.1671907743391926e-10, -6.903025806347531e-17, -5.908732961750073e-10, 7.091749395293338e-17, -2.395993604815463e-10, -0.00030387560711909355, -0.004999332557327258, 4.324436525265209e-07, 4.2358926264479404e-11, -2.6532191135250513e-15, -8.505202315540589e-11, -5.959238476010263e-16, 0.001421255080693445, -2.385881631312753e-16, -0.005577721361446142, 1.3391833570300293e-10, 1.5431707306297625e-09, 5.829418102048904e-07, 1.2731860877126176e-05, -1.2984166341391052e-15, -2.8230518986567396e-11, 1.6882494833971556e-16, -1.5669012894197625e-10, 7.288815418764416e-16, -4.383071540220226e-11, -0.0015541262582004912, -0.003691778012907537, -4.104344963357923e-10, -5.584939148046268e-16, -6.146224386630317e-05, -5.14594358895909e-08, -0.0001638785451726477, -6.283572573848778e-17, 0.001430408707920144, 0.0036865186535171416, -3.0293953332940384e-10, -2.1155667043913203e-16, -6.146159037902294e-05, -5.1888841534636246e-08, 0.00016387960396056035, -6.35513047857233e-16, -0.0014304095965232482, 0.003686516560111214, -8.363472420391293e-10, -5.94859906164285e-16, 6.146109723838038e-05, -4.948288207859712e-08, -0.00016387770582964253, -5.390612178136665e-16, 0.0015541281704386154, -0.0036917763349082026, -4.042104829894227e-11, -5.059402546988328e-16, 6.146100789971422e-05, -5.0951981643812845e-08, 0.0001638774976617903, -1.015840332336021e-16, 6.381902371367553e-10, -0.0006206830437389579, -1.083570772466638e-09, -2.9752124153521717e-16, -4.82993404287985e-10, 0.0004344102230295716, -1.2636407090056134e-09, -2.377729364931921e-16, -8.219377488005647e-10, 0.0004344108791185104, 8.936216939713196e-10, -9.904391016187928e-16, 1.0889509044992981e-09, -0.0006206833449345741, 1.5327914618968014e-09, -3.217268330677172e-16, -0.00032500555025516073, 9.248448353782335e-05, -0.00027254956813808163, -2.5821242926569934e-16, 0.0003250046372867355, 9.24850035895293e-05, -0.0002725453960273284, -4.988076765658789e-16, 0.0003250046224364857, 9.24849608426218e-05, 0.00027254640107060633, -4.570120958086614e-17, -0.0003250044533818718, 9.248333125315958e-05, 0.0002725492112009418, -4.706359525850848e-16, 0.0003936884938334783, 0.00012892762448775603, 0.00012892976159459965, 0.00039368391383269753, -0.00012892546306282583, -0.0003936871149783805, -0.0003936860656203573, -0.00012892654794468904], [2.0322515053791585e-10, 3.922628684981702e-09, 2.7803576168811156e-12, 0.9999249470810337, 6.756055826758987e-16, -1.8675800453693586e-10, 8.849762144007808e-16, -7.860709129609315e-10, 1.3942323962842077e-16, -3.56064126606035e-10, 0.0002691489658166237, 0.00481642977636174, 4.6630368251237594e-11, 4.6705974915623675e-07, -3.2555895924179413e-16, 6.376232525205575e-11, -1.1973747803896262e-15, -0.0013400021243908538, -4.3064837883677243e-16, -2.4779348458505827e-07, 4.0947035725823115e-11, 1.2350211631638355e-09, -2.4388007688884072e-11, 7.396982241684194e-05, 1.0111227088781192e-15, -2.1733341832222687e-10, 1.4485572921742765e-15, -2.433707913934565e-10, -1.451821810067568e-16, 4.721092536127625e-11, -0.0002691492083210809, -0.0048164322921770185, 3.8407470556764575e-11, 4.6698637184914983e-07, 2.4539510114068823e-16, 4.949144771761008e-11, -1.0307154091186453e-15, 0.0013400055308792104, -2.1845467072109053e-16, 2.4822190629490957e-07, -3.6404727475602576e-11, 1.1691223886094007e-09, 4.6340908869942444e-11, -4.0843742229576505e-07, -9.517019269380892e-17, -3.604872195727489e-05, 1.1531157534291688e-15, -5.047914733212983e-10, 2.85052245419927e-16, 5.27516266424852e-10, 1.6221615159038221e-10, 2.286442406765624e-09, 7.444046517312555e-05, 5.830128120879752e-07, -1.1313611243849667e-16, -6.606429790884339e-11, -1.5832020492169782e-15, -4.764941358472515e-10, 2.0109417022259218e-16, -2.7513460510604786e-10, -1.658802371155658e-10, -6.51679088272888e-11, -3.115567446203927e-11, -4.0848642144939424e-07, 2.77946966514317e-16, 3.604890669859308e-05, 1.3804746466225006e-15, -2.0138239959409435e-10, 3.0549754949145045e-16, 2.778993070914243e-09, 2.857667093229359e-10, 4.8252312881566855e-09, -7.444041816015015e-05, 5.828993883445136e-07, -4.9764793043650636e-18, -1.4383841451180993e-10, -1.3193278199184459e-15, -1.125996998264766e-09, -5.178239685186851e-16, -4.1479495649879246e-10, -1.100989290885429e-09, 7.660683002679494e-10, -0.0002291170432280422, -2.395424036887527e-16, -0.0008535146740003963, 0.001507417206168201, 7.969259453710643e-05, -5.25792165772022e-16, -8.052797971228097e-10, -1.6121645027131415e-10, 7.150226923985318e-05, -3.11037541263641e-16, 0.0008535132884555936, -0.0015074179211411946, 7.969243403070504e-05, 5.944621584282067e-16, -5.102591529002183e-10, 4.787140321632888e-10, 7.150264775811408e-05, 3.0395442585212763e-16, 0.0008535140907441741, 0.0015074185090478299, 7.969337825961877e-05, 2.070614410283633e-16, -8.327252121656815e-10, 2.8472250028431567e-11, -0.00022911764600307784, 1.9243359399556798e-16, -0.0008535146478266741, -0.0015074155587221807, 7.969270509039869e-05, -5.045667611966326e-16, -0.0009058700921102597, 3.1235672778581297e-10, -0.0015085063197962077, 9.977394555186644e-16, -0.0008009253144626754, -5.984061384550238e-10, 0.0015076711508163914, -1.0458398528359513e-15, 0.0008009250903543427, -2.0985370158758745e-10, 0.0015076725133705852, 1.5801428830974244e-15, 0.0009058689482440729, -3.3794071429981664e-10, -0.0015085098655492912, -6.886031091172303e-16, -5.281211319391659e-05, 0.0001505803229896024, 1.7438429949518533e-06, 9.2486338575622e-16, 5.281133968695909e-05, 0.00015058109258969036, 1.7464970429092255e-06, -1.0048838135619253e-15, -5.2812121716860056e-05, -0.0001505799714200055, 1.7411486534055817e-06, 1.3218449295589428e-15, 5.281020160767768e-05, -0.0001505798729035327, 1.745669839295672e-06, -1.0948976610821073e-15, 0.00034459542102056135, -0.0001017264267463552, 0.00010172940363611443, -0.0003445934275876923, 0.00010172799431696216, -0.00034459690003079357, 0.0003445953709289335, -0.000101729168511138], [-4.538288155732084e-17, -8.773887002087251e-17, -3.210140127368724e-15, 6.756055826758987e-16, 0.9999999827121407, 3.0928733545949994e-17, 5.839485947435626e-13, 3.575967316104623e-16, 3.812326227926078e-13, -2.0358890291630273e-16, -8.535830982742035e-16, 2.114070412096498e-16, -3.4093400607188238e-16, -9.714960637249174e-18, -2.2872112879300448e-09, 2.421240652429365e-16, 3.31831616094129e-08, 3.1410047447507167e-16, -2.492234197706175e-13, -1.8865438028069904e-16, -1.7068970324768202e-16, -1.6455171852215239e-16, -3.0377886737573654e-16, 7.776896442988267e-16, -1.1293864285182432e-09, -2.0190698072390584e-16, 1.130045449642513e-13, 3.973111461396257e-17, 1.0327708314252362e-13, -3.739743535747171e-16, 9.765160302867912e-16, -2.0979975465388045e-16, 3.060093848850464e-16, -3.364485125743173e-16, -2.287175916547643e-09, 3.292045976647714e-16, -3.318355559319141e-08, -5.244701466070115e-16, -2.5684930627827428e-14, 2.47710206178527e-16, -2.9723689785413003e-15, 6.501216299335762e-17, 1.0162750157628304e-15, -1.430797802631129e-16, -2.458194446720658e-09, 2.2415186989176607e-18, -2.8458162393063224e-13, -2.454255278228376e-16, 3.1201209699544824e-08, -2.3762232962456273e-16, -9.34313109880095e-16, 1.7994065581174505e-16, 1.3225555948316478e-15, 6.629949742189833e-16, 2.9840939382563516e-09, -1.2013160090016302e-16, -5.936605456844924e-14, 3.30872890258895e-16, 7.521617997267173e-14, -1.032621497862608e-16, 2.8429686806907037e-15, -1.43305730464733e-16, 7.415941455146846e-16, 9.920872648415845e-16, -2.458172422198916e-09, -5.3631018206578464e-17, -6.906918327567529e-14, 2.5105290717578135e-16, -3.120142235896316e-08, 1.657792468514387e-17, 7.670454773764032e-16, -1.178939990965399e-16, 6.1709778928122575e-16, -2.871009859311551e-15, 2.9842378338300076e-09, -8.096051301985867e-17, 2.7557529343635312e-14, -2.316846562408989e-16, -3.165634893698217e-14, 9.566232183137239e-17, 2.2193556631027277e-16, 4.000439575395653e-16, -3.3283317465551815e-16, 2.741345756048358e-07, -1.3799118352764408e-16, -2.049740206352179e-16, 6.213516855796413e-17, -1.1230228781488125e-07, 2.0570726196583203e-16, 3.498134987682243e-16, -1.916343941625316e-16, 4.5538789115486825e-08, -3.085256087344442e-16, -1.5139487972536975e-16, -4.7363084506025045e-17, -1.1230377122122423e-07, -1.168370664722135e-16, 9.339136157770017e-17, -3.4014400428519e-16, 4.553940844709396e-08, 3.957085831320378e-16, -2.0759491370099846e-16, 4.7536861497318004e-17, -1.1230376032313976e-07, -2.253400918061084e-17, 1.8784624442682998e-16, -2.6039536034267062e-17, 2.7413616398584317e-07, 2.258172422871975e-16, -4.522795235826323e-16, 9.863946165548455e-17, -1.1230387637716028e-07, -1.3606598235063507e-16, 2.2262961696872654e-16, 1.2289184169646709e-18, 2.7392127152161397e-07, -2.148456368070634e-16, 1.846738717767416e-16, -9.471634086351255e-17, 3.6832065304160796e-08, -2.1807542522158461e-16, 2.306234274317252e-16, 5.91660961980755e-17, 3.683173008103408e-08, 9.04505628259309e-17, 1.7393001842719543e-16, -3.002588638881221e-16, 2.7392384138215375e-07, 6.848429031947415e-18, -3.342163959720429e-16, -5.16656942803602e-18, -1.0203338514828861e-07, -4.2649420864448244e-16, -1.266677444129199e-16, 1.3881663823586951e-16, -1.0203516947363813e-07, 3.9410472113529777e-16, -2.324488084316296e-16, 1.0339693016518797e-16, -1.0203479691640699e-07, -1.3594348029420085e-16, -2.5598968698880655e-16, -3.3219185861642155e-18, -1.0203503818455353e-07, 1.9884889108929577e-17, -4.724482586963842e-18, -4.46973720863408e-17, 9.380319947549282e-17, -2.7057438678078016e-16, 4.1597704270794945e-17, -1.068702696855987e-16, -2.14222071140794e-16], [7.158716199379469e-10, 1.2482012084179702e-08, -3.239224912661448e-10, -1.8675800453693586e-10, 3.0928733545949994e-17, 0.9999639922361186, -3.1227574734288513e-16, -3.298107741204384e-09, -1.207244328376604e-16, -2.1667772642491218e-09, 1.980605238351144e-10, 4.856686951109497e-09, 4.2658507305131826e-05, 1.3862613152328434e-10, -1.1381184224581233e-16, -6.507833383556493e-08, 3.4231498654914984e-16, -1.7139999854355324e-09, -4.680050081781483e-17, 1.5857402911464878e-09, -3.016644781653895e-10, -5.183388640844635e-09, 3.2230879074297785e-10, 1.8457710327699984e-10, -7.309800295668463e-17, 3.489507449067769e-05, -1.3515272210005153e-16, 1.1811762186844128e-09, 1.1649194658318173e-16, -1.946213028760856e-09, -1.021851938242874e-09, -1.69053323409876e-08, -4.265856161598702e-05, -1.5347268634654145e-10, -1.6916354730826668e-17, -6.470081715562423e-08, 2.0577892621556579e-16, 4.399856248571534e-09, 9.265402925935574e-17, 1.723941458625895e-09, 1.2451618867648795e-09, 2.10951408739192e-08, 1.3756388093460157e-10, 4.102746178786475e-05, -1.6081339666049078e-17, 1.94847066741094e-07, 1.1961879971389164e-16, -6.632468303840577e-09, 6.2393497228277304e-18, 5.856016019929909e-09, -0.00012523546703424742, -0.0022439734429168558, 1.4612893995923434e-10, 4.561993273306328e-10, 2.8324743823091186e-16, -3.443032049178278e-07, -7.34471411486032e-17, 0.0006982596427470954, 9.188316205874722e-17, -3.117112696211203e-05, -1.4475541368815196e-09, -2.3236150129015107e-08, -1.4718660296910816e-10, -4.1027501562414375e-05, 6.861635725425447e-18, 1.948565944194652e-07, 3.071776208425111e-16, 6.493517997179451e-09, -1.3164380553083898e-16, 1.1851330369491659e-08, 0.00012523582542293797, 0.0022439709558081246, -1.624875614725741e-10, -4.1079728870106944e-10, 1.8211495340492683e-16, -3.4443523204724675e-07, -9.73752313745102e-17, -0.0006982585456620924, -1.7846120352025175e-17, 3.1168367640688966e-05, -7.556481892509309e-09, -6.185430756705635e-09, 0.0005606221642436726, -8.144855012027756e-17, 0.000689942216131629, 0.000783524143720097, -5.680979969490735e-05, -4.225750514695893e-17, 3.3476022342215904e-09, 1.2735775760289764e-09, -0.0004471285667690953, -7.059765908264538e-17, -0.0006899415283219647, -0.0007835240477125777, -5.681269895556163e-05, 7.146603712880227e-17, -3.61255498688402e-09, 1.1958887133420977e-08, 0.0004471272049409361, -4.8163369098696365e-17, 0.0006899470007989455, -0.0007835176972814677, 5.6815021668017435e-05, 5.869678789223007e-17, 2.019601946667369e-09, -6.584898827208723e-09, -0.0005606245476121576, -1.8339593070905646e-16, -0.0006899440311672143, 0.0007835170788608768, 5.681144671365894e-05, -8.076578989527813e-18, -3.956826789404296e-09, 0.000566366506252999, 4.635139337707636e-09, -5.221024853016762e-17, 1.4645783815468583e-10, 0.00045243763938120226, 1.4870807960251104e-09, -4.850689939485949e-17, 2.5027755767375145e-09, -0.00045243702778538134, 5.611791117767195e-09, 9.962818124422776e-17, 1.183790658696667e-09, -0.0005663707590729254, -1.1128440606940917e-08, 1.1658971032569398e-16, 0.0006821653934213616, -5.661630281254779e-05, 0.0007366786166082824, 1.5257979872840202e-16, 0.0006821761368128948, 5.661859520890853e-05, -0.0007366609913311261, -1.1754858631162477e-16, -0.0006821650655806568, -5.661657576463504e-05, -0.0007366858055447532, 1.14616990826637e-16, -0.0006821732105570286, 5.66177277356897e-05, 0.0007366686245558803, -4.937816344016134e-17, -0.001491379751979377, -0.0011237566352623983, 0.0011237619206067666, 0.0014913909500547577, -0.0011237515491623403, -0.001491394294281214, 0.001491386675664783, 0.0011237558198769015], [-2.6137695945008246e-18, -1.7531055662310683e-16, 8.404447581104381e-16, 8.849762144007808e-16, 5.839485947435626e-13, -3.1227574734288513e-16, 0.999999390963285, 2.6861805472046745e-16, 1.2204696356272188e-12, -2.2346834577415396e-17, -7.249561871978914e-16, 7.316226183284167e-17, 1.2664046025702078e-16, 2.9928164750305925e-16, -2.171765438247737e-08, -4.531867875950449e-16, 2.6175290968737294e-07, -2.9852410820618874e-16, -7.615911968551556e-13, 3.9528086983548866e-16, 4.573782993917161e-17, -1.4798413854032815e-16, 4.641309348855282e-16, -1.3568776443453927e-15, 2.2040916058382374e-14, 9.359216996055453e-18, 5.526601715487484e-08, -1.7413767331636243e-16, -2.3136668695320656e-13, 1.2321352913727138e-16, 2.617819898299862e-16, 2.553661728634497e-16, 5.179334988428099e-16, 3.3151613401842897e-16, 2.1717283872665755e-08, 4.6481699510969626e-17, 2.617556635728853e-07, 5.032283421672276e-16, -6.224099200224723e-13, -8.30634957334651e-17, 3.2837615818845703e-16, -2.8638509296469134e-16, -4.525109027557762e-16, -3.1756297828142854e-16, 9.647748058786303e-15, -1.5746282234330354e-16, 2.1487688320895072e-07, -4.994095897296275e-16, -2.6199707906501977e-12, -7.481466036105573e-17, 1.8731414509917103e-16, 1.224555205683019e-16, 6.277487652519355e-16, 5.642877012278151e-16, -1.236542342074932e-13, -6.339654486265563e-17, -2.2100507508643912e-07, 1.3360646824714324e-16, 1.475498774174199e-07, -3.4827962280717494e-17, -4.3484650899553985e-16, 2.8552402549036303e-18, -3.690723417642199e-16, -1.607526778748469e-16, 2.0580281095263946e-13, 2.2792088337032172e-17, 2.1487488129491621e-07, 5.521610172722979e-16, 1.5426529033376656e-12, 2.2048147030479038e-16, -2.2687376881130084e-16, -1.3412178408168206e-16, -1.890473831167385e-15, 3.1105499031268847e-16, -6.826232709529223e-14, -1.2296612106064364e-16, -2.2100860242360973e-07, 8.263773374703643e-17, -1.4754714360570871e-07, 1.0471201727821547e-16, -8.177203306451208e-17, -1.6276416572721537e-17, 4.148359087589313e-16, -1.2794253951695404e-11, 9.403690704975862e-17, -8.096364341840716e-16, -2.1593400654819108e-16, 5.734674480541645e-07, 1.4720148191942708e-16, -6.937796081715992e-17, -1.0091067733821524e-16, -1.4516045093328914e-12, 7.877833589382003e-16, 4.9060739089517e-16, -4.099553221726745e-16, -5.734520563310226e-07, -3.860649202058017e-16, 1.1778299051282101e-16, -2.63949736894064e-16, -6.650778774049159e-13, 5.090481004758341e-16, -5.995595628316428e-16, -4.281307266945825e-16, -5.734579855043939e-07, -2.4496944935178665e-16, 2.1227268522561474e-16, -4.809939090016785e-17, -5.854381333064739e-12, -4.583633580326873e-16, 5.038708555154093e-16, -1.5655370494396408e-16, 5.73465524648418e-07, 4.766347280647548e-16, 2.9412450966461336e-17, -4.71389210178942e-16, 2.2143262272328143e-06, 6.359383306153022e-16, -4.915456181164619e-19, 2.3079684308827354e-16, 2.01595905416325e-07, -3.715593053170819e-16, -2.624378105672256e-16, 4.099630556540215e-16, -2.0159909517926804e-07, -2.894594117184812e-16, 7.324618225833253e-17, -5.453133894479215e-16, -2.2143574462465954e-06, 6.347678200869377e-17, 4.947722481720518e-16, -8.072610023680453e-17, -9.391780541840036e-07, 4.04196110727028e-16, 1.950764263003861e-16, -6.669864917803894e-16, 9.391896110004061e-07, -8.552670052711059e-17, -4.9576766930731636e-17, 2.8842536386692283e-16, -9.391797972968429e-07, 6.435076318331435e-17, 1.1298710654822757e-17, 2.056307904851831e-16, 9.391949635814952e-07, 8.083088601123071e-17, 7.037409693013115e-17, -1.4372883565706976e-17, -1.2431643267224067e-16, 1.4088642578203882e-16, 3.701557863157047e-17, 1.6577513005141852e-17, 4.025421891236842e-17], [0.008588352302424222, 0.15114322534175284, 1.0977260884420354e-09, -7.860709129609315e-10, 3.575967316104623e-16, -3.298107741204384e-09, 2.6861805472046745e-16, 0.9609371367562436, -1.680516477911631e-16, -0.0032754290033943476, -0.0013335968693059302, 0.001790982674693437, 7.648290538888742e-10, 0.0012927792781118536, 1.6061319782328057e-18, 5.740811037556865e-09, -9.311771020128161e-17, -0.0005662757585474361, 1.9784328476469157e-16, 0.007798149297115296, -5.9258033795550174e-05, -0.0008622454307866538, -6.164141683884281e-11, 4.91691763692414e-10, -1.4809730069535941e-16, -2.184530529322296e-09, 8.147830588226606e-17, 0.00019174057149163324, -8.284492140695976e-18, -0.0015838065395256079, -0.0013335963759556898, 0.0017910181739888946, 8.112677279308123e-12, -0.0012927811033368105, 7.508856438198397e-18, 5.13215157676738e-09, 1.5790697054317044e-16, -0.0005662882058048715, 3.5051813140473375e-17, 0.007798181604672782, -0.001261424797130258, 0.001500528441231947, 0.0012643364829933695, 4.086830116499965e-10, 4.835309882986609e-17, 3.165416080545979e-09, -7.295445269288615e-17, -0.000583128235865442, -4.30244013324997e-17, -0.002718904733254821, -0.0001678850457609646, 0.003644728751607101, 6.265143729494937e-10, 4.546400976597037e-10, 5.208235159801973e-17, 0.0006982632789411347, -4.337164415741445e-17, -0.0015673782444593169, -7.736034110991354e-17, -0.0012948543454121219, -0.0012614247962567029, 0.0015005503146576652, -0.0012643369544061336, 3.8675662398015855e-10, -7.195925265465283e-17, 3.713286112938089e-09, -6.103362346729375e-17, -0.0005831286318506101, 5.944873152870775e-17, -0.002718924271355674, -0.00016788501441472383, 0.0036447786794331365, 2.34403442032403e-10, 2.590658882542958e-10, -2.893361591599267e-17, -0.0006982619703209358, -1.839655099549034e-17, -0.0015673852789428906, 3.677409266292882e-17, -0.0012948471664948524, -0.028699281061913003, 0.04587650251383571, -4.578601589644643e-09, 1.0565549696820426e-16, -0.0035658596500964014, 0.0040094536359472485, 0.004533331807536583, -1.0321198085532593e-16, 0.0003772411283241309, -0.002648016162845069, 2.0534394787522424e-09, -4.5086730428474996e-17, -0.003565876476248097, 0.004009453666463049, -0.00453333773222721, -7.995411066220521e-18, 0.0003772404016969377, 0.002648014817543588, 3.32160972897325e-09, -3.463070004362749e-17, -0.0035658721540043755, -0.004009442914348137, -0.004533337907295135, 5.3824537594508447e-17, -0.02869928159484057, -0.045876505165052775, -6.00855873794176e-09, -2.7304571608775155e-17, -0.0035658665131168376, -0.004009438050608149, 0.004533336609554505, 5.3519138568130694e-17, -0.02906313398059662, 3.3198405028552858e-09, 0.05245908034154026, 3.5535760320334985e-17, 0.0005354211689165339, 3.6050417017467113e-09, -0.0018023909967258885, -1.2285504873776654e-17, 0.0005354203256369583, -1.3193174886122702e-09, 0.0018023858077126126, -1.0433834666079044e-16, -0.029063134290860645, -4.716852515185018e-09, -0.05245910965796993, 5.689583956589055e-17, -0.0032525681985819946, 0.004448747418553159, -8.637847692579154e-05, 4.8738975094161504e-17, -0.0032525758749577848, -0.004448749857511366, 8.638972601487223e-05, -3.2642016272601066e-18, -0.003252579433686252, -0.00444875059845463, -8.636779543040447e-05, -8.227861273230678e-18, -0.003252572519849045, 0.004448751434576592, 8.638012665053954e-05, -7.050103060784707e-17, 0.015921129757644002, 0.0008547632141660523, 0.0008547675527595087, 0.015921131712813473, 0.0008547612066298189, 0.015921129723656672, 0.01592113588034116, 0.0008547685846287253], [-9.464060511720753e-17, -1.393016189800339e-16, 3.1603619881846805e-16, 1.3942323962842077e-16, 3.812326227926078e-13, -1.207244328376604e-16, 1.2204696356272188e-12, -1.680516477911631e-16, 0.9999993479630904, 1.634058866539793e-17, 5.950438445397136e-16, -4.5262164773555e-17, 2.9169068674831874e-16, 1.9723633086117684e-16, 3.0326052103038714e-14, -3.248583276855564e-16, -1.8590303469825415e-12, 1.0715565643436932e-16, 2.141240149735886e-07, -3.691638381663019e-16, -1.814318593556463e-16, -1.0350819282818911e-16, 8.081343982807806e-17, -2.7119009658705917e-16, 2.202817361930394e-14, -3.723553505123106e-17, -1.460293419174338e-13, -1.4690495522096011e-16, 9.359817952594199e-08, -2.295280548513732e-16, -3.729273333110141e-16, -1.2330362979947253e-16, 1.25420065325705e-16, -8.76518842387892e-17, 1.5238148674265592e-13, -1.9403519225256547e-16, 1.3605665797555845e-12, -2.9444041158982386e-16, 2.1412218481739732e-07, 4.224135567074977e-17, 2.233841230813016e-16, 7.030348028507195e-17, 5.329840549184946e-17, -1.0219261718340229e-16, -2.5898847358486052e-08, -6.17671197253886e-17, -1.2689507808706723e-12, 3.1021129328555903e-17, 2.640636613889239e-07, -1.3388919446193404e-16, 1.231574411837133e-16, 8.326555024345689e-17, -3.5025048194508544e-16, -8.580304126172894e-17, 1.260931809020921e-14, -2.0362411546477098e-17, 1.9547326138000554e-07, 2.033669676522385e-16, -2.2100547260642893e-07, 1.1892575384967592e-16, -5.114471916243269e-18, 3.5699453299984115e-17, -6.926928174639751e-17, -1.973292787682621e-16, 2.589858185604774e-08, 1.8338579135731043e-16, -5.044068137493604e-14, 2.581704107144287e-16, 2.6406493650813724e-07, 1.1673376728868082e-16, -5.207652299752779e-18, -7.276054494262965e-20, 2.905382241356083e-16, 1.6823831423650362e-16, 1.2983409917805837e-13, -1.1940890754447302e-17, -1.9547129843847734e-07, -1.3611878564954773e-16, -2.2100919363311187e-07, -1.0946621428722245e-16, 1.9287994405721966e-16, 2.0284048904328583e-16, 1.165873817195818e-16, 2.3817169585014133e-06, 1.724424331349205e-16, 1.1635010110439249e-16, 1.3387284250328748e-16, -9.460526327335854e-07, 2.312614013111807e-16, 2.089719065514703e-16, 1.5889611347356493e-16, -3.6449477311368067e-07, -1.2334897166323212e-16, -3.385833474352068e-17, 9.745885483165556e-17, -9.460589294931897e-07, 2.864357008249095e-18, 1.7289612639352037e-18, 7.395901236566635e-17, 3.6449217651096755e-07, -3.1027169143778644e-17, 1.1542080672267363e-16, -2.7656147315976696e-16, 9.460609736648136e-07, 6.1295462966857765e-18, -2.588524623070377e-17, 5.0531613314752514e-17, -2.3817361663576204e-06, -1.7673957476452859e-16, -1.801714046891484e-16, -1.6797484376121715e-16, 9.460637138662587e-07, 1.4734982343065387e-16, 7.106784409719291e-17, -2.6113612220946243e-16, -7.834366127152009e-12, -3.043580157105652e-16, -2.7981328581189586e-17, 4.856131544661231e-17, -1.195777118061416e-12, 5.752436231886558e-17, 1.6627397866929104e-16, -4.922376194056065e-17, -1.9687087061861216e-12, -8.986415589472937e-17, -3.1626045173864567e-17, -2.3724024012400686e-16, -3.02612043089805e-12, -1.884608102822337e-16, -1.0321496576845811e-16, -2.4403479747328943e-16, 7.716479124649814e-07, 1.87446450710534e-16, 8.68370924008935e-17, 2.4079758689302303e-16, -7.716386387659933e-07, -1.2870709313050998e-17, 6.647735689143205e-17, 2.1371301947548367e-16, -7.716382889195804e-07, -1.6591827180628872e-16, 1.4623981290185644e-16, -3.387743112172931e-17, 7.716424897569055e-07, -3.3418045921195733e-17, 2.29091198790318e-17, 8.451697773543448e-18, -1.6611854453238117e-16, -1.4236585537831187e-17, 1.366836621270223e-16, 3.310844184982795e-17, 7.38155221931926e-17], [0.0002269050237934686, 0.014935241215666636, 3.68845785351429e-10, -3.56064126606035e-10, -2.0358890291630273e-16, -2.1667772642491218e-09, -2.2346834577415396e-17, -0.0032754290033943476, 1.634058866539793e-17, 0.9878793668041074, -0.00127769804248505, -0.018981674731452396, -1.0528601260923964e-10, 5.554617795894584e-05, 3.526860599826973e-17, 8.275580184560853e-10, 1.1585230752464786e-16, 0.005294386836934386, 5.102699981408215e-17, 0.009159937313261137, -0.00013980262731805356, 0.008478845183210987, -1.61451898567608e-10, 5.854609636256971e-10, 1.0905499544214292e-16, 3.2597720046642025e-10, 3.781747549183873e-18, -0.0015838072489085565, 1.3592405082030392e-16, -0.01204362043315976, -0.001277697436670355, -0.01898166076192505, 2.953901965014068e-10, -5.5547273044545214e-05, 2.828612189605324e-17, -2.872069203634127e-10, -5.2781083213797573e-17, 0.005294390058841533, 8.212944992816344e-17, 0.009159990720265234, 0.001384567844047988, 0.022175858152648102, 5.386182339053482e-05, -3.2470765701771324e-10, 2.999504601003862e-18, 1.4977703122601925e-09, -1.3294739274208457e-16, -0.006296737915993527, -8.347579533725477e-17, 0.04621395764583077, 3.865120834340118e-05, -0.0071015813307190616, -7.214429122405662e-10, -8.902945695815603e-11, -8.941588907014121e-17, 3.117098682169218e-05, -1.414841831284295e-16, 0.0012948527502931, -5.318563099717081e-17, -0.005938118505104236, 0.0013845691724540408, 0.022175877453700123, -5.386088968693538e-05, 4.3719853804201294e-11, -5.735913328580613e-17, 2.174645368629038e-09, -1.0682008185881801e-16, -0.006296736015286164, -1.2147079042481632e-16, 0.04621396787373132, 3.8650177176764665e-05, -0.007101579190377613, 4.196021917706075e-10, 1.4047764343121091e-10, -9.002885253251426e-17, -3.117015767069963e-05, -7.571246975023064e-17, 0.0012948515825233443, 6.718295994539775e-18, -0.005938099468964999, -0.009815672969433876, -0.023680059384655113, -1.1806065144029774e-09, -1.0415480437637154e-16, 0.004058031232949682, 0.005314781551261155, 0.00023016680864788302, 3.8343297067506585e-17, -0.008527720982260392, -0.025739634727773072, 3.0877796114906766e-09, -1.9310580019324907e-17, 0.004058019657948619, 0.005314804302825765, -0.0002301693002253352, -7.784691741248521e-17, -0.008527721950454412, 0.025739623474370053, -3.5702853486869433e-09, 2.865649632739148e-18, 0.00405802198139474, -0.005314797595449101, -0.00023016491803357767, -1.3036142350777786e-17, -0.009815675970763093, 0.023680072020082002, -1.888907853822116e-09, 2.5229834443427543e-17, 0.004058029906974407, -0.005314780595703445, 0.00023016872925617267, 7.528129177469481e-17, 2.9850178253456093e-06, 4.151436056871171e-10, 0.022066603616786966, -6.638724370324338e-17, 0.001312009181979451, 3.6129031111644836e-09, -0.019903789966185637, 3.842300906291991e-17, 0.0013120110720385115, -3.90117499817488e-09, 0.0199038014475955, 3.1706133239289214e-17, 2.987207227540641e-06, -1.0079467397799323e-09, -0.022066625686148623, 9.51981390965424e-17, 0.0012407463276652656, 0.00022842353033185087, -0.008865960098897127, 3.030997825873629e-17, 0.0012407454812336897, -0.00022842920614883354, 0.008865948599949294, 1.7346488294037104e-17, 0.001240747810778568, -0.00022842493807610564, -0.0088659410397203, -8.550686974424155e-17, 0.0012407485788100193, 0.00022842576923935227, 0.008865943253768776, -2.502167877291522e-17, 0.0008567163417374712, -6.627877729258998e-06, -6.628550291035383e-06, 0.0008567188344413627, -6.625764290252959e-06, 0.0008567202798665091, 0.0008567102765987004, -6.626610569851471e-06], [0.0004978939194050738, 0.0043069362248817945, -3.7767930155693754e-11, 0.0002691489658166237, -8.535830982742035e-16, 1.980605238351144e-10, -7.249561871978914e-16, -0.0013335968693059302, 5.950438445397136e-16, -0.00127769804248505, 0.997865334672769, -0.03483214987897606, -1.9334162400744034e-10, -1.5695065965490984e-11, 2.7116864693820977e-16, -2.2269027837602845e-10, -2.1432462557801343e-16, 0.00945909741297577, -2.3173689701358305e-16, -4.147670742684059e-10, 0.0004978939009215434, 0.004306935109595723, 1.1466555484936897e-10, -0.0002691491883950726, -1.1114087672154932e-15, 1.1295283903012765e-09, 2.835256285959776e-16, -0.0013335972822944883, -2.7237220264915977e-16, -0.0012776997306479722, -0.0001406598976056241, 0.0007410283761449262, 2.4772295568241602e-11, -1.2672381663329923e-10, 6.342564471456063e-16, -8.476362089156145e-10, -1.490103861348093e-16, -3.3217033661077734e-05, 2.3751346029841366e-16, -4.0951167098078766e-11, -2.614615118419595e-05, 0.0008602130688757413, -1.0437305893193975e-10, 4.0928296978437527e-10, -1.0361641684194131e-15, 0.00011347486489947903, 1.8450357369141523e-16, -0.000276953621533115, 7.156480533522447e-17, -9.470772782147477e-10, 0.0004978937232216681, 0.004306934096063187, -0.0002691491665439703, 6.848425833848213e-11, 4.1115085367471884e-16, 2.268392605527244e-10, 2.405956542460917e-16, -0.0013335971971815224, 9.278915977722885e-17, 0.00127770027766042, -2.6146040761883615e-05, 0.0008602113358643649, 4.390017192824289e-10, -1.975756477525248e-10, -3.7789461400051804e-16, -0.0001134752182410813, -4.928590163110052e-17, -0.0002769519986249408, -5.749271229837501e-17, -4.557784178735203e-11, 0.0004978940097079157, 0.0043069363582697575, 0.0002691490928591497, 9.10385933364465e-11, 6.38500052275224e-16, 6.397845862321437e-10, -7.462576813402053e-17, -0.0013335960192582248, -2.124104333100814e-16, 0.0012776967455770197, -0.0009070699123758487, 0.00031721943261638346, 1.733403074826143e-07, 5.744957835920687e-17, 0.0045968842420905515, -0.012417479137718785, 4.0744887142759463e-10, -6.71217767338614e-17, -0.0009070687587548775, 0.00031722182297670275, -1.725684624302679e-07, -4.387784819019867e-16, -0.0009498020479440526, -0.0013634862727704784, 6.66735335069302e-10, -1.818483630634174e-17, -0.0009070692152265363, -0.0003172249554546839, -1.7400665726627942e-07, 3.106251512908529e-17, -0.0009498020521657945, 0.0013634878395924258, 3.073853971094873e-11, -7.288969035144577e-17, -0.0009070696254152893, -0.00031722021546307783, 1.7065490035574333e-07, -2.568048749025783e-16, 0.004596884140179977, 0.012417474891151685, 1.6789925273447096e-09, -9.462291308871354e-17, 0.004596884890758032, -2.2364781526498242e-09, 0.012417477205336362, -3.7671343569679293e-16, 0.004596883316031555, 1.9824238748026685e-09, -0.012417478342947515, -2.695638047244521e-16, -0.0009498027990856297, -3.125312602154364e-10, 0.0013634858162966095, 1.521916347034819e-16, -0.0009498017165773323, -1.6555711318201536e-10, -0.0013634889992663534, 6.9617338504248465e-19, -0.0009070692458312997, -1.738170916256306e-07, -0.00031721749740700833, -1.9427311573229897e-16, -0.0009070698713468334, -1.7349846727900072e-07, 0.0003172174448559937, 3.1730255759272107e-16, -0.0009070699151209312, 1.7253995569075368e-07, -0.00031722277384352965, 4.607051242755367e-16, -0.0009070696824641658, 1.712390688197575e-07, 0.0003172262419172511, -5.70923128304964e-17, 0.0019836966629909556, 0.0019836995576641803, -0.00036204017184185265, -0.0003620422778627498, -0.0003620415735253642, -0.0003620431534037889, 0.0019836975350250416, 0.0019837005012647005], [0.003988277466198166, -0.030625717586223896, -5.669899531132547e-10, 0.00481642977636174, 2.114070412096498e-16, 4.856686951109497e-09, 7.316226183284167e-17, 0.001790982674693437, -4.5262164773555e-17, -0.018981674731452396, -0.03483214987897606, 0.3656742693272457, -4.5313851849526985e-09, -1.7173488874102987e-10, 7.083180329822304e-17, 1.697118722923154e-09, -1.2038582612952007e-16, 0.16999243239542716, 1.5214