{"E": -1.8421567475600E+03, "iao_dmu": [[0.9977998016872491, -0.035064239484981205, -2.1584376752359205e-10, 2.0322513528499143e-10, -2.8625473784549874e-17, 7.158716793147416e-10, -3.453925664058812e-17, 0.008588352302424173, -5.888886882186352e-18, 0.00022690502379344363, 0.0004978939194050757, 0.00398827746619814, -1.1292716895785915e-10, -0.00029397683102940793, -5.131553308757794e-17, -1.4440763733701512e-09, 7.966667850893215e-17, -0.0013818190590816882, -1.3501584752310383e-17, -0.0015328854555457109, -0.00013745006026504348, 0.0009594516865142125, -1.7244907303916325e-11, -1.0569323452543711e-10, -7.329578127209644e-17, 4.416658493768036e-10, -4.977156438548782e-17, -5.9257701772114106e-05, -1.3620599832912866e-16, -0.00013980263414204163, 0.0004978938667610299, 0.003988274408710846, -1.0087983681277765e-10, 0.0002939771673035065, 4.650049473738385e-17, -8.955092911811142e-10, -9.259217255836916e-17, -0.0013818218611768003, -6.599067268661874e-17, -0.0015328913661275363, 0.000520585895081164, 0.004113872733466304, -0.0002894221632793518, -9.723662909639689e-11, -3.8071639749422415e-17, -1.0158155686090104e-09, -1.080882819019204e-16, -0.0014315884839063793, -2.7578106502905387e-17, 0.003167799910025079, -2.031619264167214e-05, 0.0004749599287897991, -1.8816575437123168e-10, -2.3859724487634654e-10, 6.721708684280879e-17, -0.00012523635736890745, 4.964304445030033e-17, -0.00016788516524371815, -1.990541536462768e-17, -3.8650466562594986e-05, 0.0005205860841910567, 0.00411387185465141, 0.0002894222823431446, -1.491381574592504e-10, 2.3799503788223703e-17, -4.512878837943784e-10, 5.241044063061039e-18, -0.0014315895460579107, -3.029937591382207e-17, 0.0031678017022407365, -2.0315783431937597e-05, 0.0004749562701408837, -8.467060056891041e-12, 5.408917209628675e-11, -8.09061787961435e-17, 0.00012523608765813052, 3.6206652652545274e-17, -0.00016788489505759405, 2.2007592127671983e-17, -3.865087301713629e-05, 0.004369976292707077, -0.013110121715034957, 1.3805304415968505e-09, 1.5106932537231956e-17, -0.0007548336142241983, 0.00030571269531149727, -3.9334160739000154e-05, 1.0530895342046193e-16, -0.0011257431669292333, -0.0017225872976484042, -3.3449137330316856e-10, -3.28585470833187e-17, -0.0007548326425126892, 0.0003057107592263319, 3.933493608983914e-05, -2.931162948051967e-17, -0.0011257427998406383, 0.0017225880255116414, -4.1879517776851814e-10, 2.128594019214576e-18, -0.0007548318806276551, -0.0003057160788582232, 3.933491168623954e-05, -7.563394333267507e-17, 0.0043699758934512035, 0.01311012258855291, 1.0400468363688898e-09, -3.389895322865042e-18, -0.0007548339098281023, -0.00030571320258315304, -3.933456463806682e-05, -1.7185918940366278e-18, 0.004646092115544547, 1.170436616827368e-10, -0.012878767253825195, 5.3096554226799013e-17, -0.0009729546918364268, -3.5623136730231656e-10, 0.0010706795577161109, 8.028061772709721e-18, -0.0009729553708949058, -2.188731535737366e-11, -0.0010706776301370319, 7.811672837971012e-18, 0.004646091098120149, 8.503189782179323e-10, 0.012878773615207123, -2.926393280447121e-17, -0.0006500763621675113, -2.7612176766004224e-05, 4.7391339611542556e-05, 3.767177807778748e-18, -0.0006500754141729753, 2.7612548906918483e-05, -4.73963130461232e-05, 2.4539521091385097e-17, -0.0006500761348261992, 2.7612398403746892e-05, 4.738987535454514e-05, -1.3550334546740235e-17, -0.0006500769447497534, -2.761284978991758e-05, -4.7390140999504524e-05, 3.0576590405416765e-18, 0.0020203834583904256, -0.0003948806471341787, -0.00039488195529282285, 0.002020387444953214, -0.00039487971067385727, 0.0020203866300923163, 0.0020203862130022893, -0.00039488171877926644], [-0.035064239484981205, 0.37183313783671085, -4.636491960241538e-09, 3.922628712828721e-09, -1.1291486825285119e-16, 1.2482012061997823e-08, -1.572651781244727e-16, 0.15114322534175284, -1.671433337247919e-16, 0.014935241215666625, 0.0043069362248817885, -0.03062571758622389, -2.2593789900278205e-09, -0.005153776017782854, 8.960556484401696e-17, -2.0942202205845306e-08, -1.1477772619695894e-16, 0.002558813049817788, -2.4955890081710603e-16, -0.03290991241823473, 0.000959448120583586, 0.001277736675710716, 6.340391595484178e-10, -2.954514882610521e-09, -1.1892847550126006e-16, 9.311080809823482e-09, 2.407010854392211e-18, -0.000862224298547261, 8.917284107170289e-17, 0.008478854493172323, 0.004306940092449293, -0.03062576448318562, -6.565427985699718e-10, 0.005153782852164778, 3.5529578108911845e-17, -2.013733657269518e-08, 1.837679208412833e-17, 0.0025588379123776908, 1.5025461702063452e-17, -0.03291005310575949, 0.004003927004153997, -0.029299534894419665, -0.0050709697512806105, -5.757723663207016e-10, 3.99560757004455e-17, -1.2323905547242597e-08, -2.652124988922139e-17, 0.0026646787310863934, -3.538090180302731e-17, 0.0002828464299655295, 0.0004749570269392224, -0.026483421376221537, -3.2437680540170857e-09, -2.9684153329373366e-09, -4.172223333222937e-17, -0.002243989279284588, 1.3050185534797927e-17, 0.0036447423538386757, 1.266123275234296e-17, 0.007101603217579852, 0.004003929322828102, -0.02929957764413406, 0.0050709712322425165, -2.499066550919431e-09, 8.613395394994901e-18, -1.4549888140674562e-08, -5.165310023860923e-18, 0.0026646679722290914, -7.511182491965107e-17, 0.00028285639367691534, 0.0004749625929080478, -0.026483513459383805, -3.667719113849162e-11, -1.396794638177158e-10, -3.664068741270792e-17, 0.00224398294398117, -4.3892931145155066e-17, 0.0036447468014880503, 6.910365100549853e-17, 0.007101569215822497, 0.10141428781497844, -0.17840592953826304, 1.9022586530772985e-08, -2.4210593425846763e-17, 0.009001647530099624, -0.021422576357316703, -0.0021187181861317007, -8.300301578244081e-17, 0.003456139406171346, 0.02071813104956526, -1.3601998199449646e-08, 2.1401121369531408e-17, 0.009001684466790016, -0.0214225780352659, 0.002118742618143855, -3.308289498586341e-17, 0.0034561422420929474, -0.02071811332485973, -5.71258721983162e-09, -1.8155967329367174e-17, 0.009001685025598772, 0.021422509160762163, 0.002118738635914785, -4.482804699290512e-18, 0.1014142890834435, 0.17840592640995143, 1.413137342392797e-08, -2.0547508833523333e-17, 0.009001654525302053, 0.021422545104618235, -0.002118731067814642, 4.668681414287228e-17, 0.1021287716284654, -1.0175413223140837e-08, -0.21096364151581756, -5.157177444066993e-18, 0.0020162068049872413, -6.597138874964931e-09, 0.004368670005012174, -7.845201416192666e-18, 0.0020161948585318066, 2.5643918770408765e-09, -0.004368684242244632, -5.5334297527942014e-17, 0.10212875832495277, 1.1400677792362142e-08, 0.2109637884790844, 9.146289320011111e-18, 0.006943696336290877, -0.0019032443253721304, 0.001326081111943872, 1.2654021440169421e-18, 0.006943712713433092, 0.001903259146582874, -0.0013261593533126675, -2.4193968794146908e-17, 0.006943706665298544, 0.001903255754953842, 0.0013260405207356927, -2.5958133912494417e-17, 0.006943693067453728, -0.0019032628893636161, -0.001326049868963696, 5.779576494832207e-18, 0.03268743343805971, -0.001236537862719137, -0.0012365465594147325, 0.03268742069375385, -0.0012365392456022324, 0.03268741286791411, 0.0326874239817438, -0.0012365374822543207], [-2.1584376752359205e-10, -4.636491960241538e-09, 0.9998173193213326, 2.7803315425715883e-12, -3.358466891823208e-15, -3.2392248219445566e-10, 9.066522094215339e-16, 1.0977260984084984e-09, 3.8094880405395573e-16, 3.6884573536009043e-10, -3.776795671585986e-11, -5.669899620358663e-10, -5.92370401978196e-07, -4.5218788682107665e-11, -1.6007526514028157e-15, -5.745255736941517e-05, 1.480134306548476e-16, -2.4087120844826286e-10, 7.816118318978592e-17, 1.9074411146085986e-10, 1.970287123326286e-10, 1.9403874164877322e-09, 0.00018121387368823317, -2.9331807429233125e-11, -2.905204800798416e-15, -3.673226817213307e-10, -3.124196572363762e-17, -6.955514507550772e-10, -1.3903511353051923e-16, -1.6379906001787294e-10, -6.831350949851566e-11, -3.7405403607509734e-10, -5.923436261716595e-07, 8.154848580286856e-11, -1.814114286346662e-15, 5.7453267290153214e-05, -2.590271915296995e-16, -2.10575482872968e-10, 3.1989780887195794e-17, -3.530635957592422e-10, 0.0003038753291869187, 0.004999328301576375, 4.323768887515728e-07, -2.389599991367026e-11, -2.847954968026147e-15, 2.762200579746403e-10, -5.336969883751213e-16, -0.001421254688482941, -7.415586268627628e-17, 0.005577722413280412, 2.05198933758511e-10, 3.0297880387590745e-09, 5.829803778359828e-07, -1.2731867728350994e-05, -1.3697119993005267e-15, -2.1671904009435152e-10, -3.638368884849934e-17, -5.908733981508516e-10, 1.192532592622552e-17, -2.39599371868324e-10, -0.00030387560711914776, -0.004999332557327232, 4.3244365258192364e-07, 4.2358925153169224e-11, -2.590816998637126e-15, -8.50520045139383e-11, -5.335988658483277e-16, 0.0014212550806934324, -1.67014894669847e-16, -0.005577721361446091, 1.3391827340974766e-10, 1.5431707484984842e-09, 5.829418102481774e-07, 1.2731860877186924e-05, -1.3125276788444322e-15, -2.8230508527654986e-11, 1.8955185116369419e-16, -1.5669012877270532e-10, 7.171385602086741e-16, -4.383066845352513e-11, -0.0015541262582004953, -0.0036917780129075424, -4.10434544381775e-10, -5.576449712754231e-16, -6.146224386635559e-05, -5.14594358859296e-08, -0.00016387854517264943, -4.8184387338634853e-17, 0.0014304087079202326, 0.0036865186535172396, -3.0293954761196886e-10, -2.620386915996005e-16, -6.146159037906496e-05, -5.188884158119061e-08, 0.0001638796039605782, -6.101281875767089e-16, -0.0014304095965233781, 0.003686516560111277, -8.363472254394137e-10, -5.567259994384711e-16, 6.146109723844441e-05, -4.9482882124765104e-08, -0.00016387770582971213, -5.647600454545333e-16, 0.0015541281704385293, -0.003691776334908269, -4.0421049953668806e-11, -5.148295597332385e-16, 6.146100789981806e-05, -5.09519816525475e-08, 0.00016387749766176557, -1.4801717066720221e-16, 6.381902819109048e-10, -0.0006206830437389815, -1.0835708141165358e-09, -3.088265681167996e-16, -4.82993458950533e-10, 0.00043441022302958816, -1.263640661688589e-09, -2.1273449532858338e-16, -8.219377090037114e-10, 0.0004344108791185003, 8.936216551679516e-10, -9.885256663818955e-16, 1.088950837003887e-09, -0.0006206833449344904, 1.5327914314612656e-09, -3.6603963305130224e-16, -0.000325005550255158, 9.248448353780641e-05, -0.000272549568138061, -3.2908153910192597e-16, 0.00032500463728680313, 9.24850035895308e-05, -0.0002725453960273278, -4.836783193348734e-16, 0.0003250046224364318, 9.248496084268538e-05, 0.00027254640107062634, -4.8358220637859873e-17, -0.0003250044533818128, 9.248333125319717e-05, 0.0002725492112009627, -4.1566708465515e-16, 0.0003936884938334622, 0.00012892762448774112, 0.00012892976159455265, 0.00039368391383272323, -0.00012892546306282374, -0.0003936871149783922, -0.00039368606562033336, -0.00012892654794470284], [2.0322513528499143e-10, 3.922628712828721e-09, 2.7803315425715883e-12, 0.9999249470810332, 5.695659162148541e-16, -1.867580083795946e-10, 8.97852077668075e-16, -7.860708617601011e-10, 6.502199989634409e-17, -3.5606406807130427e-10, 0.00026914896581656895, 0.004816429776361776, 4.663030757102303e-11, 4.6705974915850844e-07, -3.7878138068839504e-16, 6.376233312100387e-11, -1.1190746197614047e-15, -0.0013400021243908673, -3.5754947816336527e-16, -2.4779348457049915e-07, 4.094700376279676e-11, 1.23502113114837e-09, -2.4388042522605764e-11, 7.396982241686383e-05, 9.98347108076678e-16, -2.173332999428294e-10, 1.3699499560909476e-15, -2.4337084743501034e-10, -1.8931471241453945e-16, 4.721095004671098e-11, -0.0002691492083210791, -0.004816432292177099, 3.840744759113346e-11, 4.669863719043713e-07, 3.659938429545181e-16, 4.949141977720941e-11, -9.572859821550841e-16, 0.0013400055308792661, -2.0098646067114152e-16, 2.4822190628902385e-07, -3.6404684930327516e-11, 1.1691223854186832e-09, 4.6340896390488585e-11, -4.084374222256187e-07, 2.0204891367659865e-17, -3.6048721957279534e-05, 1.2546019739275276e-15, -5.047915364597726e-10, 2.1569214689466578e-16, 5.275163163707364e-10, 1.6221617309020696e-10, 2.286442436649413e-09, 7.444046517306676e-05, 5.830128121413902e-07, -1.5997703999159346e-16, -6.606429852190338e-11, -1.601601760133672e-15, -4.764940926077927e-10, 2.455764272453301e-16, -2.751345846350675e-10, -1.658802448674462e-10, -6.516790114683413e-11, -3.1155645532496297e-11, -4.0848642149864487e-07, 3.412785646825024e-16, 3.604890669860072e-05, 1.3540603825104667e-15, -2.013824099939235e-10, 2.6493577961448337e-16, 2.77899308732544e-09, 2.857667026493673e-10, 4.825231308586037e-09, -7.444041816016035e-05, 5.828993883859428e-07, -3.136853193145014e-17, -1.4383843673160276e-10, -1.3934721191891328e-15, -1.125997043226978e-09, -4.852398047744551e-16, -4.1479493853081505e-10, -1.1009893004868391e-09, 7.660683209869141e-10, -0.00022911704322808535, -2.289560451118049e-16, -0.0008535146740003689, 0.0015074172061681763, 7.969259453709189e-05, -5.560865146507279e-16, -8.052797927751522e-10, -1.6121646905688186e-10, 7.150226923979743e-05, -2.8587226926393325e-16, 0.0008535132884555586, -0.0015074179211411291, 7.969243403071635e-05, 6.290851189185188e-16, -5.102591359621463e-10, 4.787139840353704e-10, 7.150264775806996e-05, 2.844821765379982e-16, 0.0008535140907441685, 0.0015074185090478288, 7.969337825959635e-05, 1.5894025135955846e-16, -8.327252040023667e-10, 2.8472222756796867e-11, -0.00022911764600308697, 1.760216771133469e-16, -0.0008535146478266449, -0.0015074155587221716, 7.969270509041339e-05, -4.719622709523351e-16, -0.000905870092110309, 3.1235668594804795e-10, -0.001508506319796163, 9.34342353169047e-16, -0.00080092531446269, -5.984061822739943e-10, 0.0015076711508163693, -1.009945315227405e-15, 0.0008009250903543061, -2.0985372342130135e-10, 0.001507672513370588, 1.5551150594016634e-15, 0.0009058689482441022, -3.3794070081846615e-10, -0.001508509865549202, -6.684028800737188e-16, -5.2812113193822474e-05, 0.00015058032298961643, 1.7438429949554841e-06, 9.46998082872974e-16, 5.281133968699125e-05, 0.00015058109258967684, 1.7464970429029625e-06, -1.0399746517292746e-15, -5.281212171678237e-05, -0.00015057997141996207, 1.7411486534237942e-06, 1.3540485182210262e-15, 5.281020160760781e-05, -0.00015057987290355477, 1.7456698392967398e-06, -1.1444988888582833e-15, 0.00034459542102057165, -0.00010172642674634419, 0.0001017294036360714, -0.00034459342758769623, 0.00010172799431694905, -0.0003445969000307763, 0.00034459537092895883, -0.00010172916851115341], [-2.8625473784549874e-17, -1.1291486825285119e-16, -3.358466891823208e-15, 5.695659162148541e-16, 0.9999999827121406, 8.515520232556554e-17, 5.839071001126965e-13, 2.41909155485481e-16, 3.812894095974416e-13, -2.267108887627884e-16, -9.03957354586966e-16, 4.042001258261275e-16, -4.1925624323834996e-16, -2.982937387778892e-17, -2.28721118352057e-09, 1.4470851504490441e-16, 3.318316177652064e-08, 3.6523489585589705e-16, -2.4902157758385514e-13, -3.2597201411965503e-16, -1.0162575385280429e-16, -1.2381013936881024e-16, -3.2720375625544983e-16, 9.800632181833003e-16, -1.1293863492282666e-09, 1.2400245514168945e-17, 1.1317708274346668e-13, -8.8814453148191e-17, 1.0330082205930001e-13, -2.4256539521703704e-16, 9.278463581990589e-16, -1.7989955020154058e-16, 4.271667442048792e-16, -3.4850215382580317e-16, -2.287175929222296e-09, 3.47925999201294e-16, -3.3183555480513375e-08, -4.233661795981833e-16, -2.5918971378159096e-14, 2.1908305159616767e-16, -2.960119688254995e-15, -1.180865355793656e-17, 1.0971684954382847e-15, -4.2200761314992825e-17, -2.4581944120339145e-09, 2.910921294663612e-17, -2.8480544470555423e-13, -1.9201200113425211e-16, 3.120120961925335e-08, -1.2329958475684763e-16, -9.616561347573681e-16, 7.690699478780656e-17, 1.3147346271220257e-15, 4.886523145688408e-16, 2.984094174361139e-09, -5.166429937307001e-17, -5.939787032777403e-14, 2.695112232029297e-16, 7.514960667755591e-14, -1.752389176127028e-16, 2.9313948622680666e-15, -1.5519700295671848e-16, 7.875491609616386e-16, 9.782609287023306e-16, -2.4581725704295297e-09, -1.337513108862172e-16, -6.898835949660789e-14, 2.761505041004772e-16, -3.1201422411123354e-08, -3.306310122980358e-17, 8.554996859900508e-16, -1.1894293949900347e-16, 6.030636603967901e-16, -2.8328505137864197e-15, 2.9842379262561827e-09, -1.1072615433454263e-16, 2.756693340834646e-14, -8.71082486356411e-17, -3.170189321773486e-14, 2.221671222140684e-18, 2.7986278165854635e-16, 3.956135786891903e-16, -3.4501427187325734e-16, 2.741345756334065e-07, -2.363946363066118e-16, -2.1409181762381153e-16, 9.141427931387723e-17, -1.1230228778527142e-07, 2.171185561570135e-16, 4.044496755901481e-16, -2.9045862724637845e-16, 4.553878905521879e-08, -2.9298174002210715e-16, -2.317987198582045e-16, 6.004761594816023e-17, -1.1230377135755339e-07, -8.686389636425455e-17, 2.13866491477076e-16, -3.6820634647020376e-16, 4.5539408497612923e-08, 4.587870945114396e-16, -2.1591190800697267e-16, 8.14174651597339e-17, -1.1230376029907431e-07, -8.200913341727528e-17, 2.0650789566687844e-16, 7.493100989107772e-17, 2.7413616405688726e-07, 2.929007306811521e-16, -2.6286191935677287e-16, 1.9749307870665275e-16, -1.1230387637618618e-07, -3.3901762590462103e-17, 2.230311381891742e-16, 1.265441068179231e-16, 2.739212715123441e-07, -1.5878916887811788e-16, 2.0520628009644962e-16, -1.2211590659446272e-16, 3.6832065375253555e-08, -1.9423782702741249e-16, 1.3355425131458704e-16, 5.653559095219286e-17, 3.683173012488305e-08, 1.956385632934651e-17, 1.59123524409368e-16, -2.37290773046443e-16, 2.7392384144482064e-07, 4.553230113237235e-17, -3.2233205090257903e-16, 1.1369818369595476e-16, -1.0203338508388004e-07, -5.343081756866074e-16, -1.707932031492371e-16, 1.7864691842409522e-16, -1.0203516951157956e-07, 3.0644115436302287e-16, -1.562229577547438e-16, 8.392796358441431e-17, -1.0203479689818748e-07, -2.1244844843956833e-16, -1.1663317818221668e-16, -5.868374525792485e-17, -1.0203503815794101e-07, 4.461956778170777e-17, -1.8589863383429955e-17, -1.4490415818477173e-16, 1.4349590936135393e-16, -2.1913598251087778e-16, -3.0214950161768604e-17, -3.389573240130928e-17, -1.7193118317165715e-16], [7.158716793147416e-10, 1.2482012061997823e-08, -3.2392248219445566e-10, -1.867580083795946e-10, 8.515520232556554e-17, 0.9999639922361188, -3.312330125155886e-16, -3.298107739849095e-09, -1.8033145612799514e-16, -2.1667772696467296e-09, 1.9806046941817738e-10, 4.856686958407545e-09, 4.265850730507038e-05, 1.3862604523007882e-10, -1.4722975341286218e-17, -6.507833383278469e-08, 3.418854906622189e-16, -1.7139999810669832e-09, 1.9970866779270612e-17, 1.5857402775634795e-09, -3.016645281533851e-10, -5.1833886303279615e-09, 3.223087871429974e-10, 1.8457713070172426e-10, -8.931806762745896e-17, 3.489507449068483e-05, -1.7023902585310695e-16, 1.1811762093170045e-09, 1.4299350530487844e-16, -1.946213019627672e-09, -1.0218518930449107e-09, -1.6905332339131562e-08, -4.2658561615976174e-05, -1.5347269637657777e-10, 2.0132229325573377e-17, -6.47008171743865e-08, 1.7412950135318525e-16, 4.399856264679505e-09, -2.310107163592517e-17, 1.7239414706166225e-09, 1.2451618908507443e-09, 2.1095140867961788e-08, 1.375638438493214e-10, 4.102746178788278e-05, 9.652353810202308e-18, 1.9484706674244876e-07, 1.1222066924158223e-16, -6.632468309832797e-09, 8.07436916408706e-18, 5.856016021079233e-09, -0.00012523546703422427, -0.0022439734429168757, 1.4612897989255216e-10, 4.561993373533448e-10, 3.184049578674851e-16, -3.4430320489667676e-07, -5.403492673038751e-17, 0.0006982596427471083, 5.617005123356782e-17, -3.1171126962092156e-05, -1.4475541441673534e-09, -2.3236150128011135e-08, -1.4718657803245783e-10, -4.102750156247596e-05, -5.3729891301905126e-17, 1.948565943977575e-07, 3.052205261039117e-16, 6.493518004890789e-09, -1.0859821742672355e-16, 1.1851330368086478e-08, 0.00012523582542296112, 0.002243970955808159, -1.624876103477189e-10, -4.1079727109980694e-10, 1.7677373798161837e-16, -3.444352320134256e-07, -1.265895672047312e-16, -0.0006982585456621256, -1.4044027280913997e-16, 3.1168367640686507e-05, -7.556481909648918e-09, -6.185430758480417e-09, 0.0005606221642436488, -1.241380968150502e-16, 0.0006899422161316302, 0.0007835241437200865, -5.680979969492914e-05, -2.0150533276425682e-17, 3.347602206002276e-09, 1.273577568218074e-09, -0.00044712856676905707, -1.0895759491851809e-16, -0.0006899415283219577, -0.0007835240477125821, -5.681269895554182e-05, 4.6443821662456884e-17, -3.612554967264508e-09, 1.195888712922752e-08, 0.0004471272049409463, -4.4846371848842325e-17, 0.000689947000798942, -0.0007835176972814837, 5.681502166800629e-05, 6.012103603761838e-17, 2.019601966180967e-09, -6.584898851532929e-09, -0.0005606245476121408, -1.0577678350368456e-16, -0.0006899440311671843, 0.0007835170788608522, 5.6811446713660016e-05, 2.1519579467287994e-17, -3.956826835609145e-09, 0.00056636650625301, 4.635139348099137e-09, -1.1821155586515077e-16, 1.464578618494072e-10, 0.00045243763938113883, 1.4870808052138659e-09, -2.4884904697433708e-17, 2.502775558353054e-09, -0.0004524370277853786, 5.611791098038321e-09, 1.6177754120933031e-16, 1.1837906859795303e-09, -0.000566370759072967, -1.112844060837355e-08, 1.4181809493893497e-16, 0.0006821653934214116, -5.661630281257254e-05, 0.0007366786166082515, 1.2883289779211772e-16, 0.0006821761368128958, 5.661859520890229e-05, -0.0007366609913311166, -1.0806119923212813e-16, -0.0006821650655806534, -5.6616575764638394e-05, -0.0007366858055446929, 1.2723958248518425e-16, -0.0006821732105570621, 5.6617727735672e-05, 0.0007366686245558734, -3.4402571452219977e-17, -0.0014913797519793765, -0.0011237566352623996, 0.0011237619206067638, 0.0014913909500547655, -0.0011237515491623444, -0.001491394294281213, 0.001491386675664796, 0.0011237558198769083], [-3.453925664058812e-17, -1.572651781244727e-16, 9.066522094215339e-16, 8.97852077668075e-16, 5.839071001126965e-13, -3.312330125155886e-16, 0.9999993909632855, 2.393403082335676e-16, 1.2205146905096735e-12, 3.64240365633552e-17, -7.078286910524369e-16, 2.7006244824873583e-17, 1.3388103082222295e-16, 2.967601365202809e-16, -2.1717654346428182e-08, -4.555008549423487e-16, 2.6175290967118535e-07, -2.9064224113573756e-16, -7.616939225837486e-13, 2.46200463049633e-16, 2.3137026641846315e-17, -1.4742853774204977e-16, 5.012429187674446e-16, -1.3361242089336377e-15, 2.205233269896961e-14, -6.424471413732924e-17, 5.5266017399922194e-08, -9.35111712272743e-17, -2.3117604463963756e-13, 1.4596009866791492e-16, 2.263535147394895e-16, 2.64045959594663e-16, 5.104530827920624e-16, 4.110003677067672e-16, 2.1717283978198374e-08, 8.039740091540194e-17, 2.617556635148746e-07, 5.098357672475001e-16, -6.224182226535797e-13, -7.27146466774022e-17, 3.6045496462462366e-16, -2.9325107449583716e-16, -5.027501888945518e-16, -3.73464747027954e-16, 9.745334191281703e-15, -2.528279195578683e-16, 2.148768831540428e-07, -5.124411272748679e-16, -2.6199267143943032e-12, -7.414953456482118e-17, 3.0668416816749557e-16, 9.511978863525862e-17, 6.41393889256795e-16, 5.940858572399358e-16, -1.2373062081148264e-13, -6.909018898373618e-17, -2.210050749152638e-07, 1.1580245587821141e-16, 1.4754987743789613e-07, 1.7865363822901312e-17, -4.1780432039261313e-16, 4.3180676906647276e-17, -4.1133968524390317e-16, -2.33868424510165e-16, 2.057093005676068e-13, 9.552621756712235e-17, 2.1487488122831666e-07, 5.381986155641974e-16, 1.542661343245962e-12, 2.983836212530242e-16, -2.948813749577429e-16, -1.3944976417847056e-16, -1.7696947097245036e-15, 3.691488269239494e-16, -6.826459722999383e-14, -4.5229211161748353e-17, -2.210086025836715e-07, 6.698365933151975e-17, -1.475471436712555e-07, 5.849019715698515e-17, -1.0759142567156387e-16, -2.5380551537914973e-18, 5.092203301487436e-16, -1.2794140794737548e-11, 1.363569000102896e-16, -7.758185810014947e-16, -2.577012233828572e-16, 5.734674481402433e-07, 1.4529635479673814e-16, 1.0173611076000277e-17, -7.21972373716236e-17, -1.4516092274169382e-12, 7.404083051207088e-16, 4.292820909406107e-16, -4.728431023980484e-16, -5.734520563728868e-07, -3.7261516149033043e-16, 1.980720661812685e-16, -2.2734700214483883e-16, -6.651051936194503e-13, 4.721198308305977e-16, -5.668366383602113e-16, -4.465343333029114e-16, -5.734579853167103e-07, -1.4904044307966485e-16, 2.1728768614145464e-16, -8.531492355746445e-18, -5.854408660144341e-12, -4.595865774827365e-16, 5.103265167856205e-16, -1.7265487819999734e-16, 5.734655245400355e-07, 4.368819148202338e-16, -2.8016754375421303e-17, -4.818511390392316e-16, 2.214326227305451e-06, 6.57407283144938e-16, 1.4016980678544386e-17, 2.537831605388628e-16, 2.0159590528342403e-07, -3.849680141237873e-16, -1.618148372973538e-16, 3.898616676905525e-16, -2.0159909517126665e-07, -3.036962871655784e-16, 7.006280668023973e-17, -5.310458271200943e-16, -2.2143574464478233e-06, 5.652385032365833e-17, 4.848530076854409e-16, -7.734689799402523e-17, -9.391780541077561e-07, 3.6005739011813247e-16, 1.3650590945831655e-16, -6.724916879022153e-16, 9.391896111160713e-07, -3.693247947849279e-17, -7.249709226744072e-17, 2.4970972429338447e-16, -9.391797972784831e-07, 8.9164935780251e-17, -1.8405249926370757e-17, 1.8624781033870691e-16, 9.391949633480296e-07, 4.9060711994778055e-17, 1.1569539967457378e-16, 2.4579600431671462e-17, -1.6235271241918618e-16, 1.1118998742222245e-16, 5.754422304053994e-17, 6.789594672454886e-17, 1.6721035347920112e-17], [0.008588352302424173, 0.15114322534175284, 1.0977260984084984e-09, -7.860708617601011e-10, 2.41909155485481e-16, -3.298107739849095e-09, 2.393403082335676e-16, 0.9609371367562437, -2.3039073975790036e-16, -0.0032754290033943714, -0.0013335968693059896, 0.0017909826746934836, 7.648289617505343e-10, 0.0012927792781118803, -9.883250017085331e-17, 5.74081111213222e-09, -1.8338873823273438e-16, -0.0005662757585474595, 1.6168565301764665e-16, 0.00779814929711526, -5.9258033795478346e-05, -0.0008622454307867128, -6.164146911466301e-11, 4.916917851058683e-10, 4.232784544028326e-17, -2.1845305407948395e-09, 6.08771254935897e-17, 0.00019174057149134197, -3.20678991779886e-17, -0.0015838065395256263, -0.0013335963759555688, 0.001791018173988871, 8.112776429499674e-12, -0.0012927811033368686, -2.4472992595757188e-17, 5.1321516069057384e-09, 2.1282756106426832e-16, -0.0005662882058048667, -3.541990797464024e-17, 0.0077981816046728105, -0.0012614247971302404, 0.0015005284412319437, 0.0012643364829933708, 4.0868302223464124e-10, 6.155230505981911e-17, 3.1654160697813965e-09, -1.2484422424852847e-16, -0.0005831282358654595, 1.5140160362666894e-17, -0.0027189047332548287, -0.00016788504576104133, 0.0036447287516071666, 6.265143596004344e-10, 4.546401047666273e-10, 3.678243453407603e-17, 0.0006982632789410874, -5.77346710381075e-17, -0.0015673782444592616, -4.4241318920804103e-17, -0.0012948543454120167, -0.0012614247962567464, 0.001500550314657686, -0.0012643369544060785, 3.8675657051262424e-10, -8.694057645903953e-17, 3.7132861120244058e-09, -6.363574453471596e-17, -0.0005831286318506506, -1.3361302586787604e-16, -0.002718924271355685, -0.00016788501441459834, 0.003644778679433127, 2.344033828347567e-10, 2.590659211731338e-10, -1.2930945348639917e-17, -0.0006982619703208849, -8.021003543775947e-17, -0.0015673852789429756, 4.709833672129421e-17, -0.0012948471664949016, -0.02869928106191308, 0.04587650251383569, -4.578601605468607e-09, 3.8544565949903664e-17, -0.0035658596500964188, 0.004009453635947268, 0.004533331807536642, -1.6936875270372252e-16, 0.00037724112832408877, -0.0026480161628450673, 2.0534395213826864e-09, 1.3648103498544915e-18, -0.0035658764762480553, 0.004009453666463036, -0.004533337732227123, -3.5225947898883934e-17, 0.0003772404016969846, 0.0026480148175436315, 3.321609733520832e-09, -2.5565977789200344e-19, -0.0035658721540043903, -0.004009442914348195, -0.004533337907295134, 7.290859068568986e-17, -0.028699281594840486, -0.04587650516505274, -6.008558720521166e-09, -5.882138033877068e-17, -0.0035658665131167973, -0.004009438050608096, 0.004533336609554528, 9.795277172755513e-17, -0.029063133980596633, 3.3198404721268106e-09, 0.05245908034154021, -1.6346240054243717e-17, 0.0005354211689165545, 3.605041670232896e-09, -0.0018023909967259091, 1.3353048174693883e-17, 0.000535420325636909, -1.3193174945156298e-09, 0.0018023858077126644, -1.1821011590664793e-16, -0.029063134290860708, -4.716852478702282e-09, -0.05245910965796988, 7.590265817285858e-17, -0.003252568198581921, 0.004448747418553167, -8.637847692580436e-05, -8.273949518695802e-18, -0.0032525758749577956, -0.004448749857511333, 8.638972601488481e-05, 4.607394129420311e-17, -0.00325257943368622, -0.004448750598454618, -8.636779543043892e-05, -4.6605224762187154e-17, -0.0032525725198490987, 0.0044487514345766125, 8.638012665055705e-05, -4.5884747644360166e-17, 0.015921129757643964, 0.0008547632141660389, 0.0008547675527594755, 0.015921131712813476, 0.0008547612066297768, 0.015921129723656696, 0.015921135880341178, 0.0008547685846287011], [-5.888886882186352e-18, -1.671433337247919e-16, 3.8094880405395573e-16, 6.502199989634409e-17, 3.812894095974416e-13, -1.8033145612799514e-16, 1.2205146905096735e-12, -2.3039073975790036e-16, 0.9999993479630906, 1.6354871184818005e-17, 5.321964942720077e-16, -4.094556701379809e-17, 3.110834175965614e-16, 1.7077396081327271e-16, 3.0387245525443955e-14, -2.4050120820902216e-16, -1.8589772082999305e-12, 8.274098084610382e-17, 2.141240150661609e-07, -3.2966615719668056e-16, -2.4984402760391433e-16, -1.1620286481310001e-16, 1.372923745933703e-16, -2.941434254661854e-16, 2.2056702429763908e-14, -6.930124185403595e-17, -1.4610169931490227e-13, -7.402079849953983e-17, 9.359817976994448e-08, -1.305059884442058e-16, -4.0815976630355794e-16, -6.900887129697855e-17, 1.4058158198428164e-16, 5.954259269302762e-17, 1.523075250529998e-13, -2.114688911377301e-16, 1.3604230771045764e-12, -2.403753033953251e-16, 2.1412218469251767e-07, 1.768988248162439e-17, 3.2556766248050297e-16, 4.416485337085099e-17, 1.955763113425429e-16, -1.5902844209619904e-16, -2.589884745392021e-08, 1.0680430367096474e-17, -1.2689515102147316e-12, 7.702121593581438e-17, 2.640636614980034e-07, -1.400605754070891e-16, 9.966124807625029e-17, 8.503318761289654e-17, -3.138766369530709e-16, -5.822139890489086e-17, 1.265658010467215e-14, 2.359674412783284e-16, 1.954732613530876e-07, 1.9411434420363606e-16, -2.2100547274407816e-07, 6.026092046666577e-17, -8.035528784736133e-17, 9.475712278054491e-17, 1.2159714840254903e-17, -4.32446236586728e-17, 2.5898581787123427e-08, 1.799863411766071e-16, -5.033679709439637e-14, 2.4868846718556723e-16, 2.6406493665942696e-07, 4.746569049750201e-17, 7.20748209569597e-18, -4.9761347712849166e-17, 2.0721029013871208e-16, 1.5341591533742237e-16, 1.2980309622310956e-13, -4.7777015667047135e-17, -1.9547129864288582e-07, -1.5305646559899834e-16, -2.2100919356203397e-07, -1.2083614909646355e-16, 1.4380362280344183e-16, 1.348302650837862e-16, 1.3966736665805023e-16, 2.381716958242314e-06, 1.9660948692174883e-16, 5.990828444276015e-17, 1.0522804731179167e-16, -9.460526327434338e-07, 1.8260980297325063e-16, 2.220922709306851e-16, 7.028738551487266e-17, -3.6449477293910093e-07, -2.087172281187526e-16, 1.2524690236746062e-16, 1.2008390730530354e-16, -9.460589294428827e-07, 3.9492317788658045e-17, -2.90032286362947e-17, 9.906372323035958e-17, 3.644921764358306e-07, 5.807025087881014e-19, 1.4712462011980852e-16, -2.1119654924090643e-16, 9.46060973718591e-07, -3.258085697844737e-17, -4.257375541730817e-17, 4.590489706632644e-17, -2.3817361663460237e-06, -1.3086744680639004e-16, -6.478253396484792e-17, -1.5661940480242496e-16, 9.460637138113601e-07, 1.7581457424421076e-16, 5.328006945228312e-17, -2.0362893376181207e-16, -7.834371249540603e-12, -3.261301247569101e-16, -2.3315973714756708e-17, 6.468522171752364e-17, -1.1955661021447631e-12, 7.124594566407391e-17, 1.4654974503681804e-16, -2.4887864461849443e-17, -1.968806698340284e-12, -6.1051419398816926e-18, -2.3188619739338207e-17, -2.7731047225067733e-16, -3.0261142441694033e-12, -1.1867334060493183e-16, -5.341580977209992e-17, -1.628758388767306e-16, 7.716479124042609e-07, 1.7883843974604923e-16, 1.447159252506498e-16, 2.2618713460308795e-16, -7.716386387871607e-07, -4.0070943313031153e-17, 1.1370662075727407e-16, 1.0530203803158799e-16, -7.716382890789954e-07, -1.6783750404717045e-16, 1.4999059995884265e-16, 2.6378257398525123e-17, 7.71642489791168e-07, -4.1999753179952747e-17, -2.0186254350486718e-17, 4.089708843645813e-18, -1.3458493772360924e-16, 2.642467136825679e-17, 1.7019772779788938e-16, 2.5591181253970584e-17, 7.427639392054508e-17], [0.00022690502379344363, 0.014935241215666625, 3.6884573536009043e-10, -3.5606406807130427e-10, -2.267108887627884e-16, -2.1667772696467296e-09, 3.64240365633552e-17, -0.0032754290033943714, 1.6354871184818005e-17, 0.9878793668041075, -0.0012776980424849783, -0.018981674731452434, -1.0528595521773372e-10, 5.55461779589669e-05, -9.997784239423678e-18, 8.275580137564251e-10, 9.40432563650734e-17, 0.005294386836934389, 2.0366659326947163e-17, 0.009159937313261144, -0.0001398026273180387, 0.008478845183210999, -1.6145196165215797e-10, 5.854608778627389e-10, 1.471055994527901e-16, 3.2597720283833036e-10, 4.697800787751942e-17, -0.0015838072489085513, 9.946419360929221e-17, -0.012043620433159659, -0.0012776974366704233, -0.018981660761925055, 2.953901989069341e-10, -5.554727304456741e-05, -2.3737018391638242e-17, -2.8720692258150973e-10, -8.392108545590257e-17, 0.005294390058841511, 6.90771637406749e-17, 0.009159990720265226, 0.001384567844047981, 0.022175858152648113, 5.386182339056192e-05, -3.2470771288834584e-10, 1.5639777343700277e-17, 1.497770312845397e-09, -1.5157655189338886e-16, -0.006296737915993523, -3.646195240485366e-17, 0.04621395764583076, 3.865120834337711e-05, -0.007101581330719039, -7.214429835139824e-10, -8.90294656338805e-11, -9.147460337450098e-17, 3.117098682168807e-05, -1.1258177244511618e-16, 0.0012948527502931564, -1.3664950710066764e-16, -0.005938118505104209, 0.0013845691724540285, 0.022175877453700144, -5.386088968689868e-05, 4.371988866286846e-11, 1.0604968848613972e-16, 2.174645363480576e-09, -5.064876877916148e-17, -0.0062967360152861645, -1.2542939925838287e-16, 0.046213967873731304, 3.86501771767837e-05, -0.007101579190377636, 4.1960214615612824e-10, 1.4047763925349278e-10, -7.772232200988185e-17, -3.1170157670708434e-05, -4.058782458501418e-17, 0.0012948515825232743, -6.128898739142833e-17, -0.0059380994689649785, -0.0098156729694339, -0.02368005938465509, -1.1806064947481972e-09, -7.153776701243195e-17, 0.004058031232949649, 0.005314781551261135, 0.00023016680864792002, 1.0343745425210809e-16, -0.008527720982260359, -0.025739634727773075, 3.0877796016715365e-09, -3.750774565681435e-18, 0.004058019657948579, 0.00531480430282576, -0.0002301693002252973, -4.5895872462615593e-17, -0.008527721950454436, 0.025739623474370022, -3.570285353428837e-09, -4.0724755868700825e-18, 0.004058021981394772, -0.0053147975954491306, -0.00023016491803356, -5.591574184758322e-17, -0.009815675970763132, 0.02368007202008193, -1.888907797817812e-09, 2.0242856848722458e-17, 0.00405802990697442, -0.005314780595703529, 0.0002301687292561747, 1.2737136323552564e-17, 2.985017825311666e-06, 4.151436010550345e-10, 0.022066603616786914, -3.902733593872277e-17, 0.0013120091819794695, 3.612903089942935e-09, -0.01990378996618563, 1.6034776233318006e-17, 0.0013120110720385304, -3.901175015128882e-09, 0.019903801447595498, 6.10731178243807e-17, 2.987207227516258e-06, -1.0079467644750395e-09, -0.022066625686148596, 5.349726912294369e-17, 0.0012407463276652797, 0.00022842353033185529, -0.008865960098897122, 4.4533091079439217e-17, 0.0012407454812336707, -0.00022842920614881562, 0.008865948599949273, 4.862797066515e-17, 0.0012407478107785874, -0.0002284249380761367, -0.008865941039720354, -9.088888309431399e-17, 0.0012407485788100314, 0.0002284257692393277, 0.008865943253768794, -2.792026607431207e-17, 0.0008567163417374629, -6.627877729265393e-06, -6.628550291036453e-06, 0.0008567188344413629, -6.62576429025755e-06, 0.0008567202798665106, 0.0008567102765986969, -6.626610569853214e-06], [0.0004978939194050757, 0.0043069362248817885, -3.776795671585986e-11, 0.00026914896581656895, -9.03957354586966e-16, 1.9806046941817738e-10, -7.078286910524369e-16, -0.0013335968693059896, 5.321964942720077e-16, -0.0012776980424849783, 0.997865334672769, -0.034832149878976044, -1.933416536997958e-10, -1.5695019658523835e-11, 4.5740261833573425e-16, -2.2269026973055648e-10, -1.9163714094812188e-16, 0.009459097412975754, -2.499466477463359e-16, -4.1476701059175744e-10, 0.0004978939009214898, 0.004306935109595701, 1.1466555227811946e-10, -0.00026914918839499296, -1.0932738142459204e-15, 1.1295285528052746e-09, 2.6487590057573413e-16, -0.0013335972822944811, -3.405512032656312e-16, -0.0012776997306479714, -0.0001406598976057746, 0.000741028376144872, 2.4772234918311704e-11, -1.2672382493183655e-10, 5.135239259133955e-16, -8.476362316646941e-10, -1.0092868304447315e-16, -3.3217033661078845e-05, 2.7578559410233777e-16, -4.0951154646952005e-11, -2.6146151184199057e-05, 0.0008602130688757495, -1.0437307420846621e-10, 4.092830112484874e-10, -8.769488181928616e-16, 0.00011347486489946366, -3.4508888027186945e-18, -0.00027695362153319235, 3.51753941963027e-17, -9.470772071134718e-10, 0.000497893723221704, 0.004306934096063198, -0.00026914916654402574, 6.84843134296866e-11, 3.6929866247523904e-16, 2.2683928704855648e-10, 3.3646914729184167e-16, -0.0013335971971814423, 1.3334154687529647e-16, 0.0012777002776604414, -2.6146040761802015e-05, 0.0008602113358643868, 4.3900182815557063e-10, -1.9757563538454755e-10, -3.744717156225934e-16, -0.0001134752182411236, 3.7090381402998884e-17, -0.00027695199862494733, -1.8286208626750623e-16, -4.5577835425035155e-11, 0.0004978940097079611, 0.004306936358269786, 0.0002691490928591754, 9.103856797877512e-11, 7.31582766783375e-16, 6.397845586227423e-10, -3.7053398612684484e-17, -0.0013335960192582658, -2.1701756454650987e-16, 0.0012776967455769945, -0.0009070699123759392, 0.0003172194326164158, 1.7334030745790285e-07, 7.590740660735725e-17, 0.004596884242090625, -0.012417479137718823, 4.07448922707844e-10, -7.9810750989786e-17, -0.0009070687587549145, 0.00031722182297663944, -1.7256846244915875e-07, -4.20401550070809e-16, -0.0009498020479440379, -0.0013634862727703884, 6.667353550660609e-10, -6.638797267185157e-17, -0.0009070692152264173, -0.0003172249554547075, -1.7400665734193818e-07, 6.99926299421909e-17, -0.0009498020521658217, 0.0013634878395924425, 3.0738529126147925e-11, -1.2524645147465123e-17, -0.0009070696254152175, -0.0003172202154631129, 1.7065490031955387e-07, -2.7423536557392776e-16, 0.004596884140179916, 0.012417474891151683, 1.6789925584028274e-09, -6.952935270431168e-17, 0.004596884890758008, -2.2364781650347814e-09, 0.012417477205336359, -3.3697911182567476e-16, 0.0045968833160315815, 1.982423807674103e-09, -0.012417478342947541, -3.1426292908823335e-16, -0.000949802799085657, -3.1253130267384986e-10, 0.0013634858162966353, 1.1936037888250848e-16, -0.0009498017165773059, -1.6555713068017682e-10, -0.0013634889992662957, 4.152767172985107e-17, -0.0009070692458311797, -1.7381709163778072e-07, -0.0003172174974069742, -2.3120868864013475e-16, -0.0009070698713468064, -1.7349846725004218e-07, 0.000317217444855968, 3.0964819835519133e-16, -0.0009070699151208777, 1.7253995570133987e-07, -0.00031722277384349827, 4.762367979502584e-16, -0.0009070696824641999, 1.712390687834914e-07, 0.0003172262419172436, -8.588398830983975e-18, 0.0019836966629909547, 0.0019836995576641963, -0.0003620401718419108, -0.00036204227786275025, -0.0003620415735253741, -0.0003620431534037062, 0.0019836975350250386, 0.0019837005012646966], [0.00398827746619814, -0.03062571758622389, -5.669899620358663e-10, 0.004816429776361776, 4.042001258261275e-16, 4.856686958407545e-09, 2.7006244824873583e-17, 0.0017909826746934836, -4.094556701379809e-17, -0.018981674731452434, -0.034832149878976044, 0.3656742693272456, -4.531385204664943e-09, -1.717349040926982e-10, 3.965602697253625e-17, 1.697118724389636e-09, -1.0353624918056974e-16, 0.16999