{"E": -1.8421604226650E+03, "iao_dmu": [[0.9977614884098966, -0.03488407148553655, -1.1721261239863597e-11, -1.6255392554785282e-10, -2.124913677538348e-17, 8.581242056099875e-10, 1.3530193806559172e-17, 0.00829627730817945, 1.0019146129467704e-16, -3.7850577288523094e-10, 0.0005169640992222354, 0.00396079383830478, -1.374151515406342e-10, -0.00030697111460264125, 3.603481105841144e-17, -1.253539274961848e-09, 8.472191339834947e-17, -0.0014769245254247618, -3.061641189713055e-17, -0.00346917117089189, -0.0001345286345056825, 0.0013355184622922988, 3.618070990505713e-11, -1.728608778078956e-10, 2.1269890837487002e-16, 2.402401561088401e-10, 1.3116953097368995e-17, -0.00013450763891880612, 1.673701269530225e-17, 7.796945537603949e-11, 0.0005169643611634415, 0.003960796851562082, -6.09699935589041e-11, 0.00030697101920462857, -1.9033450755699553e-17, -6.344941003519121e-10, 3.14372926785999e-17, -0.0014769246375770115, 5.802562813459813e-17, -0.0034691708922101505, 0.0005169641720242936, 0.003960796327526472, -0.0003069708801855951, -7.586414723314015e-11, -8.121606833476914e-17, -1.2466935102425681e-09, -7.676671910000281e-18, -0.001476923129478287, 4.135071996047479e-18, 0.0034691704611731224, -1.3896283579990562e-05, 9.312358839984692e-05, -2.220226294367114e-10, -2.967287486214707e-10, -4.1009074355074606e-17, -0.0001219366650892677, 5.189961056927648e-17, -9.220857554551727e-05, -3.7120222184118107e-17, 1.9929291095636842e-11, 0.0005169643233900635, 0.0039607947850785075, 0.0003069712957251977, -9.017711501390257e-11, -8.516154344871096e-17, -4.919607125541167e-10, -4.1741737781872694e-17, -0.001476925933803615, -8.399168431080911e-17, 0.003469171609941581, -1.3896204053699444e-05, 9.311599514066728e-05, 7.545353696639476e-11, 3.914068277819767e-11, -5.223969065633035e-17, 0.00012193716890690937, -1.742035700593549e-17, -9.220730641127532e-05, 5.631024427495522e-18, 1.3062378864408692e-10, 0.004348484274126328, -0.013374711187482033, 2.4467857197837854e-10, -2.4726589467494706e-17, -0.000520675379060586, 4.15433958290153e-05, -4.7305971159387245e-05, -6.061205231267616e-18, -0.0012100115102320547, -0.0014529222310169657, -4.815637420608686e-10, 1.414318326005249e-17, -0.0005206749345798859, 4.1545958517096006e-05, 4.73070825330528e-05, 1.8981751144056333e-17, -0.0012100107812133452, 0.0014529261368063362, -8.02866912392221e-10, 1.0441781219204797e-17, -0.0005206747410125508, -4.155036702139895e-05, 4.7306218807808905e-05, -1.49888069535273e-17, 0.004348484159751922, 0.013374715516017346, 7.892379253315129e-10, 1.5515260276698183e-17, -0.0005206747303402905, -4.154507467530927e-05, -4.730731159518847e-05, -4.637543531463112e-17, 0.004348484026189688, 8.137583538085012e-11, -0.01337471272884584, 4.547603956587362e-17, -0.0012100107268453487, -4.6510050825911933e-10, 0.001452922789088678, 2.0168690174927128e-17, -0.0012100112555710858, -1.8192636081130345e-10, -0.001452925095814035, -1.1703523028570256e-18, 0.004348483662190353, 1.4088667629357955e-09, 0.013374711924609569, -1.833794562794358e-18, -0.0005206752834291494, -4.7305460250079776e-05, 4.154408431666629e-05, -1.1059527079354566e-17, -0.0005206746467867387, 4.730680700995409e-05, -4.1550281977804184e-05, 1.1874721400888339e-18, -0.0005206745436354713, 4.7307441868115325e-05, 4.15459501478918e-05, 9.261520630096678e-18, -0.0005206750117703738, -4.7307017843651185e-05, -4.1545382028700974e-05, 1.3412308849219926e-18, 0.002031738252589159, -0.0004003161833489655, -0.00040031744781516534, 0.002031738626367341, -0.00040031854849169725, 0.0020317398315792996, 0.0020317382381823726, -0.0004003180002898531], [-0.03488407148553655, 0.3974677318654517, -6.9828900436695885e-09, -1.3926615642367998e-09, -9.291756441980076e-17, 1.293299050820739e-08, -1.3242796304536904e-16, 0.14093614777708852, 5.664025591570366e-18, 8.439383499453804e-11, 0.004233664033935589, -0.030493056242522947, -1.341255399651934e-09, -0.005303164056856723, -5.506295517633088e-17, -1.2633186022886127e-08, -3.3702978832860265e-17, 0.0035726436886968685, 6.069855477658175e-17, -0.04990140611553576, 0.00133551372001947, 0.021302828153448965, 7.89176156269426e-09, -4.691487640880591e-09, -1.1826728620418133e-17, 6.389749975406931e-09, -3.622578218237722e-18, -0.005136997433721857, 5.4583725013490784e-17, 6.703177450006552e-09, 0.004233661014308125, -0.030493087038644902, -1.5068591429497265e-09, 0.005303162120869144, 2.6311965158985995e-17, -1.687855225182977e-08, 7.317016217422728e-17, 0.0035726336381732412, -3.4340548134887257e-18, -0.04990170846995592, 0.004233660079086401, -0.030493048808426813, -0.005303159820067301, -2.9333350345794365e-10, -1.5300700426503085e-17, -1.7701101949396905e-08, 5.65399770553e-17, 0.003572638853833445, 1.7532683489474735e-16, 0.04990192332910872, 9.312148962662512e-05, -0.04798861325185145, 2.5920691104084857e-10, -1.1848412982255787e-08, -5.754582976604777e-18, -0.0021561158542581244, 9.629107864796864e-18, 0.007872372560480425, -5.537862099730316e-17, 3.3440140872456798e-09, 0.004233664309886001, -0.030493103365589587, 0.005303166711458045, -1.902587720434876e-09, 2.0232527383867856e-17, -1.1142333545253166e-08, 6.892537686363132e-17, 0.0035726538974947264, -5.932137110658373e-17, 0.04990112233482518, 9.312651507443493e-05, -0.04798869117519178, -3.635574702779737e-09, 7.660363953356298e-09, 2.6756756059236172e-17, 0.0021561245477145054, 1.5936297910722034e-17, 0.007872385470692784, -3.5329853438473455e-17, 4.454773466713808e-09, 0.09393427017936862, -0.19790717072242903, 1.0227689516306174e-08, -4.170657494638008e-17, 0.015045532554379524, -0.010914416674320101, -0.0022300112732989586, -1.8480687558111796e-17, -0.0037191093040515066, 0.007645983361533275, -1.7993723962945614e-08, 4.839816184528588e-17, 0.015045575673148138, -0.010914562154704256, 0.0022300270396395988, 2.3999483395233246e-18, -0.0037191986034919816, -0.00764564728988538, -2.1422498708003012e-08, 2.3356208274268024e-17, 0.015045581901331179, 0.010914463390446955, 0.002229969977054369, 6.646231731558978e-18, 0.09393436198226697, 0.19790696071647673, 6.015709867037573e-09, -4.925862506744791e-17, 0.015045533160216598, 0.01091441170500589, -0.0022299779405698526, 1.1704565633042519e-17, 0.09393431666105657, -1.684440329857942e-08, -0.19790705225748034, 6.134587239750604e-18, -0.003719140464867907, 1.9557301429273437e-08, -0.007645854648551409, -4.233534208343796e-17, -0.003719170722140485, 2.323283690017405e-08, 0.007645735160005659, -2.4677846381859257e-17, 0.0939342939544263, -1.0938147745619564e-08, 0.19790708969972137, 4.6772205747448337e-17, 0.015045589971408722, -0.002229964469847844, -0.010914628172452737, -5.332760009815574e-18, 0.015045523850292815, 0.002230015307970437, 0.010914225318989145, -3.800036710402134e-17, 0.015045519341637368, 0.0022299899702878483, -0.010914325039718231, -1.7674591454354635e-17, 0.015045587089230894, -0.002230015527693015, 0.010914627401119193, 5.936078812050165e-17, 0.03243329520781091, -0.0012513413769553062, -0.0012513485425132934, 0.032433287501986444, -0.0012513403742989279, 0.03243327936103312, 0.03243328117020921, -0.0012513382014750986], [-1.1721261239863597e-11, -6.9828900436695885e-09, 0.9998241918750245, -4.6157309750483214e-11, 3.714236094387271e-16, -1.1939984834314697e-10, -2.9185500942784933e-16, 1.3693688767471434e-09, -3.869861063129412e-16, -1.2838299260204926e-09, 7.01176698070551e-11, 1.9871361729250665e-09, -4.945182712286856e-07, 5.425124755274122e-12, 9.895349688965104e-16, -4.9860002225293714e-05, 4.2390377882985294e-16, -9.694415456647164e-10, -9.371499181313148e-17, 1.384662880762509e-08, -8.315523528433828e-11, -8.304835008253872e-09, 0.0001745112889128945, 4.004133030161525e-12, 2.5190783042526923e-16, -8.655865544957042e-11, -1.326378927162247e-16, 1.5705593379260133e-09, 1.826793774979874e-17, -1.606497132355912e-09, -1.0468392573464063e-10, -8.808963686143467e-11, -4.94508334785409e-07, -2.801739736284791e-11, -3.598619924529049e-16, 4.9860078816745794e-05, 9.073190734904969e-17, -2.0559323388195999e-10, -1.3519114874011128e-16, 1.4382366708566716e-08, 0.00028770087885522243, 0.004852280557593995, 4.5032921468163737e-07, -7.378346514277478e-12, 6.944760513213055e-17, 5.898580901750535e-11, 8.990008527922368e-18, -0.0014770330063716087, -1.7508659732324395e-16, 0.005548577518682084, 2.3833764794155934e-10, 1.097441801833833e-08, 5.92704529123005e-07, -1.7746899156405896e-05, 4.940282636961668e-16, -2.137855449211299e-10, 3.702672113065014e-17, -2.13505335600024e-09, 1.6129405626229315e-16, -1.2826127886080062e-09, -0.000287700956566092, -0.004852281811103303, 4.5029610012067e-07, 9.724280197112679e-11, 5.1719285730888816e-17, -1.1830044585609524e-10, 2.1955801965478152e-16, 0.001477034859433625, -1.7673503545427602e-16, -0.005548608093288398, 1.3770277597093768e-10, 9.741212490375864e-09, 5.926517079989863e-07, 1.774693248845026e-05, 6.487912506483322e-16, -1.5901653989076786e-10, 4.116614715893049e-17, -1.6553309821009235e-09, -2.9839321407276936e-16, -1.094932974140668e-09, -0.0015168794120536907, -0.003576885474535925, -1.3733009874608387e-10, -5.022952770865503e-16, -5.7275349815786055e-05, 1.1676656724102948e-06, -0.00019007064607972016, -4.3112382516200624e-16, 0.0014023395076974109, 0.0035733398951531894, 2.575061612732058e-10, -2.091649345077684e-16, -5.7274468851625825e-05, 1.1668540435139286e-06, 0.00019007071756072956, 1.0153385032122365e-16, -0.0014023335084795427, 0.0035733412044603695, -6.455098925144732e-10, -3.1723906100900213e-16, 5.7268523967077064e-05, 1.1641218954245203e-06, -0.0001900695714284018, -3.1362965352434293e-16, 0.0015168850106293688, -0.003576885155927664, -3.7512292096810383e-10, -1.4042197635334819e-16, 5.7268031566676296e-05, 1.1626235798243534e-06, 0.00019007036600456626, -4.35053623600926e-16, 1.7716152193984525e-09, -0.000601004351565073, 2.2274872767905765e-09, -3.6325261809941853e-16, 2.101905391440198e-09, 0.0004290593226185, -2.034300391886326e-09, -4.335201919913665e-16, 2.5455895441138865e-09, 0.00042905860055811795, 2.7374917846837935e-09, -4.0683767058159396e-16, 2.6396273658909195e-09, -0.0006010039376830158, -3.1065642464939753e-09, -2.8473864917644584e-16, -0.0002998187792868991, 8.617200486990437e-05, -0.00037124245411469293, -4.623252169001008e-16, 0.0002998116326374055, 8.617210285510993e-05, -0.00037123910137905927, -6.377409561266064e-16, 0.00029981174414229355, 8.617195883241071e-05, 0.0003712409590040012, -2.4356123235784237e-16, -0.0002998179921181753, 8.617104968282997e-05, 0.00037124250965493537, -6.661626583944055e-16, 0.00036425559872867044, 0.0001200073346098232, 0.00012000751041512182, 0.0003642531153338041, -0.00012000616782248815, -0.00036425528640280123, -0.00036425323021577975, -0.00012000686483579323], [-1.6255392554785282e-10, -1.3926615642367998e-09, -4.6157309750483214e-11, 0.9998241918810364, -1.1160110118216995e-15, -1.797399312901754e-10, 7.868492249475948e-16, 6.158786733754942e-10, 7.7608644885281e-17, -1.2044169107851654e-09, 0.0002877007204010724, 0.004852279120302976, -2.052227077190263e-11, 4.50303577149872e-07, -4.641872000001236e-15, -1.5354615593000778e-11, 2.6325223334175567e-17, -0.0014770342995574044, -1.1295823973155607e-16, -0.005548599533745507, 7.16687481591693e-11, 3.24123095531744e-09, -2.3285975583842863e-11, 0.00017451128171111616, 4.618170127659196e-16, -3.7076256116572263e-10, -5.542804451321022e-16, -9.033743816667491e-10, -7.540747078173789e-17, -5.666736747215116e-10, -0.0002877010871033135, -0.004852283239611206, 6.796714493607349e-11, 4.5029694594733534e-07, 4.13951960008573e-15, 1.25806267018474e-10, 3.6510745834182157e-16, 0.0014770331130532328, -4.459654289133718e-17, 0.005548585899361748, 3.553921702129019e-11, -1.0213516088992569e-10, -5.687777155113059e-11, -4.945217591786315e-07, -5.114952113641644e-16, -4.985981240221966e-05, -1.063760333155532e-16, -2.7795948433201016e-10, -4.928566117356098e-16, 6.516910186863393e-09, 2.5335484247854777e-10, 6.101066516902112e-10, -1.7746898134388098e-05, 5.927029784051859e-07, -1.3710821172413336e-16, -2.0928390769018083e-10, -3.6700893324546485e-16, 8.853375110022564e-11, -1.3223110758993813e-15, -2.1854893735284577e-10, -1.270189643138026e-10, -1.6294492288163046e-09, 3.0368984426673075e-11, -4.945053408677055e-07, 4.706658950742219e-16, 4.986030365112746e-05, 4.652733989722784e-16, 2.2976223970295201e-10, 1.3760450575795911e-16, 5.315828963715953e-09, 9.142680440395101e-11, -2.0190634845888916e-09, 1.7746969117999082e-05, 5.92667645738724e-07, -1.6775187800782467e-16, -6.085361638962035e-11, 5.468034737037173e-17, 7.471833290620361e-10, 1.0821425930434054e-15, -3.61489221645262e-10, -2.0720385596493315e-10, -2.911033061614684e-09, -0.0006010037917582807, 3.714093557589621e-17, -0.00029981430593875407, -0.0003712437759904216, 8.617186481177085e-05, 2.9188783347982573e-16, -9.093964786112997e-10, -3.3588665030614344e-11, 0.00042905958225255945, -1.9336732718166747e-16, 0.0002998163228500798, 0.00037124085603721345, 8.617210917445255e-05, -2.719604096941463e-16, -1.3968805314939985e-09, 8.012196919424712e-10, 0.0004290585628777265, 1.1331999123089222e-16, 0.0002998158135906621, -0.00037123885337819377, 8.61724860442916e-05, -3.751775906686233e-16, 3.5958367337164295e-10, 1.978439540797319e-09, -0.0006010046666698422, 3.9188066201491686e-16, -0.0002998134785146961, 0.00037124370436305095, 8.617112652427245e-05, 4.095750484650251e-16, -0.0015168822692079897, -3.0673061406863163e-10, -0.00357688513866611, 3.4026141836464364e-16, -0.00140233775194104, -4.785186243147332e-10, 0.003573339846372321, 5.382956840516624e-16, 0.001402335148573727, 1.8849276917025006e-10, 0.0035733409755538573, -1.8071354347146027e-16, 0.0015168820345235212, -2.8543050129232595e-10, -0.003576885211269821, -1.6291072744924902e-17, -5.7271164535398606e-05, -0.0001900709028644354, 1.1636338583971176e-06, -3.5560069089980605e-18, 5.727243033765445e-05, -0.00019006980395377035, 1.1680698388757678e-06, 2.5801074638709465e-16, -5.727033442045049e-05, 0.0001900715383270817, 1.1636747529909215e-06, 2.835998157483271e-17, 5.727245060440926e-05, 0.00019006964699089577, 1.1663812592706428e-06, 3.3973503860150614e-16, 0.00036425408547650733, -0.00012000613523266086, 0.00012000781037995638, -0.000364254620535411, 0.00012000782002852507, -0.0003642557166372701, 0.00036425260070896507, -0.00012000679496133163], [-2.124913677538348e-17, -9.291756441980076e-17, 3.714236094387271e-16, -1.1160110118216995e-15, 0.9999999809228522, 2.5567145279952847e-16, 5.476986969606389e-13, -1.3291657679882746e-17, 4.630622982216417e-13, 7.19430038920746e-18, -1.5531699105091549e-15, -5.0942849870804903e-17, 1.3343469290817608e-16, -4.855119745852187e-17, -2.293037934348713e-09, -7.868897277573914e-16, 3.7859953116810394e-08, 5.245576303827782e-16, -2.276923639491628e-13, 4.877710519467087e-17, -1.0295006604116902e-16, -1.4355667005900928e-16, -5.932874385270923e-16, 8.744519567538894e-16, -1.1578262977619805e-09, 1.3917330028873103e-16, 1.0094787786650797e-13, -2.1565118861092063e-18, 9.92931472415133e-14, 4.605145256026537e-17, 1.5001609544823981e-15, -1.6463872483484852e-16, -3.5155043357775383e-16, 4.2627847519390775e-16, -2.293024289443366e-09, 1.5540414008214925e-16, -3.786023150110115e-08, 1.7522401453372669e-16, -1.2400327953688127e-14, -3.7722687593204757e-17, 3.5679497412256e-16, -1.0284560367037343e-16, 1.353791325136632e-16, -3.0518760565946215e-16, -2.2930492645426766e-09, 3.8213576948249527e-16, -2.7139270301240576e-13, -5.619146987517661e-16, 3.786000119836513e-08, 7.877695966529434e-17, -1.7679413118133994e-16, 7.60578375442288e-17, 7.753586422576983e-16, -2.636793925904468e-16, 3.5589007573811928e-09, -2.876919869482831e-17, -7.870746765925692e-14, -1.1403670949062206e-16, -1.6336142537338917e-14, 1.4237496770810987e-16, -2.784894657799929e-16, 1.5046935587232387e-16, 2.713337786770684e-16, 1.9154860162708422e-16, -2.293022812382215e-09, -4.247608249179438e-16, -3.472242301403159e-14, 1.4223765006205653e-16, -3.786026258330957e-08, -1.5757122777342272e-17, -8.96366267504499e-17, -5.22850451950851e-17, -1.1771502349022556e-15, 4.697584434898368e-16, 3.5590418537255957e-09, 5.175211087497813e-17, 1.803765847053468e-15, 9.025418482303911e-17, 5.200548480693196e-14, 2.501750402015866e-16, 1.393031027935493e-16, 1.14020914256898e-16, -1.2634619795272783e-16, 3.1098661257837474e-07, -1.6552032475513332e-17, -9.644422264935343e-18, 1.3434258296394957e-16, -1.2021504768633545e-07, 1.6816312601614417e-16, -2.6007205476726994e-16, -1.1681410936659023e-17, 4.149119691782791e-08, -1.518440906536192e-16, -1.297386790511818e-16, 9.968534667874615e-17, -1.2021629753908733e-07, -3.382325703354158e-16, -1.0270455321733844e-16, -5.304216629611062e-17, 4.1491508787452114e-08, -5.637270505456572e-17, 6.0589322037656476e-18, -1.3337368626644584e-16, -1.2021628009295973e-07, 1.5909219062190055e-16, 1.560298825074703e-16, -4.2869499736783615e-17, 3.1098870208976194e-07, 3.4338315563272383e-16, -2.8260300913167304e-16, -5.4767624920791613e-17, -1.202165238696773e-07, -1.3928639520284666e-16, 5.825512693173194e-17, -1.1734105180567866e-16, 3.1098613157130445e-07, -9.889975483682259e-18, -9.748554370425429e-17, -9.276003277823476e-17, 4.149127695774518e-08, 6.017413276489647e-17, -6.959349754508013e-17, 9.140742092107207e-17, 4.149092758530527e-08, -1.5543311235248814e-16, -2.5953908534659798e-17, 1.5459045070686834e-16, 3.109883838490514e-07, -1.6707821049100191e-16, -1.0048125103033869e-16, 4.471715249568753e-17, -1.2021451736682484e-07, 6.390006122093377e-17, -2.93586874487479e-17, -3.31855243748761e-16, -1.2021616692832507e-07, 1.0363592515209837e-16, -5.866030657642916e-17, 9.975478246777383e-17, -1.2021601348692072e-07, -1.7069959331198337e-16, 9.30638827869659e-17, 3.0725247743607034e-17, -1.2021615414183355e-07, 5.964598747872451e-18, 2.3595516601631433e-16, -3.1231123211151696e-17, -7.386435097823797e-17, 6.488704295356378e-17, 6.268637045709331e-18, 1.999008237470753e-16, 1.1259055926830253e-17], [8.581242056099875e-10, 1.293299050820739e-08, -1.1939984834314697e-10, -1.797399312901754e-10, 2.5567145279952847e-16, 0.9999640804741698, -1.0456916046600334e-16, -3.156213718582119e-09, -1.7330218917131649e-16, -1.4990716398592262e-09, 3.724848370030673e-10, 7.87811047388893e-09, 4.2345717308783364e-05, 1.819563158434383e-10, 7.274834790631033e-17, -3.8985290179674153e-07, 9.884120216095357e-17, -2.8305354176048637e-09, -2.987360319114082e-17, 5.811149789650615e-09, -4.36360686995191e-10, -8.90555039605295e-09, 1.0677043881177488e-10, 1.9306208473934302e-10, 1.4652544816500232e-16, 3.390900746105442e-05, -1.84147794731396e-16, 1.8082938273962175e-09, 1.0177881535102173e-16, -1.4743529427139503e-09, -1.1222881488122738e-09, -1.739296919596506e-08, -4.2345726135409467e-05, -1.8422872078116324e-10, -2.901335533259814e-17, -3.896212435552246e-07, -9.568086974621895e-17, 5.063803166611771e-09, -2.409290559338085e-17, 3.8402718563423434e-09, 8.492120797352543e-10, 1.551133201551537e-08, 1.8174296123610726e-10, 4.234567113752886e-05, -1.3966240617401151e-16, -3.89793053348158e-07, -8.277790561512921e-17, -5.2047082109833296e-09, -6.130035110873415e-17, -3.755504072274394e-09, -0.0001219363351859728, -0.0021561092754194284, 2.532660224891854e-10, 4.212504396924006e-10, 2.3183778003511017e-16, -7.576346917873399e-07, -1.9198869815288058e-17, 0.0006575152086897819, 4.000132813981614e-17, -1.034627506050603e-09, -1.1147532038022847e-09, -1.7609125039022734e-08, -1.7729654480414988e-10, -4.23457503449206e-05, 4.51661683671144e-17, -3.896868337647381e-07, -3.637444415489624e-17, 5.125691643845575e-09, -1.563452851556403e-16, 1.3508303266765354e-08, 0.00012193676821696618, 0.0021561129091561596, -1.7654870660079192e-10, -4.266296410187816e-10, 1.7354870129760486e-16, -7.577882486816832e-07, -1.3392434062187564e-16, -0.0006575163712948907, -3.306199729670152e-17, -9.217335434542755e-10, -5.067305622785581e-09, -2.786995013755634e-10, 0.0006018451019295365, -3.0531093336211185e-17, 0.000675463968070825, 0.0007491671538855579, -8.64956489398254e-05, 9.587852356764409e-17, 2.114470608114314e-09, -2.6313462395819444e-09, -0.0004285138727458216, -3.929814362551371e-17, -0.0006754654851942123, -0.0007491661297681014, -8.649709887381096e-05, 3.334035158766305e-17, -9.798132531638421e-10, 7.65080141046802e-09, 0.0004285135969055402, -5.946277036952907e-18, 0.0006754700321860576, -0.0007491572670359579, 8.649924726679282e-05, -6.104735791264134e-17, 7.49822913541926e-10, -4.212981075516459e-09, -0.0006018471887295639, 1.164193503518333e-16, -0.0006754691376783035, 0.0007491579786081124, 8.649548334577259e-05, 1.694761820565967e-17, -3.5839267828778004e-09, 0.0006018450956617702, 4.419107859483388e-09, 1.6077357389981146e-16, -7.833490999114037e-12, 0.00042851310219179853, 2.9345136793267903e-09, -1.5623661955696513e-17, 3.650620341854545e-09, -0.00042851434562133863, 4.905954925666607e-09, 2.9330082670520183e-17, 1.78586926321001e-09, -0.0006018471877845401, -1.1737952403444147e-08, -7.741583994605545e-17, 0.0006754626931418176, -8.64956538382814e-05, 0.0007491671223154957, 8.965330420168559e-18, 0.0006754714047094537, 8.649905604958305e-05, -0.0007491503004857326, -6.489629112354319e-17, -0.0006754635719970892, -8.649585025418552e-05, -0.0007491739024763019, 7.832880757247056e-17, -0.0006754707557157153, 8.649671904657319e-05, 0.000749156369853281, 6.669938724852413e-17, -0.001612133031940647, -0.0010514528931647752, 0.0010514636372269332, 0.0016121386541540507, -0.0010514543431788812, -0.0016121439696366701, 0.0016121358973935369, 0.0010514580707684667], [1.3530193806559172e-17, -1.3242796304536904e-16, -2.9185500942784933e-16, 7.868492249475948e-16, 5.476986969606389e-13, -1.0456916046600334e-16, 0.9999993478715273, 1.6855623243525432e-16, 1.1660715948078594e-12, -7.038393195806898e-17, 2.047800198871237e-15, -6.225657640325162e-16, 1.0855285149753425e-16, -2.1056093027832817e-17, -1.8554530153052847e-08, 1.681469596882728e-16, 2.5665388820367387e-07, -1.8958989193327133e-15, -6.361597071242459e-13, 4.2888047396185873e-17, -4.421937706727363e-17, -3.06990456161327e-17, 1.5394412701251407e-16, -6.407693126800176e-16, -2.0126096526616392e-14, -1.3893674813633767e-16, 5.914878871919112e-08, -1.7434291710426934e-16, -1.6547289323535462e-13, -4.196129612404715e-17, -2.147940970243991e-15, 5.180188195960827e-16, -7.383384041532226e-17, -2.743633015988011e-16, 1.8554436583989485e-08, -3.8601966172963307e-16, 2.5665683807051257e-07, 1.7422850989069938e-15, -5.216421263878801e-13, -1.0513367275934656e-16, -3.0792073412460657e-16, 3.0716831365858066e-16, -3.146845831627996e-16, -3.827405282583401e-17, 1.1327173628414123e-14, -2.2018535982054552e-16, 2.092701423487107e-07, 1.440769634217666e-15, -2.4561806583056956e-12, -1.2582575919165166e-16, 1.148883092936702e-16, -5.569076945679929e-17, -9.238506212841925e-16, 9.862217490017814e-17, -5.532296997476567e-14, 3.306772763777889e-17, -2.3630954879989949e-07, -1.3728820552233718e-16, 1.453248850460669e-07, 1.9068326649600247e-17, 6.754714529579626e-16, -3.701796498476709e-16, 2.0397784068189458e-16, -7.495334736840775e-17, 1.798165081081177e-13, 8.125362355225486e-17, 2.092677305737461e-07, -1.6255780875083006e-15, 1.470936911655887e-12, -6.877308547728284e-17, -2.1452515769461676e-16, 1.5160811108583726e-16, 7.648376460001099e-16, -1.1407979782126408e-16, -2.1760353907414945e-14, 3.6721076389097335e-16, -2.3631297171179083e-07, -2.1499126502310868e-16, -1.453223953358284e-07, 2.2042341560364252e-16, -2.3115641270920433e-16, -2.8602906089165984e-17, 2.12210786288768e-16, -8.245705719025387e-12, 2.421242707009627e-16, -3.429287509069745e-16, 1.053085272235489e-16, 6.015370666411941e-07, 3.6158785464838194e-17, 1.7940964889958063e-16, -1.4883839061870557e-17, -1.0314896981772378e-12, -2.5204188333783132e-16, 2.5618242914042813e-16, -2.728003899884443e-16, -6.015283137404393e-07, -8.573292667673126e-17, 1.255546778631527e-17, -8.500900869918042e-17, -3.6564750707769085e-14, -2.031130111277174e-16, -3.9192420157198985e-17, 9.10347253433556e-17, -6.015334953389994e-07, 1.2128445898368235e-16, -1.4447056862177283e-16, -1.5694009069925037e-16, -1.446306837863309e-12, -4.917758974573824e-17, 1.7572680834104828e-16, -1.374011405777907e-16, 6.015349758447238e-07, 1.896149362550297e-16, -2.7817675546758247e-16, 7.114568134712382e-17, 2.3245398731722434e-06, 3.8034816252900124e-17, -1.9240886274400665e-16, -1.1794310934193392e-16, 2.3585988104185744e-07, 5.173134916517558e-17, 1.0058001657240885e-16, 3.160106502561639e-16, -2.3586521929928697e-07, -7.017265802385098e-17, -9.100433808686073e-17, -1.192018209831042e-16, -2.3245683883968415e-06, -9.113409943824335e-17, -2.761602735990519e-16, 2.0235528283348585e-16, -9.758097756793037e-07, -1.0100039824489982e-16, -3.812090453561466e-16, 2.4574190973495665e-18, 9.758208807354425e-07, 2.8437963942484535e-17, 4.057652848176012e-17, -1.7905992372837546e-16, -9.758121678222505e-07, 1.8056035233436936e-16, 1.0810429901547202e-16, -8.904687597650665e-17, 9.758258494605019e-07, -7.049430553619143e-17, -1.4993966953220522e-16, 3.9400488311257444e-17, -3.2166861173300125e-17, 6.307545885310301e-17, 7.737591552028547e-18, -2.672836859055595e-16, -5.914152691591314e-17], [0.00829627730817945, 0.14093614777708852, 1.3693688767471434e-09, 6.158786733754942e-10, -1.3291657679882746e-17, -3.156213718582119e-09, 1.6855623243525432e-16, 0.9645400331201712, -1.2623724844409198e-16, -5.946987419107966e-10, -0.0012770903038996707, 0.0015285442974023835, 4.32725230841357e-10, 0.001285760023146806, 7.452467268615744e-17, 3.4390133647317305e-09, 3.049965173614371e-16, -0.0007309114891467243, 9.390857668392934e-17, 0.012345721126433694, -0.00013450781426846753, -0.005137014480678068, -1.5603984475646674e-09, 8.95842983641912e-10, -1.5081722270935674e-16, -1.460436158344141e-09, 8.246456956075752e-17, 0.0011045804370077247, 1.0155595783327135e-17, -2.2636804028382774e-09, -0.0012770886727497463, 0.0015285719726040251, 1.2628735640547433e-10, -0.0012857596191757448, 1.0184566176633632e-16, 4.257998913617893e-09, 1.6185381028622976e-16, -0.0007309146189377435, -3.992708616340796e-17, 0.012345788726093843, -0.0012770891262919154, 0.0015285490143879586, 0.0012857588640831116, 2.115792131013285e-10, 1.6822017104468114e-16, 4.743345091493324e-09, -7.785355642063274e-17, -0.0007309121656184364, 5.204464706301752e-16, -0.012345814972446871, -9.22085850789312e-05, 0.00787236274866408, -1.593611268186664e-10, 2.3441644275146965e-09, -6.088593223864726e-17, 0.0006575168473488396, 1.0763656583698858e-16, -0.0023264567678613363, -1.0977703990078784e-16, -5.529460582602179e-10, -0.0012770891116222973, 0.001528577862446349, -0.001285760736217072, 2.7700327934478714e-10, -1.8561801768775086e-17, 2.5864676563056153e-09, 2.6474332460722076e-16, -0.0007309201395479397, -2.1470244030745134e-16, -0.012345674390193873, -9.220898721994373e-05, 0.00787239757313761, 1.0207303469540955e-09, -1.2889573326564719e-09, 3.6970488070703454e-17, -0.0006575194034304692, 8.304354272383808e-17, -0.0023264636446147686, -8.099214575719737e-17, -1.084430029739991e-09, -0.026220310254987944, 0.048471452872011093, -1.6355338219463492e-10, -7.655801096303816e-17, -0.004736995996381626, 0.002129585479260128, 0.00438366609361452, 4.8324178503730704e-17, 0.0018710733830410024, -0.00025849079660545966, 4.225357256300214e-09, 9.985427483635869e-17, -0.004737011576344581, 0.0021296195637320694, -0.004383671570428575, -2.9059693524450817e-17, 0.0018710923544186329, 0.00025842288453172126, 6.505383516310514e-09, 8.736537779412547e-17, -0.004737010415924073, -0.0021295993882566914, -0.004383660038697659, 1.0868363593016626e-16, -0.02622032915849378, -0.04847141709066683, 3.375922342959517e-10, -1.2637386698021698e-16, -0.004736998304676194, -0.002129579171031056, 0.0043836616584546255, -7.77693265793248e-17, -0.026220316079823117, 1.4655386827594892e-09, 0.04847143776590603, 1.9701826511023363e-16, 0.0018710818178907537, -2.5702977350077313e-09, 0.00025846060799366606, -1.6353006538147164e-16, 0.0018710860394777426, -4.793875356097032e-09, -0.00025843874282878535, -1.5824805245815222e-16, -0.026220316252795566, -8.599915794573541e-10, -0.048471439615970585, 1.641013200163196e-16, -0.004737006837729247, 0.004383656020702398, 0.0021296272769530523, 3.2282899006018876e-18, -0.004737000134303057, -0.004383668837441501, -0.00212955274221001, -1.6964760725784565e-16, -0.004737000285364467, -0.004383662665738218, 0.002129573284789623, 2.1231199456443e-16, -0.004737010074146197, 0.00438367023624895, -0.0021296218663653826, 1.5570329628519947e-17, 0.01531809351417901, 0.0008122565796625314, 0.0008122559350233698, 0.015318101710854255, 0.0008122517883981284, 0.015318099167177902, 0.01531809357313837, 0.000812256980221492], [1.0019146129467704e-16, 5.664025591570366e-18, -3.869861063129412e-16, 7.7608644885281e-17, 4.630622982216417e-13, -1.7330218917131649e-16, 1.1660715948078594e-12, -1.2623724844409198e-16, 0.9999993478695718, 4.079257215770669e-17, -1.9558031909466238e-16, 1.5794860229689717e-16, 3.2635326054883506e-16, 2.8911067963336955e-16, 2.3951837661628864e-14, -4.924019082031447e-16, -1.995584285505996e-12, 1.1244356453955976e-15, 2.092701683732036e-07, 2.9963794086172123e-16, -6.191329382942158e-17, 5.574844440865606e-17, 2.186455889698025e-16, -2.8403267243762774e-16, -3.534630058163133e-14, -7.144333409886615e-17, -2.3098221410331325e-14, -1.325031099685682e-16, 5.914852982487579e-08, -6.795705999144214e-17, -1.7181617830054388e-16, -1.376317812713779e-16, 3.754689352241773e-17, 2.599273649646033e-16, 1.520565366964418e-13, -2.559929700378694e-17, 1.7676463775248074e-12, -8.005174190546091e-16, 2.0926897131346224e-07, 2.4713911181026613e-17, 1.1187961435330414e-17, -1.5742662344945986e-16, 6.169562616599298e-17, -2.4556355341307587e-16, -1.8554752612531224e-08, 2.1735111710094647e-16, -9.559483940107688e-13, -5.121213767848701e-16, 2.5665567405247576e-07, 1.66218872922026e-16, 8.625393733814613e-18, -1.0220593201439037e-17, -3.205917974669898e-16, 7.984688612940618e-17, -8.604586043258027e-14, 1.908136643169925e-16, 1.4532388835945368e-07, -4.81687253761922e-17, -2.3631015516734002e-07, -7.922384276491251e-17, 1.4690754172525345e-16, 6.417515347305492e-17, 2.8625741534271184e-17, 5.117321572112558e-16, 1.855427646000868e-08, -1.2405986642292813e-16, 1.207376026883459e-13, 6.178362984858567e-16, 2.566570400815282e-07, -1.0424448551857787e-16, 1.8049051577567377e-16, 2.1364304020077582e-18, 4.1703836880162864e-17, -7.202723568431353e-17, 6.624144473174174e-14, -2.189992749839385e-17, -1.4532225919678587e-07, 4.57152393843512e-17, -2.3631398369326888e-07, -9.728492360066437e-17, 1.1773147948007977e-16, -1.674307453705445e-16, 1.3846952256994874e-16, 2.324547847205713e-06, -9.680142281588687e-17, -2.029531426025699e-16, 2.795271928311769e-16, -9.75813582741709e-07, -8.129294476513854e-17, 1.53176307976973e-16, -1.336629933602459e-16, -2.358619608650345e-07, 9.499822168657282e-17, -2.278348339241494e-16, 1.0970572484885696e-17, -9.758199355407395e-07, -3.5520887294419757e-17, -1.1956099427976115e-16, -7.556168762194443e-17, 2.3586123647585496e-07, 2.889726293345956e-16, -1.9155538579408446e-16, 5.051766225687859e-17, 9.758207661454802e-07, -5.538733670671868e-16, 5.824847010950165e-17, -1.1840256252764604e-16, -2.3245698051835633e-06, 7.651014205845029e-17, -4.458059281705621e-17, -1.6096271202216635e-16, 9.758255855901996e-07, 1.4482008776626613e-16, -1.0983228326467724e-16, 6.3419310662781284e-18, -8.910366848099082e-12, -2.440424970813756e-16, 1.0317991622634669e-16, 1.859370807683092e-16, 1.9620181505195687e-13, 2.7052146976347617e-16, 3.833696290705464e-17, -1.048773616358395e-16, -2.08635084329817e-12, 2.4129728516311044e-17, 1.6106746276794125e-16, -7.892303776657885e-17, -5.6074520027316055e-12, -2.988428514954284e-16, 1.6933733084592064e-16, 1.0716422870008176e-16, 6.015386641339225e-07, -1.222951420867011e-16, 3.03370337041106e-16, -5.1032572800586166e-17, -6.015295913442375e-07, 1.1311020365678049e-17, -2.385581817910475e-17, -1.3405016334767352e-16, -6.015280957599088e-07, 1.7717881944547192e-16, -3.156894654410716e-16, 1.0808326281743709e-16, 6.015350139529158e-07, 6.785042095885177e-17, 2.1810241800714324e-17, -7.605882900273258e-17, 7.265349010660404e-18, -8.169452255186721e-17, -1.7830995629839197e-17, 1.0633362089349563e-16, 5.530403733736888e-17], [-3.7850577288523094e-10, 8.439383499453804e-11, -1.2838299260204926e-09, -1.2044169107851654e-09, 7.19430038920746e-18, -1.4990716398592262e-09, -7.038393195806898e-17, -5.946987419107966e-10, 4.079257215770669e-17, 0.9891311173343896, -0.0012653160889133216, -0.019397022545321514, -3.617333066608196e-10, 1.714784349486298e-07, 4.449279362968521e-17, 3.051939765622817e-10, 2.8977714549286944e-17, 0.005888549758272394, 8.680770138885795e-17, 0.031870975419563484, -1.2909304138640433e-10, 5.377327172834934e-09, 1.321511410625774e-09, 8.179681639511024e-10, -3.6439029369298373e-16, 1.2375255539494776e-09, -1.4834277069629235e-16, -5.927416103460101e-10, 2.365007459451998e-17, -0.010865049926533326, -0.0012653195710721934, -0.019397071102745876, 5.564754428842659e-10, -1.724412785070185e-07, 1.3816105953001427e-16, -2.5669354081575805e-10, -1.93363135339182e-16, 0.005888552348258512, 3.6075002116844923e-16, 0.03187104843327621, 0.0012653185271238219, 0.019397055530436247, -1.7165489778465708e-07, 1.383565858287088e-10, 2.2488410703465097e-17, -3.518464179174865e-10, 6.213116379301909e-17, -0.005888554190518596, 1.1208537825729356e-16, 0.03187107492501004, 1.3689018349649318e-10, -2.072566274564409e-09, -1.668648703847101e-10, -1.3546258663297848e-09, -5.461009606339788e-17, -3.384437932856692e-10, 1.6204525357073686e-16, 1.5166490040439374e-09, 1.4351806453348614e-16, -0.0054545344621644435, 0.0012653177116630108, 0.01939704276434856, 1.724129701058833e-07, -5.488466064602421e-10, 9.441916268518659e-17, 2.320519375368631e-09, -2.960371214194347e-16, -0.005888551909992123, -9.836850823631889e-17, 0.03187098378842694, -1.6257993375229854e-10, -3.638056425230679e-09, 9.81193941460781e-11, 8.665917091419492e-10, -9.018315865492892e-17, -7.40542447564761e-11, -7.910792266259648e-17, 6.265797857809415e-10, -2.091118836127902e-16, -0.005454537099990068, -0.005260206120747533, -0.022728465241722486, -5.016966619013728e-09, 3.8190890064740284e-17, 0.0008051686640572569, 0.007898426466220198, -1.0500252712510737e-06, -4.926173613801035e-17, -0.005259641415861359, -0.02272367336821263, 5.7052027849908696e-09, -6.486435423769141e-17, 0.0008051697915325373, 0.007898440976977577, 1.0494896303527754e-06, -3.317532555288152e-17, -0.005259657096154792, 0.02272372653558786, 7.600193312330121e-10, 6.924054350274654e-17, 0.0008051696250040131, -0.007898428293556345, 1.0414662227936502e-06, -1.2132098985650648e-16, -0.0052601919726584945, 0.022728414812071867, -5.919630980093862e-09, 1.1641841238149771e-17, 0.0008051700844207522, -0.007898432121596624, -1.0365535495047392e-06, 1.464410822907491e-17, 0.005260187866058957, -8.20318095918265e-09, 0.022728406335165055, -9.397113381750934e-17, 0.0052596389386110436, 9.931937084147356e-09, -0.02272367601432263, -7.149242552094933e-17, 0.005259651417756884, 4.322875864337649e-09, 0.022723717344506386, 3.477097352195993e-17, 0.005260204625679278, -8.416347843727344e-09, -0.022728460591726736, 7.415063763816987e-18, -0.0008051647599738327, 1.0411536133107002e-06, -0.007898454217135505, 2.0428832033490674e-17, -0.0008051705001713402, -1.0479296645996013e-06, 0.007898400986471849, 3.955486315525598e-17, -0.0008051714911535609, -1.041475235539073e-06, -0.007898416088170787, -5.101292267487005e-17, -0.0008051645434637927, 1.0434806204764872e-06, 0.007898455909994965, 3.0163776200676876e-17, 6.596856232053532e-09, -1.339094370101487e-10, -1.0418445627580311e-09, 2.226621193669189e-09, 2.4503920990503806e-09, -4.2466667266507266e-09, -2.7306829250574975e-10, 8.93699605453681e-10], [0.0005169640992222354, 0.004233664033935589, 7.01176698070551e-11, 0.0002877007204010724, -1.5531699105091549e-15, 3.724848370030673e-10, 2.047800198871237e-15, -0.0012770903038996707, -1.9558031909466238e-16, -0.0012653160889133216, 0.9977136039073822, -0.03548319848971395, -9.015815936166794e-11, -1.54696269584389e-10, -7.961929294962626e-15, -2.333828481040091e-10, -1.3419054596801947e-16, 0.01054910024402875, 1.3598051124745669e-16, -4.713177743333798e-10, 0.0005169642272941599, 0.0042336641867009115, 1.997916711726611e-10, -0.00028770093706629825, 1.8728176438049207e-15, 1.3221963165084193e-09, -1.7574927080466453e-15, -0.0012770906823857267, -9.25760998163716e-17, -0.0012653169544119022, -0.00013823330711124594, 0.0007413347323791088, 1.1231219300810901e-10, -1.1261378044554943e-10, 8.067043180441525e-15, -1.0401545061964273e-09, 5.140497720876388e-16, -4.9545432282550136e-05, -1.1822241105446333e-17, -1.094098110879704e-09, -2.8980962743785403e-05, 0.0007693869789286456, -1.1496212078759327e-10, 3.537450235728713e-10, -8.797888720505582e-16, 0.0001656999384485365, -2.2960655622149464e-16, -0.00025733097514804744, 2.15630429703578e-16, -3.7378015657861707e-10, 0.0005169640919110054, 0.004233662795604358, -0.00028770092443918693, 3.4390313227592486e-12, 3.1753365768359366e-16, 2.7067284735967664e-10, -4.0415060653221973e-16, -0.001277089930076707, -1.220366252456172e-15, 0.0012653171151103318, -2.89807820872135e-05, 0.0007693859669366349, 4.3026231265178685e-10, -9.335037312922798e-11, 9.652173177714271e-16, -0.00016570130239996548, 3.30212861180369e-16, -0.00025732938899554323, 5.197723866042676e-16, 3.3889990241816725e-10, 0.0005169643659723409, 0.004233663912794747, 0.0002877008045848821, 3.067250676340986e-11, 9.571445157548987e-17, 7.647255498815922e-10, 6.416084558463504e-16, -0.0012770905155506077, 1.4573403403910682e-15, 0.0012653162239094008, -0.0008528816812708727, 0.0003252821015760244, 6.94127397971373e-05, -1.5122644180146694e-16, 0.0049009933564058495, -0.01318845033793819, 3.291219401065084e-11, -3.273136256649379e-17, -0.0008528806137476121, 0.0003252857510215598, -6.941186149453179e-05, -2.2176209664782233e-16, -0.0009344762663656213, -0.001328928205631064, 7.993842699013457e-11, 1.52240989620458e-16, -0.0008528809298921928, -0.00032528850132099656, -6.941325942701493e-05, -6.303424572613799e-16, -0.0009344759898505404, 0.0013289303166490933, -6.056752065977352e-11, -5.899865295250347e-16, -0.0008528814440570358, -0.0003252832283470848, 6.94106988015841e-05, -1.6090833359548405e-16, 0.004900993134636006, 0.013188449725472614, 1.7908998279902263e-09, 1.092288255491498e-16, 0.004900993826279749, -1.9929019938901436e-09, 0.013188447934814173, 2.8222270464237995e-16, 0.00490099213560145, 2.3655704977946747e-09, -0.013188450117446841, 3.6391480578071217e-16, -0.0009344768228731704, -3.823406548365709e-10, 0.0013289277135131584, -8.199911958258118e-16, -0.0009344762853327393, -2.1533072453913802e-10, -0.0013289302623096788, -6.4973129342423e-16, -0.0008528808076643934, -6.94130980598085e-05, -0.00032528126375257573, -1.225398774549635e-16, -0.0008528818200321915, -6.94133440300541e-05, 0.00032528121711453156, -3.796829931270395e-16, -0.000852881164040615, 6.941246881374663e-05, -0.00032528533212520345, -3.12749178982262e-16, -0.0008528811810494212, 6.941040448250503e-05, 0.0003252890302134045, -1.0029269011163346e-17, 0.0018157093938704746, 0.0018157135808999142, -0.00038303608810926116, -0.0003830348539767549, -0.00038303649863568115, -0.0003830369019572664, 0.001815710829622086, 0.0018157140775229232], [0.00396079383830478, -0.030493056242522947, 1.9871361729250665e-09, 0.004852279120302976, -5.0942849870804903e-17, 7.87811047388893e-09, -6.225657640325162e-16, 0.0015285442974023835, 1.5794860229689717e-16, -0.019397022545321514, -0.03548319848971395, 0.3902169789064977, -2.3241889359003285e-09, -2.033629404554387e-09, 3.184951094917205e-16, 5.2755663694236586e-09, 6.114209010705285e-17, 0.17853282622968777, -4.444698946