{"E": -1.8421604226650E+03, "iao_dmu": [[0.9977614884098966, -0.03488407148553657, -1.1721256662735204e-11, -1.625539345828625e-10, -7.141851236085363e-17, 8.581242598311345e-10, 4.048312203852642e-17, 0.008296277308179504, 1.1816857585538398e-16, -3.7850579220353577e-10, 0.0005169640992223418, 0.00396079383830483, -1.3741504563409425e-10, -0.00030697111460264054, 1.768073293048071e-17, -1.253539280136494e-09, 7.11265006196971e-17, -0.001476924525424747, 6.164464760996002e-19, -0.003469171170891917, -0.00013452863450576753, 0.0013355184622922932, 3.618075067723551e-11, -1.7286085221803112e-10, 1.5675697810603155e-16, 2.402402128231405e-10, 1.3771328486005177e-17, -0.00013450763891880533, 2.999418943090467e-17, 7.796943029715758e-11, 0.000516964361163528, 0.003960796851562087, -6.096999432215114e-11, 0.0003069710192046172, -1.091000327400287e-17, -6.344941217346981e-10, 1.1436701855459473e-16, -0.0014769246375770976, 1.133402051705875e-16, -0.0034691708922101293, 0.0005169641720243229, 0.003960796327526454, -0.00030697088018557904, -7.586417979423583e-11, -1.287324473955179e-16, -1.2466934823059404e-09, 2.1494449100747168e-17, -0.0014769231294782768, -3.2529328981641757e-17, 0.0034691704611730756, -1.3896283580014502e-05, 9.31235883998147e-05, -2.220226028044782e-10, -2.967287256733462e-10, -2.931978987544888e-17, -0.00012193666508931135, 1.4479107327516466e-17, -9.220857554556883e-05, -2.5105264113347532e-17, 1.992929130199523e-11, 0.0005169643233900429, 0.003960794785078495, 0.0003069712957252401, -9.01771058143802e-11, -7.894815340809011e-17, -4.919607184696973e-10, -1.1746294013303616e-17, -0.0014769259338036987, -7.376664940407989e-17, 0.0034691716099415726, -1.3896204053703095e-05, 9.311599514068679e-05, 7.545352744430148e-11, 3.9140686885372434e-11, -5.414772335970997e-17, 0.00012193716890692644, -1.728712676199605e-17, -9.220730641127621e-05, 6.156462971299494e-18, 1.3062382638445386e-10, 0.004348484274126386, -0.013374711187482072, 2.446785641134099e-10, -2.474480182674045e-17, -0.0005206753790606213, 4.154339582899546e-05, -4.730597115935714e-05, -3.5887322174529205e-19, -0.0012100115102320161, -0.0014529222310169202, -4.815637235490524e-10, 1.4358472088822852e-18, -0.0005206749345799054, 4.154595851705973e-05, 4.7307082533023235e-05, 8.780896327638814e-18, -0.001210010781213384, 0.001452926136806367, -8.028669306615935e-10, 6.932027652857604e-18, -0.0005206747410125069, -4.1550367021405435e-05, 4.730621880777665e-05, -1.530526299414638e-17, 0.004348484159751956, 0.013374715516017347, 7.89237919040264e-10, 1.616378245250167e-17, -0.0005206747303403059, -4.154507467530435e-05, -4.730731159521808e-05, -4.24166767098374e-17, 0.0043484840261897376, 8.137582076205133e-11, -0.013374712728845889, 6.754228885510975e-17, -0.0012100107268452948, -4.651005030485334e-10, 0.0014529227890886281, 3.738222306378292e-18, -0.0012100112555710832, -1.819263720427939e-10, -0.0014529250958140484, 3.2946403967325697e-18, 0.004348483662190345, 1.408866762765506e-09, 0.013374711924609536, -6.96330018737974e-18, -0.000520675283429198, -4.7305460250039044e-05, 4.154408431667586e-05, -1.1166093642840772e-17, -0.0005206746467867467, 4.730680700995522e-05, -4.1550281977823503e-05, 1.102108568699557e-18, -0.0005206745436354921, 4.7307441868118395e-05, 4.154595014788376e-05, 4.732597854130473e-18, -0.0005206750117703792, -4.730701784366807e-05, -4.154538202867179e-05, 5.277340072880573e-18, 0.0020317382525891106, -0.00040031618334894655, -0.0004003174478151615, 0.00203173862636733, -0.00040031854849168776, 0.002031739831579285, 0.0020317382381823644, -0.00040031800028986897], [-0.03488407148553657, 0.39746773186545176, -6.982889972461267e-09, -1.3926616699965085e-09, -1.0102506236950394e-16, 1.29329905266946e-08, -8.17742625125567e-17, 0.14093614777708854, -7.296499444948547e-18, 8.439384273152121e-11, 0.0042336640339355625, -0.030493056242522944, -1.341255425749689e-09, -0.005303164056856712, -4.5173256841602866e-17, -1.2633186028924428e-08, 1.0340895482344595e-17, 0.003572643688696881, 1.1845228323530197e-16, -0.049901406115535736, 0.001335513720019464, 0.021302828153448982, 7.891761434883391e-09, -4.691487693513208e-09, -1.0742274695526017e-17, 6.389749963092861e-09, -4.693268235482337e-18, -0.005136997433721902, 2.5301810261728117e-17, 6.703177462854236e-09, 0.004233661014308099, -0.03049308703864488, -1.5068591466916006e-09, 0.005303162120869148, 1.3687738499691396e-17, -1.687855224185172e-08, 8.985150520644655e-17, 0.0035726336381732356, 4.802470199467517e-18, -0.04990170846995598, 0.004233660079086382, -0.030493048808426793, -0.005303159820067277, -2.933334555073562e-10, -2.2823129211894578e-17, -1.7701101947181246e-08, 2.4306540635708412e-17, 0.0035726388538334874, 1.6411415488568738e-16, 0.04990192332910871, 9.312148962661046e-05, -0.04798861325185148, 2.592069136356053e-10, -1.1848412916957681e-08, -7.845686055871293e-18, -0.002156115854258097, -6.163986378968593e-18, 0.007872372560480479, -4.43782146667733e-17, 3.344014096052006e-09, 0.004233664309886042, -0.030493103365589604, 0.00530316671145806, -1.902587696519281e-09, 4.211042005542531e-17, -1.114233354640973e-08, 4.3527361522402455e-17, 0.003572653897494702, -6.167365850974678e-17, 0.04990112233482515, 9.312651507443573e-05, -0.04798869117519181, -3.6355747393731767e-09, 7.66036391457862e-09, 2.4592083664090336e-17, 0.0021561245477144607, -3.0334272626751606e-17, 0.00787238547069275, -2.2317116773250905e-17, 4.454773460469938e-09, 0.09393427017936853, -0.19790717072242908, 1.0227689534868878e-08, -6.818801915113093e-17, 0.015045532554379537, -0.010914416674320115, -0.0022300112732989655, -6.051623257309438e-18, -0.0037191093040515157, 0.007645983361533267, -1.7993723983601972e-08, 6.180964315701017e-17, 0.015045575673148159, -0.010914562154704228, 0.0022300270396395745, 2.203633510879313e-18, -0.00371919860349197, -0.0076456472898854145, -2.1422498719722143e-08, 2.4573363542970514e-17, 0.015045581901331212, 0.010914463390446959, 0.0022299699770543233, 4.134389920072307e-17, 0.093934361982267, 0.19790696071647668, 6.015709873924582e-09, -3.432925174265383e-17, 0.0150455331602166, 0.010914411705005875, -0.0022299779405698743, -2.261548475728631e-17, 0.09393431666105663, -1.684440332936254e-08, -0.19790705225748031, -5.30815304294895e-18, -0.0037191404648679177, 1.95573014675541e-08, -0.00764585464855144, -2.933215925214251e-17, -0.003719170722140512, 2.3232836953772288e-08, 0.0076457351600056605, -1.9466768238894315e-17, 0.09393429395442635, -1.0938147753334473e-08, 0.19790708969972126, 4.179779821179814e-17, 0.015045589971408754, -0.002229964469847825, -0.010914628172452737, -3.478863228082273e-17, 0.015045523850292834, 0.002230015307970407, 0.010914225318989165, -4.1462097546520874e-18, 0.015045519341637354, 0.0022299899702878873, -0.010914325039718259, 2.4094621803022325e-17, 0.015045587089230886, -0.002230015527693029, 0.010914627401119184, 2.499687493630252e-17, 0.03243329520781092, -0.001251341376955314, -0.0012513485425132997, 0.03243328750198643, -0.0012513403742989155, 0.032433279361033115, 0.03243328117020921, -0.001251338201475103], [-1.1721256662735204e-11, -6.982889972461267e-09, 0.9998241918750248, -4.6157165120514655e-11, 3.7523894213395065e-16, -1.1939989120699584e-10, -3.363691043257034e-16, 1.3693688675315712e-09, -3.772660432662664e-16, -1.2838300271525298e-09, 7.011768696001705e-11, 1.987136135451069e-09, -4.945182711915315e-07, 5.425130334591936e-12, 1.0164939980903805e-15, -4.986000222530261e-05, 3.7327348186846583e-16, -9.69441583691447e-10, -1.414556426500099e-16, 1.3846628813365681e-08, -8.315519834797116e-11, -8.30483504023413e-09, 0.00017451128891319913, 4.0041287700895525e-12, 2.9050815667020855e-16, -8.655868968788122e-11, -1.2862390930930262e-16, 1.570559339434358e-09, -1.0844342750876035e-17, -1.6064971171058315e-09, -1.0468394515331245e-10, -8.808961791995318e-11, -4.945083347016262e-07, -2.801734143834018e-11, -2.399649750199602e-16, 4.986007881687388e-05, 2.5655943760358333e-17, -2.055932474872895e-10, -1.7631813385920297e-16, 1.4382366692466441e-08, 0.0002877008788552067, 0.0048522805575939585, 4.503292146905347e-07, -7.378316222261032e-12, 9.923462645128264e-17, 5.898581836189722e-11, 6.503837141741376e-17, -0.0014770330063715819, -1.7913746897016842e-16, 0.005548577518682071, 2.383375882186532e-10, 1.0974418048671632e-08, 5.927045291759499e-07, -1.774689915637083e-05, 3.922135582699393e-16, -2.1378552611888427e-10, 9.378197023330573e-18, -2.13505342404663e-09, 3.0550983444502604e-16, -1.2826127865954313e-09, -0.0002877009565661019, -0.004852281811103239, 4.502961000750522e-07, 9.724273183849206e-11, 2.9343526718735375e-17, -1.1830040532694437e-10, 1.91534428576768e-16, 0.0014770348594337092, -2.0030804550426233e-16, -0.005548608093288418, 1.377027560361487e-10, 9.741212499658746e-09, 5.926517078017626e-07, 1.7746932488559946e-05, 6.770011502463927e-16, -1.5901646433129267e-10, 1.1445342022101473e-16, -1.6553309062159626e-09, -2.616000559812058e-16, -1.0949330468554741e-09, -0.001516879412053699, -0.0035768854745361575, -1.3733007572984868e-10, -4.3489841793559727e-16, -5.727534981570211e-05, 1.1676656724039499e-06, -0.00019007064607972618, -4.789136324333953e-16, 0.0014023395076974044, 0.003573339895153261, 2.575060974220089e-10, -2.306016074344378e-16, -5.727446885166905e-05, 1.1668540435767848e-06, 0.00019007071756077046, 1.3384976800653275e-16, -0.0014023335084795716, 0.00357334120446038, -6.455099545092685e-10, -2.868446894962537e-16, 5.726852396702862e-05, 1.1641218953111661e-06, -0.00019006957142841412, -2.929623057116411e-16, 0.0015168850106294823, -0.003576885155927644, -3.7512292760120116e-10, -1.861329880046144e-16, 5.726803156667685e-05, 1.1626235798655347e-06, 0.0001900703660045366, -3.899262494363633e-16, 1.7716152735499206e-09, -0.0006010043515651224, 2.2274872867947163e-09, -3.534633088307011e-16, 2.1019053194451943e-09, 0.00042905932261843113, -2.0343003367864076e-09, -4.0347645661565083e-16, 2.5455895483314183e-09, 0.0004290586005581564, 2.737491624839302e-09, -4.0535348120625587e-16, 2.6396273956648456e-09, -0.0006010039376830067, -3.106564295709003e-09, -3.0807518665448463e-16, -0.00029981877928691476, 8.617200486992205e-05, -0.00037124245411467575, -4.1391417868257704e-16, 0.00029981163263748686, 8.61721028552041e-05, -0.0003712391013790988, -6.113109847362535e-16, 0.000299811744142323, 8.617195883240064e-05, 0.0003712409590039226, -2.8335349933567106e-16, -0.00029981799211815815, 8.617104968280534e-05, 0.0003712425096548824, -6.081363802546855e-16, 0.0003642555987286972, 0.00012000733460982634, 0.00012000751041510091, 0.0003642531153338441, -0.00012000616782248853, -0.0003642552864027617, -0.0003642532302157455, -0.00012000686483576935], [-1.625539345828625e-10, -1.3926616699965085e-09, -4.6157165120514655e-11, 0.999824191881036, -1.2799157457356793e-15, -1.7973985318539897e-10, 6.55621186841728e-16, 6.158786643518793e-10, 1.6853914441264706e-16, -1.2044168290435162e-09, 0.0002877007204009647, 0.004852279120302921, -2.052231260487924e-11, 4.5030357730418373e-07, -4.76326566638266e-15, -1.5354511024582538e-11, -3.3152691555199847e-17, -0.0014770342995573526, -8.721056917774577e-17, -0.005548599533745464, 7.166867955924719e-11, 3.241230987267343e-09, -2.3286056506404726e-11, 0.00017451128171111624, 5.851836141166656e-16, -3.7076242333504313e-10, -5.739474387559323e-16, -9.033743303177512e-10, -1.0195460132301663e-16, -5.666736136977956e-10, -0.0002877010871033867, -0.004852283239611159, 6.79671097735184e-11, 4.502969458574443e-07, 4.134252927415754e-15, 1.2580636598557305e-10, 4.148037679160447e-16, 0.0014770331130531781, -9.987872747788535e-17, 0.005548585899361709, 3.553914561163406e-11, -1.0213515418075262e-10, -5.687782328247846e-11, -4.945217593945196e-07, -4.136541462933034e-16, -4.985981240226305e-05, -8.56312816489371e-17, -2.7795951296461917e-10, -5.034423697472769e-16, 6.516910159726838e-09, 2.5335484537938094e-10, 6.101067264388433e-10, -1.7746898134367576e-05, 5.927029784067707e-07, -1.9534795671225093e-16, -2.0928393614709794e-10, -3.7539779535949915e-16, 8.853376403715873e-11, -1.365863453217545e-15, -2.185489334740551e-10, -1.2701890820634047e-10, -1.6294492695009916e-09, 3.03689513314018e-11, -4.945053409732526e-07, 3.8438713027251056e-16, 4.986030365112372e-05, 3.750919927368315e-16, 2.2976213597337692e-10, 1.0490932880545019e-16, 5.315829047733435e-09, 9.142688052146494e-11, -2.0190635609808273e-09, 1.774696911808941e-05, 5.926676460189895e-07, -1.1810336622162995e-16, -6.085361052810615e-11, 1.0830052597870483e-16, 7.471832319688613e-10, 1.0342886676503549e-15, -3.61489215312817e-10, -2.0720400173172678e-10, -2.9110329611194748e-09, -0.0006010037917582009, 8.614285731661159e-17, -0.0002998143059387055, -0.00037124377599036235, 8.617186481175362e-05, 2.8752086483024037e-16, -9.093965042797743e-10, -3.358866038729432e-11, 0.00042905958225252405, -1.399505313342177e-16, 0.00029981632285009237, 0.00037124085603716374, 8.617210917443424e-05, -2.6564881771058997e-16, -1.3968803697389232e-09, 8.012196923812871e-10, 0.0004290585628777405, 1.6335082742014633e-16, 0.00029981581359063615, -0.00037123885337818547, 8.617248604430165e-05, -3.3017871673746625e-16, 3.595836915441491e-10, 1.978439473506006e-09, -0.0006010046666698181, 3.2350132051710734e-16, -0.0002998134785146532, 0.00037124370436303475, 8.617112652427065e-05, 4.227284270217391e-16, -0.0015168822692081974, -3.0673056487437165e-10, -0.0035768851386661924, 3.698873118089581e-16, -0.0014023377519410784, -4.785186215608306e-10, 0.003573339846372278, 5.413035089804998e-16, 0.001402335148573792, 1.8849290506340032e-10, 0.003573340975553831, -1.6864647519955095e-16, 0.001516882034523565, -2.8543055311718975e-10, -0.0035768852112699053, -1.6072249930870092e-18, -5.727116453537771e-05, -0.00019007090286465633, 1.1636338584261179e-06, 4.655925960511236e-17, 5.7272430337618543e-05, -0.0001900698039538604, 1.1680698388587347e-06, 2.558014087867031e-16, -5.727033442053148e-05, 0.0001900715383270913, 1.1636747529712345e-06, 5.132497041558205e-17, 5.7272450604450796e-05, 0.00019006964699101516, 1.1663812593693128e-06, 3.1167078884869113e-16, 0.0003642540854765737, -0.00012000613523267272, 0.00012000781037999639, -0.0003642546205355155, 0.00012000782002847087, -0.00036425571663729954, 0.0003642526007089163, -0.00012000679496124943], [-7.141851236085363e-17, -1.0102506236950394e-16, 3.7523894213395065e-16, -1.2799157457356793e-15, 0.9999999809228517, 1.2151645085299337e-16, 5.477136651229495e-13, -1.11629101730728e-16, 4.63068401749415e-13, 3.365966616538647e-17, -1.4977525894112582e-15, -9.9953134036852e-17, 9.894539669914243e-17, 7.330060392727283e-17, -2.293037775314688e-09, -8.161063361974844e-16, 3.785995309693557e-08, 4.620939858390079e-16, -2.276807823620282e-13, -3.051066249488973e-17, -6.8210904499901e-17, -2.0119391998032446e-16, -4.7877692874079865e-16, 8.255960100745399e-16, -1.1578265449792489e-09, 2.1264389827877333e-16, 1.0092990817495607e-13, -3.2872088666573964e-17, 9.925671317553208e-14, 4.256607716118977e-18, 1.4372350871418261e-15, -1.224516984652133e-16, -4.449693904729886e-16, 5.637451078617697e-16, -2.2930242863726954e-09, 1.434127670202285e-16, -3.7860231567463536e-08, 2.723660371828018e-16, -1.2271058257394873e-14, -5.097201959600049e-17, 4.125710355693853e-16, -4.529214501605305e-17, 2.395007370509758e-16, -3.179142164881991e-16, -2.2930491846872604e-09, 4.2722376882467794e-16, -2.713751960692332e-13, -7.218332662443562e-16, 3.786000124729848e-08, 7.120719942459516e-17, -7.739704139649011e-17, 6.335075077465614e-17, 7.126944436233471e-16, -1.8249502535638543e-16, 3.558900728741864e-09, -9.42581266850394e-18, -7.870366681957701e-14, -1.0795639534044695e-16, -1.627435478721747e-14, 1.5126525172851517e-16, -2.9531896782129627e-16, 1.543602204314567e-16, 3.303073007596973e-16, 1.6331349362512445e-16, -2.2930226473261627e-09, -4.046679870172238e-16, -3.4672574317215355e-14, 1.9163921065887974e-16, -3.786026258789982e-08, -6.540205046795044e-17, -1.2243017127384514e-16, 9.748201571240448e-18, -1.1170935732843207e-15, 5.175596937530193e-16, 3.5590419077731303e-09, 4.226444799651548e-17, 1.7559195306657259e-15, 9.093208898163489e-17, 5.199617030294125e-14, 2.026823466010108e-16, 8.470153197864165e-17, 1.0146209300569717e-16, -8.445139138751476e-17, 3.109866126190109e-07, 1.328442951786594e-16, -4.817720700501468e-17, 1.0770675515865846e-16, -1.202150477166433e-07, 2.1686831742351515e-16, -2.8042354396725247e-16, 4.589341087276408e-17, 4.149119687102627e-08, -1.166582247868236e-16, -5.20266189847293e-17, 8.850608352550578e-17, -1.2021629753390966e-07, -2.470263828089079e-16, -2.268472041660493e-16, -3.369747278644195e-17, 4.149150878966354e-08, -8.345528051829535e-17, 4.479355136179671e-17, -1.1854529942041443e-16, -1.2021628010710444e-07, 1.0504462841594427e-16, 1.9852645219332506e-16, -6.634822800529947e-17, 3.1098870204827496e-07, 1.8541383966534614e-16, -3.6703855948025703e-16, -4.100728437293529e-17, -1.202165239088739e-07, -1.2562164200174003e-16, 3.8688678628988845e-17, 5.856904436315773e-19, 3.109861315893097e-07, -2.845632287131531e-17, -1.1799449067022582e-16, -7.893289194753327e-17, 4.14912769565561e-08, -1.4655738471263913e-17, -5.775362906670562e-17, 1.7506273584547667e-16, 4.149092754199751e-08, -1.9009285585740156e-16, -5.794064194696162e-17, 2.6277884968216697e-16, 3.1098838382584947e-07, -1.7307182039455338e-16, -8.297103707033294e-17, 3.498109444007304e-17, -1.202145173574375e-07, 8.894494969834027e-17, 1.107658286605928e-16, -2.7636073370398425e-16, -1.2021616690851061e-07, 1.3021560545484633e-16, -6.9085785914093245e-18, 1.410773906746935e-16, -1.202160134986049e-07, -1.3589348115483953e-16, 6.495379445030725e-17, 6.161237460842649e-17, -1.2021615418195191e-07, 6.922600925587563e-18, 2.1937165542057786e-16, 2.4936477264369695e-17, -8.448536211338373e-17, 7.60401551810678e-17, -9.029724063732286e-18, 2.0684735062387088e-16, 3.561373366373663e-18], [8.581242598311345e-10, 1.29329905266946e-08, -1.1939989120699584e-10, -1.7973985318539897e-10, 1.2151645085299337e-16, 0.9999640804741692, -1.4780704095434428e-17, -3.1562136711575055e-09, -1.6871342206157276e-16, -1.4990716147456839e-09, 3.72484760946089e-10, 7.87811048063355e-09, 4.234571730893695e-05, 1.8195630496291252e-10, 6.15574371207425e-17, -3.898529017961192e-07, 6.06266036594664e-17, -2.830535452536265e-09, -7.220627113612522e-18, 5.811149801501762e-09, -4.363606892556259e-10, -8.905550410179274e-09, 1.0677037863736079e-10, 1.9306219984462917e-10, 1.734592569921264e-16, 3.390900746106343e-05, -2.4261771320255356e-16, 1.8082938222680494e-09, 1.0761844271939909e-16, -1.4743529621427497e-09, -1.1222881196888088e-09, -1.7392969183677347e-08, -4.234572613540497e-05, -1.842288007820261e-10, -3.50696942899e-17, -3.8962124350593646e-07, -4.391355718035561e-17, 5.06380319636294e-09, 6.988708163698091e-17, 3.840271863558816e-09, 8.492121317285848e-10, 1.551133201603065e-08, 1.8174296010207506e-10, 4.2345671137627496e-05, -6.37093094308068e-17, -3.897930532961562e-07, -8.912213083243108e-17, -5.204708177364523e-09, -4.3587580129370484e-17, -3.755504079872468e-09, -0.00012193633518589683, -0.002156109275419443, 2.532661131904862e-10, 4.212503916017188e-10, 1.3684106729844377e-16, -7.576346917978793e-07, -4.7832993937908476e-17, 0.0006575152086897775, 1.99061565518705e-17, -1.0346274975737591e-09, -1.1147532718994583e-09, -1.7609125036701017e-08, -1.772963829869757e-10, -4.234575034485308e-05, 2.1789712576971784e-16, -3.8968683374891195e-07, -3.6635220422517025e-17, 5.1256916002297966e-09, -5.78255716643769e-17, 1.3508303226676528e-08, 0.00012193676821691713, 0.002156112909156147, -1.7654865870895e-10, -4.2662961961461936e-10, 1.9102945366265275e-16, -7.577882486680675e-07, -1.5536553030265846e-16, -0.0006575163712948849, 6.973057259514059e-17, -9.217335321195514e-10, -5.067305673834018e-09, -2.786995072784614e-10, 0.0006018451019295453, -9.682070525353553e-17, 0.0006754639680708235, 0.0007491671538855266, -8.649564893982363e-05, 5.636305011446856e-17, 2.1144706344644097e-09, -2.6313462940713472e-09, -0.00042851387274584044, 1.432337565778511e-18, -0.000675465485194218, -0.0007491661297681864, -8.649709887373072e-05, 5.765182396049087e-17, -9.798132675373276e-10, 7.650801341120116e-09, 0.00042851359690554777, -2.1580908891409666e-17, 0.000675470032186048, -0.0007491572670360265, 8.649924726670336e-05, -1.3008862968231096e-16, 7.498229450873166e-10, -4.212981059145109e-09, -0.0006018471887296565, 1.4644922163428988e-16, -0.0006754691376782827, 0.000749157978608104, 8.649548334583187e-05, 9.662459519605176e-18, -3.5839267065776482e-09, 0.0006018450956616099, 4.419107852787639e-09, 9.983722563942325e-17, -7.833502378055386e-12, 0.0004285131021918675, 2.9345136872287763e-09, -4.7300101607366525e-17, 3.6506203686108128e-09, -0.0004285143456214369, 4.905954937298649e-09, 5.171698313387495e-18, 1.785869200348245e-09, -0.0006018471877846615, -1.1737952410060078e-08, -4.370522112175636e-17, 0.0006754626931418082, -8.649565383833449e-05, 0.0007491671223155509, -2.4138785851315303e-17, 0.0006754714047094779, 8.649905604952528e-05, -0.0007491503004857139, -7.810581587783776e-18, -0.0006754635719970962, -8.649585025405003e-05, -0.0007491739024763445, 9.316638791551111e-17, -0.0006754707557156755, 8.649671904652064e-05, 0.0007491563698533097, 3.2540320079448245e-17, -0.0016121330319406617, -0.001051452893164768, 0.0010514636372268792, 0.0016121386541540527, -0.0010514543431788832, -0.0016121439696366638, 0.0016121358973935824, 0.0010514580707684522], [4.048312203852642e-17, -8.17742625125567e-17, -3.363691043257034e-16, 6.55621186841728e-16, 5.477136651229495e-13, -1.4780704095434428e-17, 0.9999993478715269, 3.1868413774254956e-16, 1.1659231773209682e-12, 2.1677817308322414e-17, 1.9516092331578926e-15, -5.860599218949257e-16, 6.871261271591815e-17, -1.1907039657052612e-16, -1.8554530377539944e-08, 2.1705075620386013e-16, 2.566538881616397e-07, -1.9380623264377118e-15, -6.361089557407967e-13, 4.6280341748398576e-17, -3.386412397983329e-17, 3.459047217092021e-19, 1.8521440691008755e-16, -7.039558478972021e-16, -2.0165372994510113e-14, -1.718215872068401e-16, 5.914878882327406e-08, -2.3269321905207935e-16, -1.6547816465321964e-13, -1.8060397282245288e-16, -2.166380305062867e-15, 4.625041308841668e-16, -2.1897303494887915e-17, -1.642040521329679e-16, 1.8554436795332027e-08, -4.259795240146994e-16, 2.5665683793983386e-07, 1.7630246787176235e-15, -5.21764851208297e-13, -6.430419302209668e-17, -2.630490973927747e-16, 2.736651395015057e-16, -2.356171799087051e-16, -1.2092740743283586e-16, 1.1159546571371783e-14, -2.1058076980417038e-16, 2.092701424283873e-07, 1.3341762499378508e-15, -2.4562235555622906e-12, -3.424646125675927e-17, 1.7495949184286378e-16, -7.013460689803839e-17, -9.440866508829994e-16, 1.2365226592737885e-16, -5.5431791175592375e-14, 4.103116970299264e-17, -2.3630954891664723e-07, -1.3143563997848867e-16, 1.453248850231583e-07, -2.873092123347373e-17, 6.553497557824642e-16, -3.9119981008763703e-16, 2.4894921333858633e-16, -1.3904836476665717e-16, 1.7981286947780088e-13, 1.0678695926430537e-16, 2.0926773062141944e-07, -1.6127210815903e-15, 1.4709030842791444e-12, 5.0778233223955994e-17, -2.0037006174092907e-16, 1.9911450083750007e-16, 8.470225095863676e-16, -7.80779594586993e-17, -2.168101870997697e-14, 2.7531237872419493e-16, -2.3631297153723235e-07, -1.8748683064884344e-16, -1.4532239545077377e-07, 1.3455975450680284e-16, -1.490850463856223e-16, -3.275337747798744e-18, 3.040201101341576e-16, -8.245726268804297e-12, 3.6295223988342505e-16, -3.5680964458558813e-16, 7.50796616140129e-17, 6.015370667236769e-07, -5.958069249640875e-17, 1.5871978566165468e-16, -8.551108134648649e-17, -1.0314216452761844e-12, -2.639862746961656e-16, 3.0404765685803763e-16, -3.3123366594240676e-16, -6.015283137112823e-07, -1.6702834195901587e-17, 3.003389067904316e-17, -8.593265050157898e-17, -3.6496448354576194e-14, -3.0106787108618916e-16, 2.8405820820804974e-17, 1.0674641996966836e-16, -6.015334953301721e-07, 9.560741153896839e-17, -1.5855509577480173e-16, -1.8334758456009049e-16, -1.4462451353225561e-12, -2.1317743760322948e-17, 1.4934055106629705e-16, -1.3891966570705978e-16, 6.015349759259861e-07, 1.1246505620794374e-16, -1.3232847172546715e-16, 4.462026704119686e-17, 2.324539873278091e-06, 1.3221910318660005e-16, -2.4813372291830303e-16, -1.2684908243541652e-16, 2.3585988098458073e-07, 3.8345536795799055e-17, 6.788219831033369e-17, 2.718986603610471e-16, -2.358652192158106e-07, -4.552008624512344e-18, -1.690677824204316e-17, -9.712581888903692e-17, -2.3245683882511248e-06, -1.0164377448408851e-16, -2.3857301595347793e-16, 1.9230271592647946e-16, -9.758097755328583e-07, -1.578789436575239e-16, -3.3007682038646913e-16, -3.3297125265014e-17, 9.758208806450287e-07, 6.358706480218639e-17, 2.1110220528420184e-17, -1.7002323524031312e-16, -9.758121678076457e-07, 1.4050635711441022e-16, 1.327950730183755e-16, -5.885434170961984e-17, 9.758258494875315e-07, -4.581270323286092e-17, -1.5902287447104418e-16, 5.107300834949728e-17, -2.3357036761014634e-17, 1.147486747522881e-16, 1.5022187060168158e-17, -2.8844027359381497e-16, -4.227091954331267e-17], [0.008296277308179504, 0.14093614777708854, 1.3693688675315712e-09, 6.158786643518793e-10, -1.11629101730728e-16, -3.1562136711575055e-09, 3.1868413774254956e-16, 0.9645400331201712, -1.0123434789369686e-16, -5.946987370014582e-10, -0.0012770903038997238, 0.0015285442974024412, 4.3272524295884615e-10, 0.0012857600231467386, 7.334294152274833e-17, 3.4390133539901604e-09, 3.7892683777481065e-16, -0.0007309114891467288, 2.700883802764092e-16, 0.012345721126433692, -0.00013450781426845593, -0.005137014480678015, -1.5603983932755345e-09, 8.958429312279148e-10, -1.425506658230967e-16, -1.4604361537639154e-09, 2.093158512409188e-16, 0.0011045804370077529, 6.61855947914741e-17, -2.2636803957885715e-09, -0.0012770886727497036, 0.001528571972604046, 1.2628741298180612e-10, -0.0012857596191757008, 1.490822554526905e-16, 4.257998939950722e-09, 2.5009771188632635e-16, -0.0007309146189377014, -4.6057823110877745e-17, 0.012345788726093857, -0.001277089126291828, 0.0015285490143879365, 0.0012857588640830977, 2.1157915684286614e-10, 1.732974934688439e-16, 4.743345111520871e-09, -9.000525326945896e-17, -0.0007309121656183743, 5.102419838749424e-16, -0.012345814972446913, -9.220858507902332e-05, 0.007872362748664055, -1.5936120442883005e-10, 2.3441645394313587e-09, -6.176106190403209e-17, 0.0006575168473488518, 4.6435115422380085e-17, -0.0023264567678612, -1.4714399469545683e-16, -5.529460510183695e-10, -0.0012770891116224425, 0.0015285778624463467, -0.001285760736217145, 2.7700327139217135e-10, -1.13928952674076e-17, 2.5864676171471717e-09, 2.96223818539007e-16, -0.0007309201395480778, -1.5843724722805065e-16, -0.012345674390193859, -9.22089872199083e-05, 0.0078723975731376, 1.020730345219374e-09, -1.2889574010702992e-09, 2.723685969619624e-17, -0.0006575194034304067, -3.237864906845962e-17, -0.002326463644614738, -1.2115756743370263e-16, -1.0844300235608014e-09, -0.02622031025498801, 0.04847145287201103, -1.6355334734822742e-10, -1.3473910282782528e-16, -0.004736995996381635, 0.002129585479260105, 0.004383666093614512, 4.657691574180808e-17, 0.0018710733830410219, -0.000258490796605411, 4.225357275856694e-09, 1.281039627569229e-16, -0.004737011576344602, 0.002129619563732056, -0.004383671570428546, 2.520604469707019e-18, 0.0018710923544186788, 0.00025842288453174924, 6.50538352682705e-09, 1.173644887291504e-16, -0.004737010415924071, -0.0021295993882566346, -0.0043836600386976945, 1.0254352546149001e-16, -0.026220329158493916, -0.048471417090666824, 3.3759223666663845e-10, -1.2305565780675398e-16, -0.004736998304676168, -0.0021295791710310165, 0.004383661658454597, -7.438784019354417e-17, -0.026220316079823013, 1.4655386386696618e-09, 0.048471437765906115, 1.707408516936921e-16, 0.0018710818178907895, -2.570297740845221e-09, 0.00025846060799364026, -1.066804098574732e-16, 0.0018710860394776623, -4.79387537571572e-09, -0.000258438742828791, -1.6041691564794623e-16, -0.026220316252795625, -8.599916019009569e-10, -0.0484714396159706, 1.6079501300239288e-16, -0.004737006837729257, 0.004383656020702443, 0.002129627276953037, -7.810657523900749e-19, -0.004737000134303046, -0.004383668837441519, -0.0021295527422099765, -1.1918167912513116e-16, -0.004737000285364465, -0.004383662665738232, 0.0021295732847896494, 2.0713833288115947e-16, -0.004737010074146247, 0.004383670236248927, -0.0021296218663653895, -2.153999036709235e-17, 0.015318093514179005, 0.0008122565796625215, 0.0008122559350233664, 0.015318101710854248, 0.0008122517883981454, 0.015318099167177893, 0.015318093573138368, 0.0008122569802214694], [1.1816857585538398e-16, -7.296499444948547e-18, -3.772660432662664e-16, 1.6853914441264706e-16, 4.63068401749415e-13, -1.6871342206157276e-16, 1.1659231773209682e-12, -1.0123434789369686e-16, 0.9999993478695716, 1.1952779358861138e-16, -3.2091072813979345e-16, 9.209551467329665e-17, 2.1464459012763157e-16, 2.861982271861277e-16, 2.403740373002257e-14, -4.781207631488597e-16, -1.995569668290376e-12, 1.1630190731225228e-15, 2.0927016820680928e-07, 2.9534136876099735e-16, -8.294959206930838e-17, 9.765348323633804e-17, 2.238028944247239e-16, -3.449858676625159e-16, -3.5337821669567875e-14, -4.2908731473022735e-17, -2.3020502698991054e-14, -1.346600182195119e-16, 5.9148529860089505e-08, -6.72826143024279e-17, -1.3368675663544962e-16, -8.49719678391512e-17, -1.3198995780120515e-16, 1.4175136504403405e-16, 1.520981697129758e-13, -7.190804075476617e-18, 1.7677730503714039e-12, -7.142812489351963e-16, 2.092689713194077e-07, 5.762262061187265e-17, 7.878847204720351e-17, -1.7040813590398999e-16, 3.049258662149424e-17, -2.357534586993459e-16, -1.8554752515593223e-08, 2.0079503693031368e-16, -9.560289771300599e-13, -6.372843012605324e-16, 2.566556743416929e-07, 1.6823392964564983e-16, 7.057245046906955e-17, -3.1249150438108795e-17, -2.5183775724551e-16, -1.0631027710585368e-16, -8.605417198680645e-14, 1.0568750719580355e-16, 1.453238882263092e-07, -6.964945230155037e-17, -2.3631015516907475e-07, -6.139479729004177e-17, 7.426140802418328e-17, 4.285459853466183e-17, -1.2612268283984891e-17, 4.444072793766656e-16, 1.8554276431349974e-08, -5.713437333522347e-17, 1.2074301498984885e-13, 6.854665954501509e-16, 2.566570401142662e-07, -1.4852134042202528e-16, 1.2358544425765328e-16, 3.598558710534733e-17, 3.951754768688378e-17, -7.412720189026427e-17, 6.621160266500139e-14, -7.019807704303219e-17, -1.453222591034258e-07, 2.817569615008907e-17, -2.3631398382601652e-07, -6.173871799534582e-17, 5.061158112899977e-17, -1.4103203245015614e-16, 1.6891367338334748e-16, 2.3245478472651357e-06, -1.268783470871321e-16, -1.9575903193890868e-16, 2.466125692084024e-16, -9.758135826663307e-07, 2.2686011340534274e-17, 7.061683090326043e-17, -1.5965940537990227e-16, -2.3586196085262565e-07, 1.0737177044274032e-16, -9.442231606696773e-17, 4.475949410660914e-17, -9.75819935561987e-07, -3.383881018295669e-17, -1.3152858103737844e-16, -6.723553521026947e-17, 2.3586123649120196e-07, 2.93370311319839e-16, -8.086635581213792e-17, 3.903825004816166e-17, 9.758207661325524e-07, -5.777519053930273e-16, 9.253487968427586e-17, -1.1048783203963635e-16, -2.324569805155377e-06, -4.2899890483087736e-18, -6.258902579652876e-17, -1.5160532149153056e-16, 9.758255856045077e-07, 1.3942102800737457e-16, -1.1998062819610552e-16, -5.783532542208584e-17, -8.910476770703515e-12, -2.0091457975950962e-16, 9.07627113213893e-17, 1.6193289075945446e-16, 1.9612256585052594e-13, 2.9909590531574105e-16, 1.4151369067921632e-18, -9.468104404978376e-17, -2.08624859435381e-12, 8.314605893441394e-17, 1.20889095146906e-16, -1.1354588839053506e-16, -5.607358327663903e-12, -2.430087761095682e-16, 1.1569302253018447e-16, 1.1498639018914627e-16, 6.01538664231037e-07, -5.769121977642841e-17, 2.993060264963205e-16, -5.594159095744375e-17, -6.015295914009957e-07, 2.687682665818949e-18, -1.3838324145804393e-17, -1.8490269966876235e-16, -6.015280957967413e-07, 2.8752630765846336e-16, -2.660308163958319e-16, 1.380938946425304e-16, 6.015350139710525e-07, 3.074971735161196e-17, 2.6502693986246755e-17, -3.2846378257993825e-17, 4.80516786875299e-17, -5.858191435897915e-17, 1.7043818634192725e-17, 1.1359369281984229e-16, 6.676692524903372e-17], [-3.7850579220353577e-10, 8.439384273152121e-11, -1.2838300271525298e-09, -1.2044168290435162e-09, 3.365966616538647e-17, -1.4990716147456839e-09, 2.1677817308322414e-17, -5.946987370014582e-10, 1.1952779358861138e-16, 0.9891311173343895, -0.0012653160889133153, -0.019397022545321507, -3.6173322418947875e-10, 1.714784349324663e-07, 3.4322548858427557e-17, 3.0519394514203736e-10, 1.1489538451503422e-16, 0.005888549758272459, 5.108358784799481e-17, 0.03187097541956348, -1.2909301614133146e-10, 5.377327156041135e-09, 1.3215114361001434e-09, 8.179681495119284e-10, -3.2968302304415646e-16, 1.2375255315613252e-09, -9.941201848273199e-17, -5.927416140383579e-10, 8.090655089261476e-17, -0.010865049926533308, -0.0012653195710721923, -0.01939707110274589, 5.564754454935653e-10, -1.7244127860508088e-07, 1.4756235474116559e-16, -2.5669351618358933e-10, -1.854810509178115e-16, 0.005888552348258435, 3.85707490845728e-16, 0.0318710484332762, 0.001265318527123819, 0.019397055530436216, -1.716548977100912e-07, 1.383565602208049e-10, -1.1525886703026903e-17, -3.5184640133777844e-10, 2.5194788304779462e-17, -0.005888554190518653, 1.0246569777337715e-16, 0.03187107492501003, 1.3689026897334387e-10, -2.072566279821578e-09, -1.6686482480170663e-10, -1.3546258911328015e-09, -4.444697269616858e-17, -3.384437630122346e-10, 1.3065948375173676e-16, 1.5166490084857723e-09, 1.8114243246461782e-16, -0.0054545344621644565, 0.0012653177116630056, 0.019397042764348525, 1.724129700651173e-07, -5.488466280358646e-10, 2.249242917127227e-17, 2.3205193612161034e-09, -4.0140663437060838e-16, -0.00588855190999206, -1.0306652166036676e-16, 0.031870983788426906, -1.6258001286756484e-10, -3.6380564147077736e-09, 9.811940660386935e-11, 8.665917716657953e-10, -4.436616361143714e-17, -7.40542715887195e-11, -8.438385639117615e-17, 6.265797724370254e-10, -1.0780009750852002e-16, -0.005454537099990038, -0.005260206120747416, -0.022728465241722597, -5.016966627518717e-09, 6.247251295496173e-17, 0.0008051686640572297, 0.007898426466220184, -1.0500252712708337e-06, -2.9794351950464966e-17, -0.005259641415861324, -0.02272367336821264, 5.7052027518625805e-09, 1.1762946211684496e-17, 0.0008051697915324996, 0.007898440976977655, 1.0494896302735632e-06, -9.89927490279335e-17, -0.005259657096154827, 0.02272372653558785, 7.60019281243711e-10, 4.171854650638114e-17, 0.0008051696250040982, -0.007898428293556404, 1.041466222735236e-06, -6.407606978323759e-17, -0.005260191972658505, 0.022728414812071957, -5.919630968119351e-09, -3.1893780825623485e-18, 0.0008051700844207046, -0.007898432121596643, -1.0365535495748064e-06, -7.208129155229554e-18, 0.005260187866058977, -8.203180940194726e-09, 0.022728406335165062, -1.0945989030044728e-17, 0.005259638938611024, 9.931937123877452e-09, -0.022723676014322576, -1.1803068482176883e-16, 0.005259651417756875, 4.3228758350159774e-09, 0.02272371734450636, 7.675108929751222e-18, 0.005260204625679347, -8.416347857171449e-09, -0.02272846059172681, 8.571559999836003e-18, -0.0008051647599739151, 1.0411536133355899e-06, -0.007898454217135484, -5.489828325639106e-18, -0.0008051705001713342, -1.0479296646071437e-06, 0.007898400986471852, 7.003961790642144e-17, -0.0008051714911536077, -1.0414752355587397e-06, -0.007898416088170842, -1.1217633805421472e-17, -0.0008051645434636479, 1.043480620452842e-06, 0.007898455909994958, 1.5172634437414504e-17, 6.596856231642901e-09, -1.3390943440279222e-10, -1.0418445642255732e-09, 2.2266211966094238e-09, 2.450392095746114e-09, -4.246666721297871e-09, -2.7306829360915983e-10, 8.936996005120745e-10], [0.0005169640992223418, 0.0042336640339355625, 7.011768696001705e-11, 0.0002877007204009647, -1.4977525894112582e-15, 3.72484760946089e-10, 1.9516092331578926e-15, -0.0012770903038997238, -3.2091072813979345e-16, -0.0012653160889133153, 0.9977136039073822, -0.035483198489714034, -9.01582033370013e-11, -1.5469630392740803e-10, -7.826252827675491e-15, -2.333828529585522e-10, -1.5135735388640671e-16, 0.010549100244028766, 2.118409321150427e-16, -4.713177281400092e-10, 0.0005169642272940678, 0.004233664186700939, 1.9979168943596565e-10, -0.0002877009370662237, 1.8511543313088407e-15, 1.322196384061386e-09, -1.8457520468119982e-15, -0.0012770906823856472, -1.5935829548097244e-16, -0.0012653169544119237, -0.0001382333071115147, 0.0007413347323790971, 1.123122202720014e-10, -1.1261381023469521e-10, 8.037083192428495e-15, -1.0401544883584343e-09, 5.464730524606151e-16, -4.954543228254737e-05, 1.0496201348973672e-16, -1.0940981230016938e-09, -2.8980962743963744e-05, 0.0007693869789285925, -1.1496218037583631e-10, 3.537450579600181e-10, -7.809300517854127e-16, 0.00016569993844853823, -1.9345313109628692e-16, -0.0002573309751482364, 2.3451620572341242e-16, -3.737801482616895e-10, 0.0005169640919109092, 0.00423366279560438, -0.00028770092443923556, 3.438989302121933e-12, 3.3113122399642836e-16, 2.706728818913893e-10, -4.518609799737751e-16, -0.0012770899300767124, -1.2625137988044296e-15, 0.0012653171151103195, -2.8980782087227378e-05, 0.0007693859669366561, 4.3026235308012715e-10, -9.335039195797809e-11, 9.588143832420849e-16, -0.00016570130239985744, 3.2342833404623947e-16, -0.0002573293889954777, 5.896305285986276e-16, 3.388999925999802e-10, 0.0005169643659724195, 0.004233663912794687, 0.00028770080458495845, 3.067255073526273e-11, 9.216791070805541e-17, 7.647254924270361e-10, 6.160850155311006e-16, -0.0012770905155505992, 1.4165344418203344e-15, 0.0012653162239094193, -0.0008528816812708973, 0.00032528210157607354, 6.941273979714396e-05, -2.478207083985291e-16, 0.004900993356405825, -0.013188450337938173, 3.291214036241137e-11, 4.982684997994623e-17, -0.0008528806137476208, 0.00032528575102160393, -6.941186149454141e-05, -2.395225125895955e-16, -0.0009344762663655891, -0.0013289282056310034, 7.993848925218293e-11, 1.2070340157186942e-16, -0.0008528809298920713, -0.0003252885013209704, -6.941325942701106e-05, -5.473133703810875e-16, -0.0009344759898505657, 0.001328930316649095, -6.056750879941913e-11, -6.578025222522471e-16, -0.0008528814440570812, -0.00032528322834707735, 6.941069880150236e-05, -1.5373256025478225e-16, 0.004900993134635992, 0.013188449725472659, 1.7908998480165876e-09, 8.90244079052812e-17, 0.004900993826279696, -1.9929020162353988e-09, 0.01318844793481416, 2.3312202600884257e-16, 0.004900992135601384, 2.365570510628864e-09, -0.013188450117446853, 3.035997427409987e-16, -0.0009344768228732245, -3.823406601464846e-10, 0.0013289277135131263, -8.599642795613148e-16, -0.0009344762853327029, -2.1533070393930336e-10, -0.0013289302623096387, -5.697186397129378e-16, -0.0008528808076644259, -6.941309805985773e-05, -0.0003252812637525856, -1.0121585580610203e-16, -0.0008528818200321931, -6.941334402994848e-05, 0.00032528121711457325, -4.913995959167565e-16, -0.0008528811640406581, 6.941246881377e-05, -0.0003252853321251104, -3.439008048840196e-16, -0.0008528811810494981, 6.941040448255266e-05, 0.00032528903021341964, 5.321556614794829e-17, 0.0018157093938704842, 0.0018157135808998923, -0.00038303608810924864, -0.0003830348539767565, -0.00038303649863570473, -0.0003830369019572851, 0.0018157108296220576, 0.001815714077522929], [0.00396079383830483, -0.030493056242522944, 1.987136135451069e-09, 0.004852279120302921, -9.9953134036852e-17, 7.87811048063355e-09, -5.860599218949257e-16, 0.0015285442974024412, 9.209551467329665e-17, -0.019397022545321507, -0.035483198489714034, 0.3902169789064978, -2.324189025426438e-09, -2.0336294556269552e-09, 3.361521278760457e-16, 5.275566362858327e-09, 1.394650829211781e-16, 0.1785328262296877, -7.374610705236992e-18, -2.270084