{"E": -1.8421541046324E+03, "iao_dmu": [[0.9977872139280054, -0.03525090423325597, -2.600836903666118e-10, -1.4087413111133231e-09, 6.925996982726934e-17, 3.1277048466343114e-09, -7.534075061526399e-17, 0.008277342554862826, 1.3799544364960942e-16, 0.0001239059397866014, 0.0005155865094571436, 0.0038382622739571944, -8.189192062783335e-11, -0.000309889139736989, -3.666229755850862e-17, -3.6870418735050657e-09, -4.224524314316767e-17, -0.0014631316789493424, -1.0449991305029991e-16, -0.0031251581557604157, -0.00012830488563405178, 0.0009124881255527375, -2.053109105877461e-11, -8.60392594180195e-10, -7.176838503170799e-17, -9.624526939810426e-11, 8.653340890539647e-18, -4.605674430871465e-05, -1.882860497107364e-17, -2.473811908082726e-05, 0.0005155870431571337, 0.0038382832234720283, -1.797348369337079e-10, 0.00030988654404964176, 4.398275160018466e-17, -3.0365588090379976e-09, 2.7754766839402833e-17, -0.0014631205518210344, 1.528046085056803e-16, -0.0031251546763737823, 0.0004961807513636082, 0.004107687237345122, -0.0002773582449454052, -3.0950747407981727e-10, 8.200520217370358e-17, -3.2857830675180413e-09, -6.836796989649653e-18, -0.0012446128789649115, 2.920647008455289e-17, 0.0012663841337624206, -2.223337413238245e-05, 0.0003973222293614171, -9.969342210323902e-11, -3.597137010068599e-10, -1.780007004820613e-17, -0.0001932509226199523, 6.960623478945157e-19, -0.00016839361537740157, 1.9678041388529548e-17, -0.0003130112223667694, 0.000496180817065821, 0.004107686239150282, 0.00027735836424385227, 1.5349928451202561e-10, -6.517733630831295e-17, -1.867562748334759e-09, -9.916881136082912e-17, -0.0012446138725732553, 3.48285838183448e-17, 0.0012663837868266367, -2.22341876103324e-05, 0.0003972998811560729, -2.1106191481419314e-11, 6.11491019487794e-11, -6.475374394776625e-17, 0.00019327656113107998, 9.059625878371266e-17, -0.0001683882321025268, -1.396388864800905e-16, -0.0003130253812034266, 0.0046460561303723145, -0.012669069225251938, -2.2538143759953086e-09, -2.7247525890828746e-17, -0.0005619631724922255, 6.785827420848024e-05, -9.490844170189103e-05, -7.671126876550034e-17, -0.0009374866668949315, -0.0012327000924037105, -5.702606742508445e-10, -3.017388377188341e-17, -0.0005619614876391145, 6.78602368496513e-05, 9.491812566699656e-05, -3.4001091131155693e-17, -0.0009374862686033621, 0.001232701614784305, -6.5383401139911194e-09, -2.221955060397712e-17, -0.0005619656329041256, -6.786349137278819e-05, 9.490481133514781e-05, 4.366858476861383e-18, 0.004646055883182849, 0.012669068540704972, 3.1643387640726817e-10, -2.387692220903462e-17, -0.0005619583801724705, -6.78620677778185e-05, -9.492286605463618e-05, -5.322223646919116e-17, 0.004486929042091212, 5.594575694723312e-10, -0.013479428711432208, 2.899276359665457e-17, -0.001078710860482239, -1.8859938330469594e-09, 0.0013910091172738546, 3.278737446600321e-17, -0.001078715210372487, 6.494092144122318e-10, -0.0013910374260478384, 2.6661872013087042e-17, 0.0044869257511515066, 7.012957811462302e-10, 0.013479394539016528, 2.319990085603392e-17, -0.0008185974653983399, -4.7439706890487664e-05, 0.0003090101655739372, -2.4969171663240367e-20, -0.000818596963515675, 4.744179781974995e-05, -0.000309017719597846, 3.2059408234581956e-17, -0.0008185953356691433, 4.745229455071112e-05, 0.00030901991674923886, -7.115167420231148e-18, -0.0008185959859978873, -4.74543272595173e-05, -0.00030902038945470863, 3.37698586330179e-17, 0.0020402432681452093, -0.00040732872348455074, -0.00040733454991405117, 0.0020402476826117573, -0.00040732848448559307, 0.002040246991856384, 0.0020402453259407835, -0.00040733578511011634], [-0.03525090423325597, 0.37771017732688306, -4.803634608139841e-09, -1.0258151391698035e-08, -1.0623698224481443e-16, 2.3034246928575772e-08, 1.6447929808020766e-16, 0.14375693741224216, -1.3340188431888735e-16, -0.0020614235875757894, 0.0042424146556004905, -0.03742168145815786, 7.78605745148571e-08, -0.005395491961743502, 1.706958577290301e-17, -5.858270773458664e-08, 1.8741863081510616e-16, 0.0051638956344350825, 7.831865373858954e-17, -0.02311025469945774, 0.0009124842442267156, 0.00543889148088924, -3.449767907564418e-10, -2.956700527656899e-08, 1.1300104809997225e-16, 2.9040399369146705e-08, -1.8517276834833035e-16, -0.0015860764088806148, 2.9000662126924444e-17, -0.004651429443637967, 0.004242363926881946, -0.03742159715084727, -8.149696236575935e-08, 0.005395446436866135, -7.027876586724432e-17, -5.933236080876112e-08, -1.9946414276664197e-17, 0.005163619317919459, 5.433190635050497e-17, -0.023113161903980106, 0.004107688130656288, -0.02059465486752887, -0.00482914823924501, -3.477494905584452e-08, 1.2084611307145638e-17, -6.631816013864692e-08, 2.895542676121943e-17, -0.0005098311392828193, -9.460175953327813e-18, 0.024709436044927705, 0.0005790156867061559, -0.029656725436168322, 3.531743511118497e-08, -5.41793247511768e-09, 1.1633552928738545e-17, -0.00341519875868314, -2.0185948271986478e-18, 0.005909286536017729, 4.3516730979438914e-17, -0.02936452240074568, 0.004107688391821745, -0.02059469844327013, 0.004829150585777642, 3.271278483790392e-08, 4.6668501837846464e-17, -2.304410467595968e-08, 1.1503166911571046e-17, -0.0005098385773633277, 2.3777522483994333e-17, 0.02470942161781947, 0.0005791154729994564, -0.02965659162201455, -3.7579230109957214e-08, 7.63210942913203e-10, 3.2699302775933976e-17, 0.0034156446848085924, -4.690703237187271e-17, 0.005909737831485703, 1.315660070619943e-17, -0.029359539155087138, 0.09868601362720207, -0.20052674294435732, -1.367980594038459e-07, -2.1347369440488185e-17, 0.013432816376736567, -0.001892373464404405, -0.003115014480624392, -1.7274374445457996e-17, -0.00016584003528553065, -0.0018076683615931767, 8.217147314904587e-08, 4.063636801235167e-17, 0.013432539691682918, -0.0018965995782421726, 0.0031151887384634675, -1.909440718716202e-17, -0.0001658427532433924, 0.001807698851952105, -2.6448298625279325e-07, -7.67964262963936e-17, 0.013433099888979947, 0.001893628416761719, 0.003114959738457785, 1.0949841977530155e-17, 0.09868601528749531, 0.20052671664354307, 1.3889014787800238e-07, 3.328970065738929e-17, 0.013432259900436165, 0.0018952293163601198, -0.003115270539181099, 1.4996663130342496e-17, 0.10098937707325457, 3.0635110260731586e-07, -0.19430390558841268, -9.319128054864956e-18, 0.002429333681533292, 2.694007459718454e-07, -0.01576850776158528, 1.2211305657641679e-17, 0.002428982196109, -2.816772144547801e-07, 0.015767381968796807, -2.4938572880645364e-17, 0.10098904841111433, -2.9563297526777565e-07, 0.19430392417140963, -2.0667546012246312e-17, 0.004951972448942395, -0.0022710474900417684, -0.021212944141603424, 5.327588153018844e-17, 0.004951986224120992, 0.0022712997751383724, 0.021212819014851877, -2.4740820678843574e-17, 0.004952488110622015, 0.0022712717029684006, -0.021211381602743665, -5.225656351750341e-17, 0.0049524741237063, -0.0022715264644328037, 0.02121136916989302, 2.1302321140495343e-17, 0.032832065967508296, -0.0012983846797380441, -0.001298387086924929, 0.03283218240255292, -0.001298383622134341, 0.03283205623352456, 0.03283217392123885, -0.0012983810940081], [-2.600836903666118e-10, -4.803634608139841e-09, 0.9999237310207498, -5.929461300884301e-13, 4.909632754318028e-16, -7.006379783941422e-11, -3.245644735914816e-17, 1.2852670899690189e-09, 1.0578034825604725e-16, 1.631953585736269e-10, 5.906315371738672e-11, 2.50892201956148e-10, -4.887531694851977e-07, -2.2567076618962936e-11, 3.8417116749758084e-16, -5.79945338412665e-05, -4.968736978194394e-16, -3.4987772040974786e-10, 1.8137428036966589e-16, 1.3023163830583021e-09, -3.7152297790479795e-11, -8.140171771869443e-10, 7.51119633594762e-05, -2.9641199970225726e-11, 7.096900653718143e-16, 8.802780059605606e-12, 2.0185069953969533e-17, 2.8813442492662094e-10, 3.200998402562988e-16, -1.1176963310071539e-10, -8.173300543484337e-12, 3.874317533983343e-10, -4.886976077096937e-07, 4.0190144787056806e-11, 2.0756771348551329e-16, 5.7991804485805955e-05, -2.6362857422447252e-17, -3.6389315457488336e-10, -6.765865780546613e-17, -1.415799322078394e-09, 0.0002773582048510424, 0.004829147440524682, 4.2060863792385e-07, -6.688299314888634e-10, 6.232243098694066e-16, 1.7030801441936673e-11, -7.267469091507182e-17, -0.0011572738217384814, -7.636907558665187e-17, -2.015013929045839e-05, 2.3232736991703296e-10, 3.0332561746381787e-09, 5.580336864504221e-07, 8.448854917327024e-05, 4.522684191922814e-16, 1.785861510564758e-10, -1.9985806038497338e-16, -7.096731432290221e-10, 1.8998456284007653e-16, -4.551647879414669e-10, -0.00027735833493018397, -0.00482914967848437, 4.206446905164462e-07, -6.377937290639252e-10, 6.651316070368313e-16, -8.810112220149732e-11, 5.444432327039788e-19, 0.0011572740944387715, -2.0919789153751168e-16, 2.015097524075814e-05, 1.3557416636247397e-10, 1.6550740577571023e-09, 5.57958330699933e-07, -8.449018004673095e-05, 3.572328276109688e-16, 1.4793086595920888e-10, -3.677427626816943e-18, -2.343390677728121e-10, 2.873798759393827e-16, -1.8156043995625815e-09, -0.0009015772935649079, -0.0015395145941860173, -1.8787720267215927e-09, 8.487415769050541e-17, -5.4978106748390686e-05, 5.971817758701393e-07, 0.00018065576163045906, 3.229415090340504e-17, 0.000793779126595095, 0.0015376153249494723, -1.7552839260076228e-09, 2.896036355144253e-16, -5.497718605262612e-05, 5.968078475591219e-07, -0.00018065642943616467, -1.6093959065102399e-16, -0.000793778961575077, 0.0015376153544753284, -2.689456487152274e-09, 8.082313751733913e-17, 5.4976783312994346e-05, 5.992949285248751e-07, 0.000180655113490958, -8.494376101818914e-17, 0.0009015790772671582, -0.0015395122963607006, -2.343762006702565e-09, -2.6215746403795486e-16, 5.4977007899482194e-05, 5.967289042854992e-07, -0.00018065869716559732, 1.2279469256741328e-16, 7.423425426433888e-10, -0.0002473669097522215, -1.5111341395912342e-09, 1.0953531759378487e-16, 2.0389356301832526e-10, 8.380937746663897e-05, -2.567971703026021e-10, 1.6486448326556194e-16, -4.838763183845069e-10, 8.380779950270657e-05, -6.813173942949878e-10, 3.8913539655001286e-16, 8.769320315343668e-10, -0.0002473646312905013, 1.8686132056375444e-09, -7.943123685954683e-17, -0.0008463946315474314, 8.198160775658142e-05, 0.001626854968939798, 1.0955157769713111e-16, 0.0008463934296489741, 8.198297117398738e-05, 0.0016268586164167756, 1.0215459923461132e-16, 0.0008463929801625582, 8.19822963169857e-05, -0.001626878011395026, 2.486524738581363e-16, -0.0008463932986274554, 8.198214060213897e-05, -0.001626874783059209, 5.4244273489307585e-17, 0.00034503690673833, 0.0001148623757467794, 0.00011486376425387269, 0.00034503392709188857, -0.00011485970739486262, -0.0003450375544491295, -0.0003450349589395775, -0.00011486430711837406], [-1.4087413111133231e-09, -1.0258151391698035e-08, -5.929461300884301e-13, 0.9998363472493443, 3.262740748457687e-16, -6.085966545997391e-11, -3.7454789816563925e-18, 3.146469887230373e-09, -2.244799998198261e-16, -9.518059987533107e-09, 0.00027163741043219406, 0.004817076913929357, 1.0209653015254757e-09, 4.392982626444883e-07, 3.2993189885482756e-16, 3.0229054495253847e-11, 3.3756227795411566e-17, -0.001485459648673928, -3.7968838231549397e-16, -0.005335840954578298, 7.373988476527738e-10, 2.7365658830424807e-08, 6.8839100936107995e-12, 0.00016241545272937592, 6.359228567728578e-16, -2.213130587001751e-10, 1.3498696762770451e-18, -6.421202661109782e-09, -2.7845595549386956e-16, -9.125225029160202e-09, -0.0002716392734330765, -0.0048171412068954205, 1.0819274935702912e-09, 4.3993654764228944e-07, 3.7741045532207723e-16, -9.537120380382591e-11, 1.200034853328795e-16, 0.0014854512749298003, 2.329879335841063e-16, 0.005335645583447733, 1.1267753544406158e-10, 1.6168214980635727e-08, -2.7886222877235e-10, -4.857046361472068e-07, 3.279053020487972e-16, -2.322354405648443e-05, 7.112622807269677e-18, -3.263909102116897e-09, 1.171709681975037e-16, 1.1979293384547952e-08, 2.7081538874208715e-10, -2.307293818291853e-08, -2.0068468131072587e-05, 5.485011401910291e-07, 6.665837617986432e-16, -5.459250852392714e-10, -2.6694331083234775e-16, 6.186179235809321e-09, -5.927790732822045e-16, -9.2379348578726e-08, -4.449252668532154e-11, 1.4269865731196424e-08, 2.7775083479454705e-10, -4.856461457206337e-07, 6.466820088500485e-16, 2.3223727716946657e-05, 1.3012796182469807e-16, -2.679601180678518e-09, -1.4802497606334005e-17, 1.21238583395371e-08, 1.3704608432434894e-10, -2.5285343962830227e-08, 2.0070296351021196e-05, 5.484322954334567e-07, 2.7512226502799427e-16, 5.839771793256744e-11, 1.9284930334364635e-16, 6.807465207049986e-09, -1.8145217606272499e-16, -9.085101433056875e-08, -1.1948559367164828e-09, -2.088772716486488e-08, -0.0005206253479469053, 2.972557054881324e-15, -0.00032265723327137353, -0.00037219685253037966, 8.488591663936435e-05, 2.807911440933691e-15, -7.998692574900785e-09, -7.911257809523633e-09, 0.00035543399572674004, 3.0476848215265016e-15, 0.00032271314329964073, 0.0003722412975276085, 8.488795814620215e-05, 2.66925438791866e-15, -8.653373361283528e-09, 1.0822639137306909e-08, 0.00035543371149530055, 3.167686273647574e-15, 0.00032271157122669, -0.0003722101537183996, 8.488802810356039e-05, 2.640004757270439e-15, -1.1415377117171013e-09, 2.270116394863413e-08, -0.0005206250655478626, 3.2221735879896304e-15, -0.0003226578506944834, 0.00037222710108799663, 8.48851535083463e-05, 2.62145424904151e-15, -0.0014886671238277542, 3.2438439415852205e-09, -0.003349935173940464, -2.729964519667569e-15, -0.0013773140083220348, 2.6312946088615794e-09, 0.0033472900664268408, -2.8106032280894907e-15, 0.0013772945842322035, 3.378050169706831e-09, 0.0033473134213717988, -2.964174926639914e-15, 0.0014886616713106389, 2.952701957339803e-09, -0.0033499334680492103, -2.461855598465153e-15, -5.568179504767792e-05, -0.0001745755920370207, 3.5080875115339155e-07, -2.884635683252333e-15, 5.566994240096046e-05, -0.00017457277667069866, 3.9419957424305956e-07, -2.7731316032070796e-15, -5.568077207101593e-05, 0.00017458558602620602, 3.5068365165048273e-07, -2.5986993562286855e-15, 5.567009434655215e-05, 0.00017458285396748522, 3.915330879444405e-07, -2.5813328701140073e-15, 0.00035906681277484163, -0.00011160732357571931, 0.00011160974680226943, -0.00035907034827797185, 0.00011160959881955802, -0.0003590704913739517, 0.0003590656541587682, -0.0001116083853260376], [6.925996982726934e-17, -1.0623698224481443e-16, 4.909632754318028e-16, 3.262740748457687e-16, 0.9999999809737118, 2.9375200850190297e-16, -5.2476537234998224e-14, 2.6550546911047512e-17, 3.8031688540130194e-13, -3.113367662100843e-16, -1.0566133334269238e-15, -2.3206687420213727e-16, -6.062612652713443e-16, -2.7822432086974234e-16, -2.363329852725895e-09, -1.3274929035024188e-16, 3.912891463157483e-08, 1.6935182617128926e-16, 2.6712960846436656e-13, -8.829692355684515e-17, 1.6784461362123573e-16, -1.4927364550410747e-17, -1.5448653776892559e-15, 1.6832824173332397e-15, -1.1469941108662718e-09, -1.4546707794968366e-16, 8.511494336041253e-14, -1.3420668041349875e-16, 9.62452963896315e-14, 7.7109043718756e-17, 1.0502629574061195e-15, -1.0281875406207076e-16, -6.438578136760806e-16, -5.729893285370809e-16, -2.3633689459599795e-09, -1.834173461273533e-16, -3.912851386922155e-08, 3.536178475202266e-16, -4.929008392722227e-13, -3.446951662116351e-16, 1.6602292384973727e-15, -1.423674058203961e-16, 5.143498325406177e-16, 9.80815611981096e-16, -2.7083374389136657e-09, 1.5381776326902148e-16, 1.4974474967710774e-13, 3.3837898898302263e-16, 3.3760409152317515e-08, 1.1830812549541444e-17, 4.911889399589658e-16, -1.7273742995854552e-16, 1.3593028727559304e-15, -1.7079212444779693e-15, 2.3970334120698384e-09, -1.496538775158843e-17, -2.438391252225014e-13, 8.157423348805412e-17, -2.3148232460666226e-13, -1.5517353690310844e-16, -1.5092989460871088e-15, 9.434990015204066e-18, 3.5972661259924274e-16, 1.119205342572418e-16, -2.7083284440606734e-09, -2.7629219091977015e-16, -3.261304815281078e-13, -3.195270649319263e-16, -3.376064143001751e-08, -9.582813872911074e-18, -9.069911290684166e-16, 7.33202544063305e-18, -4.621603670719537e-16, 5.209679566183236e-16, 2.396817667523546e-09, 3.873668280223078e-17, -5.449909248032524e-14, 1.9127473137585312e-17, 1.819627617704333e-13, 1.6554082757649247e-17, 1.4982837065177773e-17, 3.0580327825298083e-17, -1.767028092844035e-16, 2.972112265550126e-07, 1.7262459475209146e-16, 1.0513994596477132e-16, 2.9613330500473265e-17, -1.1927924645491155e-07, -6.398348459992265e-17, 5.3883196662167063e-17, -1.235728122475836e-16, 4.184195711308236e-08, -3.869094442618553e-16, 1.9283052828978523e-16, 5.890486170336244e-17, -1.1927731739125056e-07, -3.0997326082229006e-16, -6.651440820223148e-17, -1.3179459344108185e-16, 4.184235085488494e-08, -2.434173478434391e-16, 2.034433245118702e-16, -1.0146677349091573e-16, -1.1927978362355072e-07, -7.301860828012535e-17, -2.409316622586099e-16, -7.758621644524377e-17, 2.972128811335833e-07, -7.500329905043691e-17, -2.3799640836618754e-16, 3.304744713718975e-16, -1.1927818834786421e-07, 8.669749132364278e-18, 7.628924328697782e-17, 1.1483368488421308e-16, 3.1790038074662096e-07, -4.273060672781575e-16, 3.005040374876924e-16, 2.79603366226549e-16, 3.9831705281277e-08, -8.051284349953199e-17, 2.5087104728639452e-17, -1.4919778337019554e-16, 3.983139373995463e-08, -1.3326067455040024e-16, 7.608443485870321e-17, -1.6136166046697185e-16, 3.17899292537685e-07, -1.566046756088493e-16, 9.289285209375459e-17, -3.855489870664492e-17, -1.1448435968839686e-07, -1.5572264522072567e-17, -1.9200348052198288e-16, 1.299392856977221e-16, -1.1448539191381568e-07, 4.449047085616709e-17, -4.7030513283100825e-17, 9.284347145898763e-17, -1.1448360218058382e-07, -1.448804426543717e-16, 2.4129024420785125e-16, 7.850387767136093e-18, -1.1448330541628333e-07, 3.3978704945807005e-17, 1.6325713939367767e-16, -2.0448483087736643e-16, -6.519327944825881e-18, -1.6469258533012954e-16, -6.728442655580248e-17, -1.4035354431714872e-16, 6.219867023210559e-17], [3.1277048466343114e-09, 2.3034246928575772e-08, -7.006379783941422e-11, -6.085966545997391e-11, 2.9375200850190297e-16, 0.9999711574962492, -8.065322757375057e-16, -3.899587708474906e-09, 3.805148641229469e-16, 4.55408064010399e-10, 3.0511842003711344e-10, -1.085685362324396e-08, 4.481292817464201e-05, 4.674807572661216e-10, -1.6059885188743027e-16, -2.9419619208852164e-07, -4.693267416797096e-16, 5.737845706251008e-09, -1.2810101450039712e-16, 3.081170845615694e-08, -2.2748451950615764e-10, -3.467576079229744e-08, 7.343278396880682e-11, 6.990263027953363e-11, -2.367082866583037e-16, 2.6736837746323317e-05, 1.7247393551687439e-16, 8.093943321608616e-09, -2.283406097981324e-17, 7.277948765087759e-10, -1.1402278306782593e-09, -3.4111637031345415e-08, -4.481249706611157e-05, -4.77429566814036e-10, 2.5176690234549993e-16, -2.942017568833276e-07, 2.965856966518434e-16, 1.2707715854963525e-08, 3.251786609476478e-16, 1.6992486273006048e-08, -4.442992459873005e-10, -3.617613370388864e-08, 4.10225824928004e-10, 2.3223772877468955e-05, -2.0828204629659324e-16, 9.320462863720659e-07, -3.899631349163468e-16, 9.813730490400127e-09, 3.247159311749024e-17, -6.250085490564026e-09, -0.00010099871674949616, -0.00166720450827833, 5.60587819943043e-10, 9.866767192232514e-11, -6.533059288606732e-17, 3.9205186507742644e-07, 1.695925816556326e-16, 0.0006735732272469747, 4.236347279620685e-16, -0.000455166306895133, -1.1699445072923246e-09, -4.839407748510529e-08, -4.291237044518065e-10, -2.3223803225166075e-05, -2.6589543212084315e-17, 9.321073303903972e-07, 2.210445273851005e-16, 1.1872638532345388e-08, 1.2600225595093114e-16, -6.2606081087792704e-09, 0.00010099339165684315, 0.0016670974589325723, -1.3329691331937378e-10, -7.201648528367483e-11, 2.2650473688632426e-16, 3.918161734371758e-07, 2.4730863268868155e-16, -0.000673562891164549, -2.5977418321400828e-16, 0.000455232917095936, 1.0260336322590041e-08, 2.218346606329922e-08, 0.0005286886851834062, 2.5714832609422805e-15, 0.000638625399328545, 0.0007987862439980677, -9.052129529692962e-05, 2.3169455943881515e-15, 1.6053593777054905e-08, 7.935111026709323e-09, -0.00035095991239308, 2.09445753008377e-15, -0.0006386030079845096, -0.000798757757767634, -9.05139225437324e-05, 1.6626169405863123e-15, 1.6234401770646143e-08, -3.836107168615291e-09, 0.000350958251488227, 2.2791683220523532e-15, 0.0006386307867017552, -0.0007987665370989416, 9.05197749727944e-05, 1.5837020564395766e-15, 1.0491582899452876e-08, -2.5367131979124642e-08, -0.0005286893345707998, 1.93806900033422e-15, -0.0006386081003848576, 0.0007987505695619882, 9.051803254113789e-05, 2.047320314074903e-15, 7.1424111953408365e-09, 0.0005980207036691255, 1.9827598833084017e-08, -1.6690974055474936e-15, 1.3786272935006376e-08, 0.00041830472807638996, -6.602950848601586e-10, -1.721505574582128e-15, 1.53306975467821e-08, -0.0004183062545633819, 3.5820470062051714e-09, -2.2574611498264415e-15, 1.0516556521258333e-08, -0.0005980164347209633, -2.2314465363314943e-08, -2.617028476906897e-15, 0.0005415313564794148, -8.970403897101745e-05, 0.000414879820626743, -2.1542933232233317e-15, 0.0005415321198662448, 8.970715711059496e-05, -0.00041487590615800116, -2.055534644616607e-15, -0.0005414876013836367, -8.970089459753671e-05, -0.0004148504927573537, -1.9308871590213473e-15, -0.0005414867104166884, 8.970135908813487e-05, 0.0004148468593289293, -2.066126041934922e-15, -0.0015537449011425383, -0.0009732296629504997, 0.0009732191514898459, 0.0015536813097380186, -0.0009732348806555597, -0.0015537387396416438, 0.0015536927081233316, 0.0009732053495310606], [-7.534075061526399e-17, 1.6447929808020766e-16, -3.245644735914816e-17, -3.7454789816563925e-18, -5.2476537234998224e-14, -8.065322757375057e-16, 0.9999993259031666, 5.984372887372085e-16, 1.8111648276384978e-13, 1.897286714947461e-17, 1.2603739544483378e-16, 1.3302173035112798e-16, 4.3280223162564996e-17, 2.5750067011864717e-16, -1.9285071256350054e-08, -6.598291968497659e-17, 2.680581061888198e-07, 3.8347081538434284e-16, 3.66465498399364e-12, 3.14015321636885e-17, -1.2879063656012445e-16, -3.283279152962919e-16, -1.9299010680199416e-16, -8.592888309076696e-17, 2.0564230024438398e-14, 3.269535293512216e-16, 4.5587766950872294e-08, -1.1196752869117425e-16, 4.6938258980298e-14, -1.3281895403646175e-16, 1.1476349153257496e-16, -3.305222777103389e-16, 1.5691724765867182e-16, 2.822223462750349e-16, 1.928659918873839e-08, 1.0460053264023302e-16, 2.680590543470406e-07, -6.461009685550322e-16, 3.9301193707181366e-12, -6.878553292611096e-18, -2.0986748522265634e-16, -4.56778214180207e-17, 4.605287659525692e-17, -1.678894178799197e-16, -2.84375962737068e-13, 2.2561928437350583e-16, 2.634327140064351e-07, -2.8030498465554623e-17, 5.017951472380302e-13, -2.5857980823053015e-16, -1.5399546849948745e-16, -1.9108504011887478e-17, -4.093241071470268e-17, 2.5528575592857797e-17, 1.276434686527542e-13, -4.172456337133479e-17, -2.0400361814443105e-07, -1.1316421659989549e-16, 2.0064197882874183e-07, -3.992311042363718e-17, -8.895771747117399e-17, 8.117072555662823e-17, -8.048815550628955e-17, 3.479755006769524e-16, 1.2937661439538584e-13, -4.906743928198795e-16, 2.6343057699306555e-07, -1.0128810419695885e-16, 1.8077323956853884e-13, -2.700274969673078e-16, 1.6226071943621863e-16, 8.332347229360464e-19, -4.860257083521772e-18, -6.836597856504439e-17, 2.527643328447566e-13, 1.7572304823713152e-16, -2.040024436628316e-07, 3.362801132947087e-16, -2.0065657706769887e-07, -2.2288282860076223e-16, 7.127063107133578e-17, -3.102689223718198e-17, 4.511197590846218e-16, 1.8645583675796102e-11, -2.2193549412610214e-16, -5.320722045985766e-17, -7.46110818909034e-17, 6.209178074506688e-07, -4.0289988578046187e-16, 1.4452827438349566e-16, -2.0165479929467163e-16, -4.9775296344111166e-14, 3.5565297602109207e-16, -5.883562639539547e-17, 1.4472306074172558e-16, -6.209509962837806e-07, -2.851815070741167e-17, -3.6656769342362377e-16, 7.703554584230026e-17, 5.253398605444091e-12, -1.6850439102921967e-16, 1.5329496890832753e-16, 3.440337706273331e-17, -6.209367944856917e-07, 6.384042095085824e-17, -2.4511752869903523e-16, 1.3815511905166226e-16, 1.1057755778018784e-11, 2.1029865291809e-17, 4.982128907758866e-16, -2.694391999100454e-16, 6.209350956072387e-07, 8.692082616519262e-17, 6.518746271580116e-17, 2.1463487612730058e-16, 2.3763297913249716e-06, -2.451356980019586e-16, 2.1254729549092327e-16, -1.3904638973661884e-16, 1.9340095150818608e-07, -1.2360973134395452e-16, -1.0634205616271162e-16, 2.0937095823008112e-17, -1.9341420267917156e-07, 4.62615068473975e-17, -1.8216314146666295e-16, 9.57819728242693e-17, -2.376322569351552e-06, -5.4024404414028563e-17, -1.1451240221917567e-16, 2.4431024359558514e-16, -1.0174647368073539e-06, -7.793744062611835e-17, 9.747424273548261e-17, -9.78047297844923e-18, 1.0174699028194037e-06, 5.281970102690664e-17, 2.6960601791278758e-16, -3.2171705629343704e-17, -1.017480184426883e-06, 1.3902585207341466e-16, 9.552795001420621e-17, -3.6333609557511587e-17, 1.017488081983305e-06, 9.209215282083703e-17, 8.556841841002069e-17, -1.6916059775282813e-16, -8.976369937128413e-17, -1.7657084769961838e-17, -1.4650198157772351e-16, -5.802233191990941e-17, -8.453548079903533e-17], [0.008277342554862826, 0.14375693741224216, 1.2852670899690189e-09, 3.146469887230373e-09, 2.6550546911047512e-17, -3.899587708474906e-09, 5.984372887372085e-16, 0.9643827667079233, -2.789891401691238e-16, 0.0002850258378109664, -0.0012588449398585463, 0.003050602899819513, -1.5169976915617776e-08, 0.0012927269793622227, 1.8099712280663746e-16, 1.5971709292222812e-08, 7.077086747965235e-17, -0.0010683212929060064, -1.2299277276333625e-17, 0.006910147786892607, -4.605709521914342e-05, -0.0015860955774953573, -1.5687629512419818e-12, 6.555718296530183e-09, -1.009640962188479e-17, -6.918019695332831e-09, 9.287510365067168e-18, 0.00031004975120156483, 9.078585629161515e-17, 0.0009107048570670381, -0.001258834490214238, 0.003050592860623046, 1.613073131186284e-08, -0.0012927159964251766, -1.0133985637170529e-16, 1.5788743559974935e-08, 1.7448754416868447e-16, -0.0010682591870912457, 4.691239113664668e-18, 0.006910746128039267, -0.0012446133204849167, -0.0005098289505809928, 0.0011572739622757505, 6.5465721303852795e-09, -1.1744492850636332e-17, 1.794852359711164e-08, 2.235878596012964e-16, 0.0002045491088670371, -7.111078157732066e-17, -0.005741960263623622, -0.00017467843044091365, 0.0038119543960225552, -7.416676661301584e-09, 1.2710602180215909e-09, -5.368482696386109e-17, 0.0009496300929143695, -4.911054192422809e-17, -0.0020834852259887736, 2.1329292524888305e-16, 0.005846052835495972, -0.0012446126015921066, -0.0005098048980931581, -0.0011572746114433014, -6.079355530232157e-09, 3.596441295259297e-17, 6.414314887824808e-09, 3.8275777044219784e-17, 0.00020454798622244436, -3.8137296683750974e-17, -0.005741956814703917, -0.00017469717941688963, 0.0038119337894975064, 8.076642831460252e-09, -2.0313725318246587e-11, 3.3700270474761914e-17, -0.0009497429928050149, -5.968085808818724e-17, -0.0020836277304717996, 8.869621073360407e-17, 0.005845113697857131, -0.027002462808768387, 0.048047692942776284, 2.24923913518359e-08, 4.363974527258146e-17, -0.004360672013486706, 0.000470831201072547, 0.004577336158453425, -1.2798372230875246e-16, 0.00096143511403215, 0.0014894646828044948, -1.1716673173784302e-08, 4.3857225247119664e-17, -0.004360631203794435, 0.0004716824758310135, -0.004577391230072384, -9.229733189160873e-17, 0.0009614376681242507, -0.0014894754612969673, 5.442641038378676e-08, -6.007395382506312e-17, -0.004360734308110274, -0.00047109558714046823, -0.004577326246196729, 8.364812879339587e-17, -0.027002465731197772, -0.048047683281877744, 2.077345362965475e-09, -6.755604518643721e-17, -0.0043605708104266895, -0.0004713885807180176, 0.0045774085632246655, 1.386793383535222e-16, -0.0274094363008244, -7.587255893922644e-08, 0.047463634390515146, 2.7357876373540834e-17, 0.0005360408640030395, -5.284205019091062e-08, 0.0018170385674215514, 1.5340330191317499e-16, 0.0005361145924493041, 5.63069731716473e-08, -0.001816789467205439, -6.347928553761821e-17, -0.027409374781659116, 7.377657238596479e-08, -0.04746361053500957, -9.855261141387718e-17, -0.002468965583722815, 0.0043295587187654055, 0.0039026739985923934, 5.71775670095362e-17, -0.002468975654463355, -0.004329626098053277, -0.0039026466842721585, 9.20763354308395e-17, -0.0024690694046962686, -0.004329625545159031, 0.003902385530764731, -4.986637113045748e-17, -0.00246906865362973, 0.004329692971691517, -0.003902376985511098, -8.054036211016895e-17, 0.014886091661606262, 0.0008277339714594619, 0.0008277398519204938, 0.01488608027439116, 0.0008277326691268295, 0.01488612816003363, 0.014886049849200864, 0.0008277411815907365], [1.3799544364960942e-16, -1.3340188431888735e-16, 1.0578034825604725e-16, -2.244799998198261e-16, 3.8031688540130194e-13, 3.805148641229469e-16, 1.8111648276384978e-13, -2.789891401691238e-16, 0.9999993501236757, -1.8800607429346166e-18, 7.011438172835019e-17, -2.2551784808743396e-16, -5.180335532707328e-16, 4.58322855969782e-16, -3.5637455097345856e-14, -1.6413980145425796e-16, -7.255287501190613e-13, 2.207209385807496e-16, 2.1071651386317398e-07, -3.0987639601350796e-16, -1.1454050017685287e-16, 4.629789426865392e-17, 4.3295790520408706e-16, -6.678806353356687e-16, -4.007948041012813e-14, 1.687376076497339e-16, -1.7561690119818247e-13, 2.263527242617573e-16, 5.4023170802596806e-08, 7.920906934649077e-17, -2.654957166031694e-17, -7.081631652794107e-17, 2.1164411613187032e-16, 2.0734314133796076e-16, 1.4645739691145285e-13, 9.236165812595914e-17, 2.6366023961929784e-12, -3.805087322746863e-16, 2.107174382874506e-07, -1.8600511348581872e-16, -2.0857611983151956e-16, -4.8337828306446584e-17, -3.0887393464066286e-17, -1.4960314583965892e-16, -3.3760650940931256e-08, -3.475927571720934e-16, 3.983249233304716e-12, 1.2482131179300418e-16, 3.067091247269977e-07, 8.045877752443035e-17, 6.198004061509573e-17, -6.53603005764094e-17, 1.5919279634650672e-16, 1.972368884391956e-16, -3.215352661109975e-14, 8.93793711617885e-17, 2.2832409010861388e-07, -4.83547153324744e-16, -1.9700804496328596e-07, -4.5021982975649134e-17, 2.594684245683501e-16, -1.1341319439917772e-17, -3.2029621783541236e-17, 2.848905598814166e-16, 3.3760343294135936e-08, -1.3353374325991522e-16, 3.993567373883336e-12, 8.267208961191178e-17, 3.0671004791432133e-07, -8.808989968403092e-17, -1.4010630438702047e-17, 1.0366579106415194e-16, 8.241229131950089e-18, -8.162679819489239e-17, 1.2391062998447958e-13, 4.725995203002119e-16, -2.2834029999087787e-07, 1.9767275482180124e-16, -1.970056361102564e-07, -1.0072201621939402e-16, 6.9341547751623585e-18, 1.3607285621629242e-17, -2.5634160403707583e-17, 2.301475309643695e-06, 1.9079106063321122e-16, 1.8985924915957767e-16, 1.5465684858922902e-16, -1.0103295937827857e-06, -2.1622851559481689e-16, -2.7044416610989296e-17, -1.812888621713075e-17, -2.340319562217486e-07, -6.916006661527447e-17, 9.826652666242446e-17, 4.694867177576761e-17, -1.0103404285521026e-06, 2.630281869486289e-16, 2.261005657257661e-16, 1.8697351286401135e-16, 2.3403120033029462e-07, -1.2846969818191146e-16, -1.3755896702464112e-16, -3.370491135802055e-17, 1.010331062280676e-06, 4.54433298198728e-17, -8.655577370565302e-17, 4.586102628065937e-17, -2.3014901946316974e-06, 3.2025040399420866e-16, -1.9452337921953248e-17, -1.3659221054405447e-18, 1.0103476248585209e-06, -2.641287683927065e-16, 1.7859152068329747e-16, 1.1174420061932306e-16, 4.956424695381458e-13, -9.967948021879193e-17, 3.2855237407352014e-16, -3.136065092005584e-17, 1.6685866369044515e-12, 5.761372624081019e-17, -2.6558059081729003e-16, 1.1985975148104856e-17, -2.223860893654587e-12, 3.3863076154002304e-16, -1.6415514686764907e-16, 2.91704064046717e-16, -8.907511230352161e-12, -8.413892039725479e-17, -2.6392920250451044e-16, 2.7925805952275037e-16, 7.302898665881068e-07, -1.6900618976845202e-16, -2.043783099172565e-16, -1.9697893297494716e-16, -7.302888370717548e-07, 6.196513923635386e-17, 1.9205574838392213e-16, -6.055488817417164e-17, -7.303053608771351e-07, 2.0544464433542427e-16, 2.848079344953792e-16, 1.2576870965454566e-16, 7.303134727787949e-07, 3.255655138558612e-17, 2.1677247039125533e-16, 7.360652715170477e-17, 7.295631776648265e-18, 8.250905321933325e-17, -4.756396475164647e-17, -4.8447061012974553e-17, 4.80829493243224e-18], [0.0001239059397866014, -0.0020614235875757894, 1.631953585736269e-10, -9.518059987533107e-09, -3.113367662100843e-16, 4.55408064010399e-10, 1.897286714947461e-17, 0.0002850258378109664, -1.8800607429346166e-18, 0.99271424118262, -0.0011502351425579367, -0.021837604616777213, 2.5365626154186718e-08, 2.2914887938129346e-05, -1.13718565149253e-16, -1.6498824632683038e-10, -2.3829602534345137e-16, 0.0065301917179176674, -2.435167566252737e-16, 0.025747992291989968, -2.4738469930053003e-05, -0.004651429777927491, -9.298337659099988e-11, 9.648063696748754e-09, 1.3469304417270266e-16, -5.592373812238929e-10, -6.170729605839554e-18, 0.0009107066365085586, 1.1552920877430273e-16, -0.007271236516651701, -0.0011502576537660634, -0.02183792238922394, -2.5155290054770175e-08, -2.291529725643287e-05, 3.7813696176972535e-16, -1.3680405315043837e-09, -1.2682284124331466e-16, 0.00653018708254613, 1.787811763655944e-17, 0.02574845885913823, 0.001266382944473716, 0.02470941333152328, 2.0150362465274943e-05, -2.7268821497474722e-08, 4.164919273601942e-16, -2.117824345536488e-09, 1.2035656168348427e-16, -0.005741958094465213, -6.327196170996099e-17, 0.004429062431705506, -0.00011131570908692992, 0.004766870853138046, -3.574946356467188e-09, -3.971056765156435e-10, 1.873560964515169e-16, 1.592505381116739e-05, -1.9196124921011334e-17, -0.0012904745137506794, -3.4751883278034046e-17, -0.018132674564584124, 0.0012663843356528228, 0.024709427872937742, -2.0149633110171232e-05, 2.7052898288336793e-08, 2.0315263395245953e-17, 4.125811537481617e-09, 1.6996784619127054e-17, -0.005741959728226514, 4.390781178122183e-17, 0.00442905945086103, -0.0001113244752777616, 0.004766718194083566, 3.760648483671299e-09, 3.541205757595949e-10, -3.6899273054779036e-17, -1.5928619886446404e-05, -1.779427704307968e-18, -0.001290482552124792, -3.130525909402035e-17, -0.018130386246505675, -0.003515479845371982, -0.015049754927668845, -1.6637744218535503e-07, 7.575098242663678e-17, 0.002112598192467379, 0.005784648099042657, 5.5914567003007975e-05, 1.1292125019942235e-16, -0.0030491468510020557, -0.015871805921115173, 1.6247426882046282e-07, -1.4806527318070452e-16, 0.00211238797806656, 0.005783788519548744, -5.590830471695054e-05, 1.8993374204378805e-18, -0.003049147827863981, 0.015871803724723844, -7.68831449182529e-08, -2.1096795494147966e-17, 0.00211260315057453, -0.005784800565282974, -5.590530916813243e-05, -3.206608611753128e-17, -0.003515481420172233, 0.015049764883314732, 6.74238463101935e-08, 8.396370947166135e-18, 0.0021123826609219807, -0.0057836236216574095, 5.591826020551055e-05, 3.03701306469916e-17, 0.005880391536938573, 1.0832196624715214e-07, 0.018219103256613724, -4.2331404848349116e-17, 0.0063452343383862105, 1.1552444528395481e-07, -0.017340827872830086, 7.470204744040151e-17, 0.0063453395472047565, -1.1020151480512342e-07, 0.01734122700430424, 7.763029216492123e-18, 0.005880507761915567, -1.070404381603527e-07, -0.018219502233556718, -1.817068579710968e-17, -0.0063725152293866456, 5.392915277171401e-05, -0.0020941087084186045, -3.1870440057163075e-17, -0.006372513680437892, -5.398832216455112e-05, 0.002094090615186268, 5.194172225271496e-19, -0.006372238530778483, -5.393110418523427e-05, -0.002092995077329098, 2.7049056646321417e-17, -0.006372233421166282, 5.398093380908567e-05, 0.002093005510153849, -1.338102999256295e-17, 0.0002261541183720711, 0.00011582873865122531, 0.00011580120286613213, 0.00022609361162873284, 0.00011581768994001687, 0.00022611045163128133, 0.00022613696820777873, 0.00011581412567698564], [0.0005155865094571436, 0.0042424146556004905, 5.906315371738672e-11, 0.00027163741043219406, -1.0566133334269238e-15, 3.0511842003711344e-10, 1.2603739544483378e-16, -0.0012588449398585463, 7.011438172835019e-17, -0.0011502351425579367, 0.9976874155164949, -0.03522826603159498, 3.1114231102520576e-09, -9.020975322917748e-11, -6.051280784825959e-16, -2.8277139264782284e-12, -9.373857092375229e-17, 0.010470713225064142, 2.1265492173535324e-16, -0.00019733992958691614, 0.0005155865892330169, 0.004242415012662181, 2.3914051480916207e-11, -0.00027163754176171104, 6.64545437110247e-16, 1.1319669608883197e-09, 1.8681622985596246e-16, -0.0012588449250805274, -4.4900053899308353e-17, -0.0011502359623731281, -0.00014024710515363686, 0.0010376643951125848, 2.3462946242041948e-09, -1.2602632774792633e-10, 1.2966878301734942e-16, -9.400197606471813e-10, 3.336665375537191e-16, -0.00012463469166023233, -4.718298479553842e-16, 0.000628533612031856, -2.2234268827661457e-05, 0.0005790847584999486, -2.0420314952417485e-10, 2.1664041820720924e-10, -1.0667746506499906e-16, 0.00010099453107640528, -2.2397966906652285e-16, -0.00017469156887418987, 4.51437229743174e-16, -0.00011132261363609065, 0.0005399231496859563, 0.004194196383576636, -0.0003315643860665242, 1.2588082991419397e-11, -5.4879623570877e-17, 7.473377902514031e-11, -3.6105857820656566e-16, -0.0015198805236738022, -2.0819306128486433e-16, 0.003283105924598672, -2.223406223524207e-05, 0.0005790838819102496, 3.5051818579737236e-10, -3.024730320081725e-11, 5.2137939277129685e-17, -0.0001009946904548906, -2.1660099572260076e-16, -0.00017469057711504092, -1.4006395955097937e-17, -0.00011132254500483732, 0.0005399214616178417, 0.004194149518156165, 0.00033157087005210176, 4.2515015196980025e-11, -9.04981498027877e-16, 6.821214264956559e-10, -8.110839309478109e-17, -0.0015199134313914125, -1.1382712393547929e-16, 0.0032831209501470084, -0.0008162634483489962, 0.0005023074525526626, -9.34513707063621e-06, -3.0700472689392645e-15, 0.004644874253185028, -0.014235642219342362, 4.6368638680255405e-10, -2.7052932477798642e-15, -0.000816262364946453, 0.000502310405653279, 9.346229088455542e-06, -3.105134525107435e-15, -0.001251872850017659, -0.0013852786495747837, 4.715650211956024e-10, -2.9506479280559264e-15, -0.0008162622967213788, -0.0005023117802669262, 9.346663746614857e-06, -3.066940160351862e-15, -0.0012518801307714504, 0.0013853608623448509, -2.8109689162515533e-10, -2.669569601707813e-15, -0.0008162628853526315, -0.0005023067473641173, -9.349575520593125e-06, -3.201914801698547e-15, 0.004644878034347421, 0.014235714792178071, 2.2032169232029998e-09, -2.4943824597932574e-15, 0.004831602024431175, 4.27267853120794e-11, 0.012698336337107777, 2.662040991051248e-15, 0.004831600486157331, 4.08546737891392e-09, -0.012698336576425644, 2.732501211195163e-15, -0.0009112090586496069, 8.44456796651483e-09, 0.0014381082270700225, 2.590047571048044e-15, -0.0009112082395568876, 8.853421691359852e-09, -0.00143811058082634, 2.642062721441351e-15, -0.0006548118920552078, -0.00011185360522437889, 7.046058591188029e-05, 3.024550295372687e-15, -0.0006548127431248032, -0.00011185351728835191, -7.046104494486173e-05, 2.9958002300992236e-15, -0.0006548048056163233, 0.00011186247161176558, 7.046204621405826e-05, 2.6440024470705393e-15, -0.0006548045113149717, 0.00011186150762082152, -7.045793807332806e-05, 2.5196535262553625e-15, 0.0018123598762314857, 0.0018123622610961678, -0.0003795320994116796, -0.0003795326120391459, -0.00037953110617019233, -0.0003795312152390534, 0.0018123593107868606, 0.001812361113098301], [0.0038382622739571944, -0.03742168145815786, 2.50892201956148e-10, 0.004817076913929357, -2.3206687420213727e-16, -1.085685362324396e-08, 1.3302173035112798e-16, 0.003050602899819513, -2.2551784808743396e-16, -0.021837604616777213, -0.03522826603159498, 0.3948492522884543, 5.020673557091731e-09, -8.438202519038642e-10, -4.274518770785605e-17, 6.644217644812615e-09, 1.6076283971589089e-16, 0.17698212198396626, -1.1255823443722581e-16, 0.041231720348031776, 0.003838262367661