{"E": -1.8421622369103E+03, "iao_dmu": [[0.997782494408605, -0.03484852974612087, -1.2813772343655555e-05, -7.161514240086144e-11, -2.3825717124305005e-16, 9.856070721685525e-10, 5.785464658561293e-17, 0.008543488716044162, -1.7074934785848678e-16, -0.00021740778731238963, 0.0005202458690057851, 0.0041111314382578845, 8.508141319995719e-07, -0.0002902300488538308, -2.82347094098022e-17, -3.041142521206018e-06, -6.58390599382565e-17, -0.0014318091220413447, -7.982456428345872e-17, -0.0034010872362267245, -0.0001425612071037014, 0.0012160667444799961, -1.9266733482896824e-05, -1.3341148312270696e-10, -7.297512093174602e-17, 5.065569428153828e-10, -4.361384953287736e-17, -0.00010512998290901121, 1.5831866408214835e-16, 0.00010356362376118204, 0.0005202461371290805, 0.004111131858976686, 8.50834990781858e-07, 0.00029023007755271386, 9.687263099016915e-17, 3.039707476750135e-06, -5.0474907789605125e-17, -0.001431809969822488, 1.5149436381571174e-17, -0.003401087193465473, 0.0004994037395758292, 0.003792815596611819, -0.00031752830328778017, -8.07680582356467e-12, 2.0185080992258173e-16, -1.9958399496462206e-09, 5.3602690010791754e-17, -0.0015239584280403247, 2.0674605096224774e-17, 0.002200856632604701, -1.5137306900344579e-05, 0.00024247899288464548, 8.459683022806195e-07, 3.574932554381625e-06, 7.104648966298141e-17, -0.00012695607420162595, 2.69373698115901e-17, -0.00012591637567903427, 3.310052930499678e-17, 8.641745809314637e-06, 0.0005236231039827091, 0.00412906766492854, 0.00029453392058859134, -8.987682072828715e-11, 1.0342845911923105e-16, -2.818169866834478e-10, -2.0453103166908538e-17, -0.0014164073811584507, 1.3119830005612844e-16, 0.0036157718901029226, -1.513706397858188e-05, 0.00024247577732626553, 8.461689716988292e-07, -3.5751641681332223e-06, 9.236959382141619e-17, 0.00012695667369516504, 4.4615486718965e-17, -0.0001259163767920659, 2.4716111785887365e-17, 8.642045441297748e-06, 0.004548214596786017, -0.013243706530636834, 1.6161888854755077e-10, -3.7512189090271015e-17, -0.0005751212810386398, 7.338264760738949e-05, -1.391605685828497e-05, 6.951681766787258e-17, -0.0012504122139665676, -0.0016831348051144347, -8.973422842991516e-11, 3.7205208422472594e-18, -0.0005751214737701566, 7.338261218368003e-05, 1.3917259113235792e-05, 2.9425832852503774e-17, -0.001037359714573868, 0.0009268748333461333, -3.5298352501220546e-10, 3.956377414242931e-18, -0.0005852226615707027, -6.362234026737379e-05, 3.3322296481258696e-05, -5.160139517499929e-17, 0.00434374617308424, 0.013317670857391588, 7.365864508298074e-10, -6.077919704098788e-18, -0.0005852239002192057, -6.361591418838735e-05, -3.332311145963475e-05, -2.5955291690595136e-17, 0.004307764640829536, -3.957200858580776e-05, -0.013099153160939616, 3.619634655662373e-17, -0.0011963735255620027, -5.192732552733454e-05, 0.0016833107029176786, -1.5653740011418143e-17, -0.0011963740055643097, -5.192733602473373e-05, -0.0016833100286289355, -4.155119071337428e-17, 0.004307764254596112, -3.9571168378876256e-05, 0.013099154176852331, 4.205392141043893e-17, -0.0006281742791536281, -7.081228957798617e-05, 0.00018107348652690721, -6.6553182464283185e-18, -0.0005585103233840018, 2.7644141647220742e-05, -1.6666849769617448e-05, 1.2090140248668738e-17, -0.0005585111371579525, 2.7644265372309415e-05, 1.666167473264003e-05, -3.1926902459547156e-17, -0.0006281750084597794, -7.081343160128329e-05, -0.00018107360736832075, 4.0589775322589526e-17, 0.002002894229406404, -0.00040699188431461334, -0.00040699243277754347, 0.0020028966356618093, -0.00039821346984318656, 0.0020349339368680975, 0.0020349334621288582, -0.00039821312950280265], [-0.03484852974612087, 0.3754380478010493, -0.0014252250985941376, -1.4684833067586137e-09, -1.1938453875204796e-16, 1.7625353252372885e-08, 3.523997695460974e-17, 0.14978697877514704, 6.651722131259003e-17, -0.01000548822740774, 0.004013701794648695, -0.029327396958480377, 1.484667621410713e-05, -0.005061233787192518, -6.694053733182341e-17, -0.00034851224160307217, 1.0401285857028621e-16, 0.0026841201445822454, 7.183458766134001e-17, -0.006006491290996535, 0.0012160631190251603, 0.002607406795260997, 0.0008635497450980314, -2.3748932655435625e-09, -2.2400237848584262e-17, 9.350658836347756e-09, 2.0596869797355467e-17, -0.0015192473725552116, 3.7487155039339687e-17, -0.004384790952364817, 0.004013704507169723, -0.029327427661610398, 1.4846635229492312e-05, 0.005061233658989972, 4.3105938195182185e-17, 0.00034848659314501657, 4.9833828902921804e-17, 0.0026841167793059807, 5.804927586320762e-17, -0.0060064890391352075, 0.004624607042171919, -0.031158187421443172, -0.005541192955991549, 6.279752586113191e-10, -1.7687280735259964e-17, -2.621363751388963e-08, 1.374847694751114e-17, 0.004681275145090432, 1.8058717229048605e-17, 0.06650131039424521, 0.00024247592459372585, -0.028515685002826995, 1.4903421877889728e-05, -0.0007540163511707487, -1.1011574361377775e-17, -0.0022639064526745844, 1.2135133396019957e-17, 0.004415787221335087, -6.27964405337436e-18, -0.003428355744464281, 0.004013548692343092, -0.03108945576919348, 0.00513684589558679, -1.4298442992013152e-09, 3.779899474502653e-18, -1.2277807021113496e-08, 5.663713996235689e-17, 0.002892975006764263, -7.815863961298377e-18, -0.01604277353670691, 0.00024248052322834246, -0.028515775022270397, 1.4905732180649215e-05, 0.000754012786728561, -1.41686082872726e-17, 0.0022639101207301343, 3.6138622146049706e-17, 0.004415796233048649, -1.2672696102209115e-17, -0.0034283512808378144, 0.09702335993750948, -0.22822740329830973, -4.043663772918836e-09, -3.17342051443314e-17, 0.007496520387335885, -0.0022372206892684807, -0.005030210368815071, 7.221003331953931e-18, 0.006811492496804793, 0.021195789168765255, 6.659114061331573e-10, 1.5875753654683364e-18, 0.0074965327524089825, -0.0022372453148025, 0.005030233486068334, 2.3346742335094215e-17, -0.0019890557209255788, 0.013706481494356024, -1.4579258238158066e-08, -1.2953910529163945e-17, 0.007374467015742361, 0.0024061829503583777, -0.0013649283509270587, -7.50009582691133e-18, 0.10609454410887875, 0.1813169392234576, 5.5357732925288266e-09, 4.486459323719378e-17, 0.007374451357354327, 0.002406282466903909, 0.0013649183967666008, -8.135433812295531e-18, 0.10079888902034582, -0.005357704057002015, -0.18201609876131875, -3.697970521575211e-17, 0.003148049434448903, 0.0036467272322751438, -0.01666345210069946, -1.530778841156993e-17, 0.003148045704308926, 0.0036467323130902453, 0.016663463100391945, -1.2860689538017132e-17, 0.10079889141988413, -0.005357693736958355, 0.18201609720292655, 5.731311634406251e-17, 0.013485164093191603, -0.002632300557744238, -0.030091692994583204, 2.6480718701615146e-17, 0.004555012459329548, 0.0019500938794246923, -0.001189418773825417, -6.143943273872809e-17, 0.004555009372621688, 0.0019500939162962105, 0.0011893275497520332, 6.440179020423268e-17, 0.01348516312402718, -0.002632330000769016, 0.030091701434909156, -1.4982901722431306e-17, 0.032397170880437996, -0.0010706328378066981, -0.001070638834521253, 0.03239716774229492, -0.0012926609989377406, 0.03289940307168255, 0.03289941156858523, -0.0012926612551859634], [-1.2813772343655555e-05, -0.0014252250985941376, 0.999845361285883, -9.212420347975969e-13, -5.003941969449313e-17, -7.871937081298158e-11, 2.8160963405488835e-16, 0.000285934602969831, 2.580687431309018e-16, 8.673188397114241e-05, 3.455620074668075e-06, -0.0001176335937634113, -4.1228656547296094e-07, -4.685329789542922e-06, 1.7458543221411703e-16, -3.8209626626792806e-05, -3.5048132159454745e-17, 2.8481052691766678e-05, 3.630197991346692e-17, 0.0014450357730394485, 1.9266713499396343e-05, -0.000863548934546644, 0.00015290080192384997, -3.988568433513251e-11, -9.619742404844425e-17, -1.8789690014716348e-10, -2.9334701361936603e-16, 0.00014144838449610438, -5.750959305696713e-17, 9.106822250809568e-05, 3.4555922832763696e-06, -0.00011763350304351487, -4.1224376626092516e-07, 4.685343552679389e-06, 2.7426647837406587e-17, 3.820963483402559e-05, 1.84322422912329e-16, 2.848116693697429e-05, 1.855969915729319e-16, 0.0014450331433833506, 0.0002612399466944594, 0.004598244481697872, -4.589273532192042e-06, -8.779294025770606e-12, 2.2334500272099143e-16, 7.917328030719396e-11, 1.3137809166888413e-16, -0.0015170032650818545, 8.553224510911746e-17, 0.0017963693886228307, -3.5750287611546175e-06, 0.0007540156903285957, 6.231121258955817e-07, 1.303080159441512e-06, 1.8377263925397246e-16, -2.477976924285522e-06, -1.1461058029234364e-16, -0.0001301501443509274, 2.2721790721468864e-16, -1.61799796442588e-05, -0.00030256106413046143, -0.005048529243046092, 5.107908735084316e-06, 6.506364510098312e-11, -4.0706493551920955e-17, -2.612276407840021e-10, 1.9870847356912845e-16, 0.0014070169870614435, -9.863293827331113e-17, -0.006396079914535141, -3.5751890098150214e-06, 0.000754011611046075, 6.230464557923617e-07, -1.3030662395712186e-06, 3.027070745660037e-17, 2.477479195111415e-06, 6.252449356243009e-17, -0.00013014938758275043, 1.346204132324014e-16, -1.6179759977322673e-05, -0.0008442196422373926, -0.0027658362879630434, 5.992286521293298e-11, -1.0780896110037216e-16, -0.0003059305191721694, 0.00015477207189082046, -0.00015112288081929208, 6.623102131814985e-19, 0.001650211147441663, 0.003646201174102293, 1.4997348755981583e-10, 4.079657348139884e-17, -0.0003059294206192168, 0.00015477129836879373, 0.0001511229966311958, 2.0923515570999976e-17, -0.0008405385749541805, 0.0025707517820751195, -3.692511897302889e-10, -1.4275756027025287e-16, -0.00019518032765603537, -0.00015096575885038425, -0.00011961930215758387, -1.0756008288825404e-17, 0.0018683164399204667, -0.0034677584307448803, 2.664798600476815e-11, -4.1354935383930974e-17, -0.0001951804909131852, -0.0001509673791791094, 0.00011961901313612108, 5.794516807369142e-17, 0.0004297115825594536, -0.00052878606022689, -4.1505771838844245e-05, 5.768742015672926e-17, 0.00032406868417321087, 0.0003613104257996965, -0.00013921221447062368, -7.641539548373459e-17, 0.0003240686467274323, 0.0003613103086447191, 0.0001392117728994643, 1.1406935816361542e-16, 0.00042971146465266725, -0.0005287859404557036, 4.150692194863658e-05, -1.2500664731810674e-16, -0.0007474457039131057, 6.846860895502908e-05, 0.0002326795167381078, 1.43124743798455e-16, 0.00012509005119884137, 9.840908614142128e-05, -0.000184671015131661, -2.6838298361986235e-17, 0.00012509078620250326, 9.840880133016899e-05, 0.00018467266590851497, 8.004575996150973e-17, -0.0007474449754933883, 6.846748360581992e-05, -0.00023267972582071442, -3.712710474215391e-17, 0.0003223354335689608, 0.00012540185634072929, 0.00012540181473794315, 0.00032233455654870184, -9.977278285744385e-05, -0.0003889868634518442, -0.0003889848991087241, -9.97713785531101e-05], [-7.161514240086144e-11, -1.4684833067586137e-09, -9.212420347975969e-13, 0.9998173243874858, 3.954677534689422e-16, 1.0855452394536329e-05, -2.0948192214706005e-15, 7.048416404231629e-10, 4.786042271395947e-16, -1.2021224630968676e-10, 0.00030368792434415105, 0.00499806099334397, 2.4788239132671894e-07, 4.2867217152544913e-07, -7.85794881612487e-16, 9.793417601888582e-07, 1.8047572338319205e-15, -0.0014232539733039689, -1.8799809247196797e-16, -0.00557568021152842, 1.5140407838131225e-11, 1.231587912675728e-10, 3.675455047533779e-12, 0.0001812197398458778, 4.56589726795721e-16, 1.0820071028591637e-05, -2.4943923478097276e-15, -3.0283363685794236e-10, -1.6324746746639702e-16, 3.30064722265739e-10, -0.00030368812772040097, -0.004998062556384158, -2.4783619439193754e-07, 4.286722639558361e-07, -5.57341662846136e-16, 9.788974465772438e-07, 2.055440727249886e-15, 0.001423253690042107, -5.653509579750649e-17, 0.005575678559614293, -1.945452317213802e-11, 3.578583615189694e-10, -4.645246386965437e-12, -4.0542058382737266e-07, 5.118725596707743e-16, -9.303075485516086e-05, -1.5038190246830647e-15, -5.133980251420922e-10, -6.408972316889077e-16, 2.615396507766707e-10, -8.458553405921813e-07, -1.4901119782499668e-05, -1.283683552499615e-05, 6.23112459130574e-07, -1.3651194880584173e-16, -1.6319919434071079e-06, 1.6406930730372268e-15, 3.5238729255747523e-06, 2.7965226082057544e-16, -4.3166497240147485e-07, -1.0253190678000495e-10, -8.184600397076824e-11, 3.073735156389393e-12, -7.022631879335448e-07, 3.784099256817969e-16, 4.0905426970696967e-05, -1.3479598625719764e-15, -1.7863247677318995e-10, -2.317686995902362e-16, -1.292940717487568e-09, 8.462625689308296e-07, 1.4908590278772381e-05, 1.2836862427811232e-05, 6.230624246021525e-07, -4.850714049078745e-16, -1.6319921872038312e-06, 1.2559276529947368e-15, -3.52489066257995e-06, 7.003876455965514e-17, 4.319688098171744e-07, 2.4535861869790535e-10, -5.020600918740238e-10, -0.0006788484111725767, 4.3334242132243697e-16, -0.00032296672961017815, -0.00026986666751620253, 0.00010879413516407458, -2.4686311540632713e-16, -3.6312174517914865e-11, 9.51967922147834e-10, 0.00039620579351068604, 1.0672511122569562e-16, 0.000322965667191061, 0.00026986391463546504, 0.00010879456693239689, 1.5777512717048975e-16, -5.960717111657159e-10, -2.8678235258017686e-10, 0.0004901508743885926, -3.246441116031271e-16, 0.0003261920863358506, -0.0002805411161459109, 7.523561391522797e-05, 4.352345551294207e-17, 4.891506156227794e-10, 8.315420634215864e-11, -0.0005783427152409906, -1.9180244089938481e-16, -0.00032619321619072397, 0.00028054535880202763, 7.523441837090842e-05, 1.4476143101337284e-16, -0.0015521275950616262, 2.223642960499283e-05, -0.0036924075363026854, -1.5413212728244602e-15, -0.0014291842879683564, -2.251200474975181e-05, 0.0036871638869567956, 1.959914569959244e-15, 0.0014291837100701644, 2.251191700163264e-05, 0.0036871637722485804, -2.248129816604639e-15, 0.001552128201126576, -2.223622024031311e-05, -0.0036924066782544683, 1.9492283181824608e-15, -5.967304484124845e-05, -0.00018839953789563917, 4.3968612853778515e-06, -1.403141315029559e-15, 6.306486813185361e-05, -0.00015062063768163915, -2.90301224830506e-06, 1.3924196314352988e-15, -6.30661518385309e-05, 0.00015062169731073054, -2.9050315200133816e-06, -1.4713275004824248e-15, 5.967136551125512e-05, 0.0001883981521586354, 4.397937911904131e-06, 1.2842610039872766e-15, 0.000397441125942545, -0.00012852321634972418, 0.000128524442240084, -0.00039744207075372034, 0.00013137193488213771, -0.0003814482660611337, 0.0003814465923705465, -0.00013136948462342851], [-2.3825717124305005e-16, -1.1938453875204796e-16, -5.003941969449313e-17, 3.954677534689422e-16, 0.9999999824693183, 1.5472600825134034e-16, 5.710724642678647e-13, -1.501995509138488e-16, -7.4204956221093545e-09, 4.7808722790839756e-17, 8.848964889714524e-16, -5.544290047389201e-16, -6.268313561440415e-17, 1.7581457138028914e-16, -2.4306258673497802e-09, 2.0692328894456386e-16, 3.181471633402646e-08, -1.3065160404223708e-15, 8.366419161692843e-11, 3.3667140957144353e-17, 1.6419071739026709e-16, 2.1465901922733914e-17, -1.5714045673690272e-16, -2.307999869626249e-16, -1.1340894129430026e-09, 1.1952200481916892e-16, 6.986488415627146e-14, 2.60250044457598e-16, -7.894523331053694e-10, -9.770904101960139e-17, -9.431448668661405e-16, 2.2048494061535564e-16, -5.2713848827070984e-17, 2.36639179209079e-16, -2.4306354253472632e-09, -2.7241631325816687e-17, -3.181503691908782e-08, 1.0501356053930485e-15, 8.38284767713367e-11, -9.81257403196038e-17, -6.01270626081036e-17, 7.004917879741848e-17, -3.504712565977231e-17, -1.9754867113603444e-16, -2.0494846464706628e-09, -6.486169558267407e-17, -2.689500348432208e-13, 4.891315038275085e-17, 3.9104511401612306e-08, -4.776376046914214e-17, -2.30148224410203e-16, -3.0680458090862664e-17, -1.2736595562503552e-16, 1.2297007672443206e-16, 3.0608173276843853e-09, -2.913295094660621e-17, -3.902361426559668e-09, -8.115576342035006e-17, -4.2817245319986237e-10, 5.3267984563563265e-17, -4.2114736327879017e-17, 1.7641851892894588e-16, -9.67055953314805e-17, 1.5117074944490243e-16, -2.459685591363343e-09, 2.5695523584950815e-16, -2.7847157858919813e-14, -1.2385937228122988e-17, -3.189737544482594e-08, 6.783418321301528e-17, 5.96726620534262e-17, 1.8063058875708563e-16, 3.0480860774734277e-16, 2.3383701467018393e-16, 3.060944054451701e-09, -3.8491980200109013e-17, 3.902331670642386e-09, -5.360434446180512e-17, -4.2811240298033415e-10, -1.91740762778551e-16, -1.7011634917064517e-16, 1.1397114601048644e-16, -1.2053455122131345e-16, 2.898033021006154e-07, 7.21018227933962e-17, -9.241778012970045e-18, -1.3858547728946737e-16, -1.0532464008500211e-07, 1.0426800259591339e-16, 1.8866044515818312e-16, 5.021714886940595e-17, 4.2740155517280464e-08, 1.431897021014157e-17, 2.4001839312875617e-17, -1.6121492087295001e-16, -1.0532559433222184e-07, -1.5259112423793826e-18, -2.93050149632978e-17, -5.659305800116489e-17, 3.3674008726425504e-08, -1.0123313551063632e-16, -2.7734342097108217e-16, -1.2632407805420997e-16, -1.0499044358481032e-07, 1.1120237455971516e-16, -3.305981165170884e-17, 3.9719804924357965e-18, 2.781670289218081e-07, 2.1387088174390705e-16, 9.38660480077656e-17, -4.055694887314294e-17, -1.0499069537015556e-07, -7.736407811434994e-17, -8.671680030501444e-17, 2.169739965704966e-16, 2.7774796284133234e-07, 1.085976461399074e-16, 5.79621787478682e-17, -7.313318429652691e-17, 4.448952458410981e-08, -2.0822285184170251e-16, -9.264086190770755e-17, 2.9865644715460356e-17, 4.448943655893712e-08, -4.1299930907563413e-17, -1.8328448612396598e-16, 2.476519980424698e-16, 2.777503461691205e-07, 2.6392435394619075e-16, -2.337025376319184e-16, -1.1175072570897906e-16, -1.2150670456293385e-07, -2.026382286086304e-16, 8.786290664691568e-17, 1.4773975823240477e-16, -1.0562485751837868e-07, -9.244905535404238e-17, -3.4897338317267536e-16, 3.2127431162482555e-17, -1.056247538046448e-07, -1.4645945761485952e-16, 1.3851496526398468e-17, 1.0873870182126242e-16, -1.215084475543689e-07, -1.0662004517835548e-17, 3.102368709235034e-17, 4.403378154588629e-17, -4.8144514324190855e-17, -3.097365241655389e-17, 9.732170389808259e-20, -7.057506645561909e-17, 6.775488309327725e-17], [9.856070721685525e-10, 1.7625353252372885e-08, -7.871937081298158e-11, 1.0855452394536329e-05, 1.5472600825134034e-16, 0.9999626034360052, -3.5983477163140947e-16, -4.338984584180882e-09, 3.5764937341633453e-16, -1.0389846769671332e-10, -1.515925914802035e-05, -0.0002494699620931295, 4.149815352284315e-05, -2.597624568545221e-07, 2.959432868362495e-16, 7.146470344701304e-08, 2.7519301720110513e-16, 8.255798666580405e-05, -4.3181993947956006e-16, 0.00035712886234091364, -6.477634791793373e-10, -1.095518624637292e-08, 9.764675581740727e-11, -1.0820311592882004e-05, 2.0184694708210325e-16, 3.4764991477834845e-05, -6.88760502261117e-17, 2.6804629924583725e-09, 2.182905541069585e-17, -3.8957666032589704e-10, 1.5158213232590311e-05, 0.0002494538862461599, -4.1498191418581704e-05, -2.6022941472197487e-07, -9.661707369402094e-17, 7.165605547304731e-08, 4.442646559897126e-16, -8.25539608605214e-05, -5.964640679440081e-16, -0.0003571404309118462, 1.0907331570883741e-09, 1.9913353761117176e-08, 2.4982615775094106e-10, 4.6899064718738614e-05, -1.1691721066019966e-16, 5.356045623136844e-06, 2.2405326273557655e-17, -6.957474802982047e-09, -1.7838103155495766e-16, -5.720613678619087e-09, -0.0001269559774779786, -0.00226390201631393, 1.6321309352247245e-06, 2.478112025527413e-06, -1.11908644651985e-16, -2.992988291798067e-07, -4.859861114094455e-16, 0.0007034739288344991, 1.809750864409055e-16, 2.703453353359899e-05, -1.3457519314279577e-09, -2.1935307814454246e-08, -2.4424960656990604e-10, -4.217352985992086e-05, 1.4285543647708004e-17, -2.8493373540522456e-06, 2.591436884173524e-16, 5.867543231056478e-09, -3.9673555419042784e-17, 1.954535496456675e-08, 0.00012695651091758567, 0.0022638976570594203, -1.632098686083193e-06, 2.476974946181268e-06, 1.442799113833158e-16, -2.99550436695956e-07, -1.40936372527718e-16, -0.0007034735393883541, 2.3850721876460448e-17, -2.7033653003343354e-05, -6.3534720635158605e-09, 2.8360092426359177e-09, 0.0006585630834497922, -1.0585028772221152e-16, 0.0007173290186260657, 0.0007835932970436639, -5.860492213301591e-05, 8.187800732114494e-17, 2.772360669574131e-09, -2.780350048115286e-09, -0.0004996622345967033, -1.7737289746064498e-17, -0.0007173257497584811, -0.0007836007950984477, -5.8607641769645113e-05, 2.144807441531506e-16, -9.390101518902443e-10, 7.2198909739367824e-09, 0.00040637267101093026, 1.7377366846158643e-16, 0.0006583991141081097, -0.0007065652657335754, 6.0226401765932395e-05, -1.543340880921542e-16, -4.874346775200064e-10, -6.2055214742813525e-09, -0.0004966920969254709, 1.2241406720386463e-16, -0.0006583939040592519, 0.0007065732033317289, 6.022296782145146e-05, -2.126661467966145e-16, 0.0001128147077498171, 0.0005638184197441272, 0.0002155192564936053, 2.5132710683899265e-16, 9.552610346340296e-05, 0.00044974513611993074, -0.00021529096372035673, -1.3074461786503406e-16, -9.5521836151514e-05, -0.0004497470680397172, -0.0002152960948938045, 4.494826609892803e-17, -0.00011281900883596612, -0.0005638191461031817, 0.00021550639969306415, -2.26996991122528e-16, 0.0007008824982734259, -7.636232842193575e-05, 0.000831695047227326, -5.625640678197855e-17, 0.0006879100916433974, 3.9269169348407455e-05, -0.0007647484904626755, -2.5199093670676725e-17, -0.0006878978333173431, -3.9267397281971476e-05, -0.0007647747863524085, -3.684633691209289e-18, -0.0007008903202644598, 7.636375822948278e-05, 0.0008316753485935482, -2.0983084193269762e-17, -0.0016421367790405426, -0.0011867173036604261, 0.0011867253024417078, 0.0016421411655922786, -0.0010641863575884948, -0.0013707154276668557, 0.001370710746447999, 0.001064187214030468], [5.785464658561293e-17, 3.523997695460974e-17, 2.8160963405488835e-16, -2.0948192214706005e-15, 5.710724642678647e-13, -3.5983477163140947e-16, 0.9999993482779092, 1.141323465661574e-16, 1.482267573948054e-12, 1.6589843757558125e-17, 5.976700309095701e-16, -7.440852081428724e-17, 3.8360948478622927e-16, 3.993340169035264e-16, -2.5679835822004496e-08, -2.3379556580770707e-16, 2.642100703804519e-07, 3.518141880553674e-17, 5.202807344362868e-09, -4.0312458484981547e-16, -8.312413611318352e-17, 7.015371456796261e-17, -2.9261529484660715e-16, 1.814386283079172e-15, 7.812502559183425e-14, 1.719505761076235e-16, 9.250931328836016e-08, 1.3509262753347869e-17, -1.4162564751562761e-13, 4.705463341433957e-17, -3.523785883530896e-16, -9.092022989362114e-18, 2.6317347011005414e-16, 3.222765228773732e-17, 2.567972441720701e-08, -1.1075327607657168e-16, 2.6421291905184213e-07, 3.0030731362023074e-16, -5.204045718565615e-09, 3.7092931711251593e-16, 2.489727702831868e-17, -1.3263982158135056e-17, -2.2572877310009704e-16, -8.639452963823826e-17, 2.421349696717492e-14, -5.602094286186384e-16, 1.9070643688022812e-07, 1.0715927063589755e-17, -3.0634658035676406e-12, 2.828993812099059e-17, 2.3642696335118687e-16, 5.575886381001724e-17, -1.9504433266518286e-15, -7.24174614546789e-18, 4.280718735943692e-10, -2.160980265188032e-18, -2.2454612148071994e-07, 7.375435579925436e-17, 1.955485861395326e-07, -6.870780692293237e-17, 6.72236769207908e-17, -2.337915014940896e-16, 1.2461354038268076e-16, -2.1365485822321966e-16, 1.0910040182407687e-13, 6.21134222137411e-17, 2.2085717421296526e-07, 1.4940806996347401e-16, 1.4000121708345998e-12, -2.1863923473173167e-17, 4.6108413742512867e-17, 3.56227682569188e-17, 1.811099496514494e-15, 2.2996821272612983e-16, -4.281856445025939e-10, 1.4118491546988484e-16, -2.2454968465266443e-07, 7.50358565639659e-17, -1.9554621335669143e-07, 4.3050127617516985e-17, -5.909943030132929e-18, -2.3863062401311785e-17, -3.2406087319084767e-16, -1.0269587809804178e-11, 6.922994899375253e-16, 8.358322864640395e-16, 1.296544131559607e-16, 7.378389518072802e-07, 3.1265360541174916e-16, -1.2503251445206062e-16, 2.5473406427056996e-17, -1.0132053947266766e-12, -4.538838463804651e-16, -7.468946543420755e-16, 7.615191820847262e-17, -7.378288663363959e-07, 2.5991642452277785e-16, -7.275426862685427e-17, 5.5605639366873e-16, 8.596250908501499e-14, -4.056842441463238e-16, 6.53622601793204e-16, -2.960014383197943e-17, -8.022619364429274e-07, -7.568694747642927e-17, -6.180622960864814e-17, -2.336499181918829e-16, -2.5474088212720635e-12, 4.2079868452362134e-16, -5.713340306932895e-16, -1.5347528077818347e-16, 8.022651492194974e-07, -5.736673143007026e-16, 2.357147223042348e-16, 1.05974316517963e-15, 2.3817571886361797e-06, -6.446127478989622e-16, -3.867147625412106e-17, -7.259498644804474e-16, 3.587095170328278e-07, 9.177996633662759e-16, 5.965755894432426e-17, -9.257838498644028e-16, -3.587146654180761e-07, 7.300059156349733e-16, -5.314970067197214e-18, 8.736347367078508e-16, -2.381786190309987e-06, -9.753968377849454e-17, -5.689759787195167e-16, -3.5910370098500617e-16, -9.553775168873087e-07, -6.458690202048329e-17, -4.625712161899001e-16, 2.162008759095077e-16, 9.593928981091454e-07, 2.2199946312328754e-16, 3.1152731019329084e-16, -1.3661265274083734e-16, -9.593833147709335e-07, 1.3683810182294193e-16, 7.226078332208503e-16, 1.5089262047785976e-16, 9.553949587074727e-07, 1.2836007598867617e-17, 8.12075080769669e-17, 1.0003288418869336e-16, -3.128947132869958e-18, 7.627137605941786e-17, 1.6488142299447312e-17, 7.985253729026189e-18, 1.0230205241961477e-17], [0.008543488716044162, 0.14978697877514704, 0.000285934602969831, 7.048416404231629e-10, -1.501995509138488e-16, -4.338984584180882e-09, 1.141323465661574e-16, 0.9613468133464633, -1.8160685612898617e-17, 0.0022421689781892762, -0.0012648025091010866, 0.001454587314610615, -3.866592731927632e-06, 0.001261222894660088, -4.296549320036426e-17, 9.545506934061403e-05, 3.343638875499495e-16, -0.0005735669859985879, -5.020261700725251e-17, 0.004382234881479849, -0.00010513036369288167, -0.0015192684232185679, -0.0001414484108803545, 4.1521283289251686e-10, -5.713664289513462e-17, -2.293475239815462e-09, 2.4666201245264984e-17, 0.00039403217497004615, -1.1967176596404254e-16, 0.0007790657158383898, -0.0012648014695146649, 0.0014546252148828502, -3.866845702583108e-06, -0.0012612230189754329, 1.4259431148830736e-16, -9.544822949760837e-05, 1.2411505629972167e-16, -0.0005735746273464984, -6.589874510418024e-17, 0.004382232638294233, -0.0013896767840319917, 0.0020364046960712496, 0.0013913901062573822, 5.252317671074359e-11, -1.5453142850206105e-16, 7.178880345036392e-09, -8.535639858247368e-17, -0.001168173339821555, 8.739803957652921e-17, -0.01463072580760161, -0.00012591620475502587, 0.004415781920106347, -3.524323185306552e-06, 0.00013015052892388794, 2.001215237520999e-16, 0.0007034752255488857, -3.53441763037462e-17, -0.0017865308416944244, 3.716085531197713e-17, 0.0005927393126863857, -0.0012758711517604957, 0.001742880313148847, -0.0012813901976240643, 2.4890798960464056e-10, 2.9559424973040375e-17, 2.8032820108434363e-09, 3.6849320709056276e-16, -0.0005994230308722443, 3.1458497714212026e-18, -0.000858584722015892, -0.0001259163964465418, 0.0044158200595943815, -3.524410901845012e-06, -0.0001301496089013638, 1.3022547579428987e-16, -0.0007034769074031866, -1.0612123992912803e-17, -0.001786536969902444, 4.944720694190909e-17, 0.0005927380484289319, -0.02788017577294016, 0.05593457001571783, 1.517825252098982e-09, 4.804545002100912e-17, -0.0034404334445787507, 0.0006298487102527029, 0.00489069253907669, 1.1368822610805528e-16, -2.7775227238755222e-05, -0.0024661933009529464, -1.4883318376036496e-09, -1.186542184047698e-16, -0.003440444098158316, 0.0006298594749286966, -0.004890698174790357, 1.25031784900524e-16, 0.0013550168997552554, -0.00325972330663921, 3.930657338100462e-09, -9.454844178272732e-17, -0.003481919142068561, -0.0006607156963401864, -0.003968810119357599, -2.812054246104485e-17, -0.029509080917302002, -0.046935428140969696, -9.906086063892216e-10, 1.1584699289628228e-16, -0.0034819128323015647, -0.0006607266640362646, 0.003968812724817338, -2.014270733162527e-17, -0.028408566553767677, 0.001263774382816597, 0.04658459935011797, -1.4678734910808198e-16, 0.0005699682681949215, -0.0006333430177543792, 0.0018021332794657613, 4.127048235397648e-17, 0.0005699635286423306, -0.0006333456978591919, -0.0018021461149753154, 2.7326806291392737e-17, -0.028408573037466956, 0.0012637710030695686, -0.04658458921439444, 5.1621636598497044e-17, -0.004531498636491829, 0.004626993899947257, 0.005533059251525209, 3.6727950786639196e-17, -0.0030264569926776283, -0.004532974571257396, -0.000151044581934561, -4.344060727609163e-17, -0.0030264586263059217, -0.004532973479813745, 0.00015106344782027888, 1.123210841913679e-16, -0.004531501400853839, 0.0046270027938773075, -0.005533055135974361, -1.897773383448891e-17, 0.015715661348981873, 0.0008109608107140917, 0.0008109663937379145, 0.015715662942447108, 0.0008701821430500148, 0.016122991962790184, 0.01612298984417017, 0.0008701852449535747], [-1.7074934785848678e-16, 6.651722131259003e-17, 2.580687431309018e-16, 4.786042271395947e-16, -7.4204956221093545e-09, 3.5764937341633453e-16, 1.482267573948054e-12, -1.8160685612898617e-17, 0.9999993573610649, 3.9470331720846785e-16, -4.3768469092253544e-16, -3.53532144242465e-16, 1.6804677186593572e-16, -4.0782948491521146e-16, -3.291160921053443e-09, -5.7452217347117e-18, 3.780957427168032e-08, -1.2506610411861396e-16, 2.1770296617980697e-07, -1.0979215263184014e-16, 1.4706221940349098e-16, -1.391574211891932e-16, -1.9837385798394576e-16, -2.696081818199025e-16, 7.894906588766997e-10, 2.3332559694634763e-16, 6.17736862063255e-15, -6.599072947804899e-17, 6.638893287526408e-08, -2.276899168098407e-16, 3.681714281007719e-16, 1.705909931362077e-16, 2.848215351892384e-17, -7.615720488305492e-19, -3.291010644355174e-09, 2.270099628142989e-16, -3.780991105181483e-08, -1.6223378567488036e-18, 2.1770158755777939e-07, -7.386570347376098e-17, -1.994311847806176e-17, 1.5944437781196077e-16, -2.5180093408432275e-16, 1.7624074268805748e-16, -1.1782776829212401e-08, 1.8287149688669585e-16, -7.995712261386531e-13, 2.1779159345767252e-17, 2.7516447011974124e-07, 1.6949057270615271e-16, -2.1306500698781415e-16, 2.486786386278289e-16, 3.682800381715196e-16, -3.654341971686128e-17, 3.902226737320694e-09, -1.856193749424454e-16, 1.5573432410914045e-07, 3.028424743038776e-16, -2.2454704367809998e-07, -1.2004396820778319e-16, 2.4877163466823385e-16, 7.753098598216117e-18, -8.416568949716164e-17, 2.101522210946024e-16, 2.8548086247872403e-08, -2.07191779341086e-16, -1.8244504540288966e-13, 1.214140801578283e-16, 2.423433012372875e-07, 2.144739916882461e-16, -1.5245484338130067e-16, -5.224193620543218e-18, -4.1587320733348034e-16, -1.5507468964489554e-16, 3.90247580775081e-09, 5.563837022815785e-17, -1.5573300495332062e-07, -2.426599940335794e-16, -2.2455064818723563e-07, -1.955423427449527e-16, 3.3232541346403655e-16, -7.497768600321389e-17, 1.9355598367271223e-16, 2.39989403836404e-06, -1.1691046411591133e-16, -3.864153169688046e-17, 6.247178658132717e-17, -9.359021251956776e-07, 8.307869881097527e-17, 8.651505285179295e-17, 1.973497519849793e-16, -4.0609034454576375e-07, 2.9689638925910526e-17, 3.3275535248603963e-16, -1.7421598589075884e-16, -9.359084381008546e-07, -1.7566650318339828e-16, 4.298808910201658e-17, 1.225144193292332e-16, 8.973279041390922e-08, 1.8148867700507777e-16, -7.054556755572031e-17, 4.632957908779049e-17, 9.696049612485636e-07, 5.14930750438692e-17, 7.55961408141459e-17, 4.391377856509807e-17, -2.236382770019171e-06, -9.715521925037296e-17, -2.835053224992329e-16, -4.977361612625833e-17, 9.696099094155877e-07, 1.50949466859888e-17, -1.7009141466451393e-16, 1.7390750336090662e-17, 4.1965024850526815e-07, -3.933262566355131e-18, -1.422222307758603e-16, -1.2735391882631985e-16, 9.654594845941624e-08, -1.89130139851434e-17, 2.2115630085106385e-17, 1.174063610961086e-16, 9.654417750826653e-08, -1.7853572745761238e-16, 1.7299963727950383e-16, 3.958436813676563e-17, 4.196539200758409e-07, 6.43676131709445e-17, 3.0874354189069665e-17, 2.2477670251076877e-16, 3.1116255425195e-07, -2.218985754601581e-17, -2.994091310364749e-16, -1.1023192344192468e-16, -9.205850912055911e-07, 2.0300942100985987e-16, -2.7155948029776754e-17, 2.4326019102261493e-16, -9.205841292230295e-07, 2.216015584508219e-16, -7.621804826333145e-17, -1.5921603406187305e-16, 3.1115986455421993e-07, -6.306137072970118e-17, 7.806433556369009e-17, -7.102509880742133e-17, -6.828490027169389e-17, 1.2387271208653373e-17, -1.261273187466397e-16, 5.541135884524878e-17, 1.5173294855236087e-16], [-0.00021740778731238963, -0.01000548822740774, 8.673188397114241e-05, -1.2021224630968676e-10, 4.7808722790839756e-17, -1.0389846769671332e-10, 1.6589843757558125e-17, 0.0022421689781892762, 3.9470331720846785e-16, 0.9876735005379874, -0.00140073324563089, -0.022147722410039223, 5.798747946632115e-07, -4.681154190409055e-05, 9.844129530724103e-17, 3.960274818933185e-05, -1.4934213791222162e-16, 0.0063072402144068295, 1.1231883094850615e-16, 0.04144175927020833, 0.00010356366443883396, -0.00438478475747398, -9.106861545671789e-05, 9.160080741364255e-11, -2.089992889530184e-16, 3.760624293776367e-10, -1.1642330309073782e-17, 0.0007790654444188215, -1.0762432083873078e-16, -0.012266435341792083, -0.0014007352834638166, -0.022147749815914598, 5.804319864400457e-07, 4.681087378022706e-05, 4.654598431828017e-17, -3.960639072243494e-05, 4.742665323866557e-17, 0.0063072428125457896, -1.1857671864149107e-16, 0.04144175666230559, 0.0011391097454743174, 0.016688236114870785, -5.267339034299109e-05, 3.1713548430028053e-10, 2.0828227171942345e-16, -7.360026407928087e-10, 1.2998468846384355e-16, -0.00538991435577984, 6.778406662142076e-17, 0.016990110772959827, -8.64235962553352e-06, 0.0034283507619131725, -4.315636686334063e-07, -1.6180012065002817e-05, -8.699067260264722e-17, -2.70359811909769e-05, 1.453791942410938e-17, -0.0005927358987094488, 4.638573374319464e-17, -0.006027752303753692, 0.0015003306168990909, 0.02132241998340193, 4.7632330637977e-05, -5.435942525246892e-10, 2.7719756917786843e-17, 1.2966252577419217e-09, -4.014585501642778e-17, -0.005994137341329124, -3.2094416460256417e-17, 0.02773795607462327, -8.642015077204062e-06, 0.0034283496053986277, -4.320889402298368e-07, 1.6179967085634662e-05, 1.7298931112858124e-16, 2.7034468063142866e-05, 1.6674449166918238e-17, -0.0005927378638905053, -4.453752157994157e-18, -0.0060277512406258105, -0.0011688439607106622, -0.02217658696646124, -1.3458455953221138e-09, 5.981297131956644e-18, -6.997090382215664e-05, 0.008698645328885316, -0.0004917377257167955, 2.4784718923456366e-17, -0.004270890252474684, -0.024117572675607525, 3.942533250152273e-09, -7.247666552672851e-17, -6.996646557730245e-05, 0.008698633084943763, 0.0004917392049348413, -8.278358318334792e-17, -0.002388407451308065, 0.02020995703457039, -3.199052145529164e-09, 7.811021701579782e-18, -0.0001740816074193702, -0.008700320777057811, -0.00012039332321993546, 3.551836798038614e-17, -0.003254080843967121, 0.0259640627114628, 4.665112637529249e-10, -5.252807549523639e-18, -0.00017408471436585978, -0.00870033666628809, 0.00012039703049950817, 6.105357097422867e-17, 0.008409771254585646, 0.0001094742056242821, 0.023937666483199862, -8.016967829704701e-17, 0.007304364049048897, 2.4800461241686727e-05, -0.025730321038994117, -1.1391272178884536e-16, 0.00730436463125855, 2.479556116573541e-05, 0.025730330372649147, 2.599746856821686e-17, 0.008409774887052595, 0.00010947595901203898, -0.023937679415187346, 8.098525387574171e-17, -0.002235215938314437, -0.0002724009671644276, -0.007359425173942837, 4.187838774322187e-17, -0.002193454611586265, 0.00010855349876213495, 0.006916686580869335, 5.2096774217714725e-17, -0.002193454019655548, 0.00010855535782839499, -0.006916699133217332, 1.9195271077951985e-16, -0.0022352163047802873, -0.0002724047765282009, 0.007359430803811416, -2.12199915685224e-16, -0.0011696125535467857, -1.1274661220115454e-05, -1.1275286263870011e-05, -0.001169611523226725, -4.9173644104875086e-05, -0.00025454647141827884, -0.00025454737505526976, -4.917347540516504e-05], [0.0005202458690057851, 0.004013701794648695, 3.455620074668075e-06, 0.00030368792434415105, 8.848964889714524e-16, -1.515925914802035e-05, 5.976700309095701e-16, -0.0012648025091010866, -4.3768469092253544e-16, -0.00140073324563089, 0.9976427187127525, -0.03596575533816683, -8.015869301095665e-11, -1.530124494047621e-10, 8.197408148798111e-17, -2.0744919364921368e-07, 9.773717898105237e-17, 0.010012747017664, 3.8191379828372156e-16, 5.834692904759001e-10, 0.0005202459706313909, 0.004013702818370159, -3.4554329304813568e-06, -0.00030368803541793636, 1.3139577839255562e-15, -1.515823908199711e-05, -1.512094596428045e-16, -0.001264802698995966, -2.3228077313448483e-16, -0.0014007344281177544, -0.00012936859650307812, 0.0007049671802282761, 8.06748574952162e-11, -1.787248969266816e-10, 6.682511205702175e-16, -4.665047314821142e-06, -1.742189042883346e-16, -2.9968715329198573e-05, 6.836533561033724e-16, -1.0922815622926826e-09, -3.172723106355234e-05, 0.0005183474523622745, -1.9100532897681778e-10, 3.994050422887788e-10, -1.6372300337086413e-17, 0.00031296012691475685, -4.1506540539680024e-17, -0.00017967167248514622, -4.0688626097701643e-16, 5.137975958431337e-10, 0.0005202457313683388, 0.004013701470149707, -0.0003036878698284566, -3.455620913080368e-06, -3.8867727350176863e-16, -1.5159302287150667e-05, -2.3139827216809835e-16, -0.0012648019665177984, 1.878627599495561e-17, 0.001400732938387295, -1.6249331248845712e-05, 0.0006866381174931648, 3.7218004176047973e-10, -1.8991445064918553e-10, 2.68226230886506e-16, -0.00012989710583843043, -1.3895035482358822e-16, -0.00022687411497972887, 2.185343752702295e-16, -1.039075823064603e-11, 0.0005202460487530003, 0.0040137020529547145, 0.00030368795089282023, 3.4556431697056384e-06, -5.297726847932006e-16, -1.5158850464559833e-05, 3.3102334225363646e-16, -0.001264801835094696, -7.335618115072736e-17, 0.0014007312315708741, -0.0007485185064995837, 0.00029796022304071285, 0.00016388171830597785, -1.4094735557503896e-16, 0.005014830635556828, -0.013666507539459223, 1.6958837815409212e-06, 1.8140956709550334e-16, -0.000788060847266805, 0.0002012525367889619, -7.795737363189699e-05, 1.4741435022784782e-16, -0.000901432542364441, -0.0012519497924645471, 2.0092414776093253e-05, 1.9318623629329054e-16, -0.0007485177665498306, -0.00029796713097661324, -0.0001638827627447503, 1.779189752045781e-16, -0.0009014324721054388, 0.0012519522528733982, -2.0091712615175603e-05, 1.85471272207365e-16, -0.0007880615459306719, -0.00020124962613484032, 7.795543011748345e-05, 2.287963375734704e-16, 0.005014830626680755, 0.013666505181814182, -1.6928697795501831e-06, 1.369882176681586e-16, 0.005014831261831747, -1.6975565965863024e-06, 0.01366650813486249, 4.079797384964246e-16, 0.005014829632433397, 1.697485492131169e-06, -0.013666509446515452, 2.4543140619936826e-16, -0.0009014337336401186, -2.0092476209203462e-05, 0.001251949727941262, -4.548927534163933e-17, -0.000901432559403917, 2.009140857241661e-05, -0.0012519520142837933, -1.2740598445566203e-16, -0.000748517957316589, -0.00016388182906475386, -0.00029796085966727617, 1.7680582454315625e-16, -0.0007880620934512037, -7.795849555668812e-05, 0.00020124839078369084, 2.8432946447227737e-16, -0.0007880618111168351, 7.795719349501366e-05, -0.0002012525016845683, -3.263306686886213e-16, -0.0007485178122699676, 0.0001638793320255139, 0.0002979691251499629, 3.095322391780312e-16, 0.0018070177718948692, 0.0018117752421912608, -0.00038536209209240807, -0.00042465528300157765, -0.00042465559795753144, -0.00038536476119717546, 0.0018117740691292123, 0.001807020008587162], [0.0041111314382578845, -0.029327396958480377, -0.0001176335937634113, 0.00499806099334397, -5.544290047389201e-16, -0.0002494699620931295, -7.440852081428724e-17, 0.001454587314610615, -3.53532144242465e-16, -0.022147722410039223, -0.03596575533816683, 0.39939323954148953, -1.8680121057659475e-09, -1.868436367692378e-09, -5.46910052384607e-16, -0.0002624400370558886, 1.1129075161904446e-16, 0.16443350889926317, 1.6627704155062903e-16, -5.918608571058398e-08, 0.004111131