{"E": -1.8421622369103E+03, "iao_dmu": [[0.997782494408605, -0.034848529746120856, -1.281377234365636e-05, -7.161515676517894e-11, -2.359421924383778e-16, 9.856070726954496e-10, 5.889417116880234e-17, 0.008543488716044158, -1.7340563381212937e-16, -0.0002174077873123865, 0.0005202458690057869, 0.004111131438257916, 8.508141319991315e-07, -0.00029023004885384387, -2.8589233980001064e-17, -3.0411425212089245e-06, -6.652285209497591e-17, -0.0014318091220413415, -8.102778667658708e-17, -0.0034010872362267206, -0.00014256120710370217, 0.0012160667444800093, -1.9266733482897498e-05, -1.3341148481326036e-10, -7.187059432924649e-17, 5.065569428740796e-10, -4.358391337480347e-17, -0.00010512998290900286, 1.5870812267505175e-16, 0.00010356362376117827, 0.0005202461371290747, 0.004111131858976716, 8.508349907820875e-07, 0.00029023007755271327, 9.676811332118985e-17, 3.039707476750532e-06, -5.0688403038895976e-17, -0.001431809969822483, 1.4067961280379077e-17, -0.0034010871934654803, 0.0004994037395758302, 0.0037928155966117953, -0.0003175283032877795, -8.076805611859938e-12, 2.0185086920266669e-16, -1.9958399497426484e-09, 5.26779271393757e-17, -0.0015239584280403243, 2.062027552252685e-17, 0.0022008566326047157, -1.513730690034458e-05, 0.00024247899288465442, 8.45968302279945e-07, 3.574932554379768e-06, 6.972830659480015e-17, -0.00012695607420162454, 2.625578629178024e-17, -0.00012591637567902132, 3.215063310640899e-17, 8.64174580931495e-06, 0.0005236231039827065, 0.0041290676649285785, 0.0002945339205885917, -8.987682125053428e-11, 1.0342826043652112e-16, -2.818169863312022e-10, -1.9553611921317042e-17, -0.0014164073811584615, 1.315716251226229e-16, 0.003615771890102929, -1.5137063978581113e-05, 0.00024247577732626314, 8.461689716987075e-07, -3.575164168132424e-06, 9.21596412899289e-17, 0.0001269566736951664, 4.465477602012535e-17, -0.00012591637679206598, 2.4073532832007862e-17, 8.642045441296635e-06, 0.004548214596785998, -0.013243706530636836, 1.6161888832039702e-10, -3.750426822915519e-17, -0.0005751212810386434, 7.338264760739507e-05, -1.3916056858274872e-05, 6.975765105391472e-17, -0.001250412213966571, -0.001683134805114447, -8.973422836683003e-11, 3.948212456019748e-18, -0.0005751214737701629, 7.33826121836801e-05, 1.3917259113235297e-05, 2.919710384984031e-17, -0.00103735971457387, 0.0009268748333461446, -3.529835239290427e-10, 3.668872304622655e-18, -0.0005852226615707088, -6.362234026737575e-05, 3.3322296481257436e-05, -5.1669208972691247e-17, 0.004343746173084255, 0.013317670857391587, 7.365864504722006e-10, -5.773050527151467e-18, -0.0005852239002192066, -6.361591418839204e-05, -3.3323111459633175e-05, -2.6161267427213548e-17, 0.004307764640829548, -3.9572008585809384e-05, -0.013099153160939611, 3.6190965552834556e-17, -0.0011963735255620103, -5.192732552733342e-05, 0.0016833107029176903, -1.5228349302711034e-17, -0.0011963740055643058, -5.192733602473246e-05, -0.0016833100286289392, -4.174856563198009e-17, 0.004307764254596117, -3.957116837887647e-05, 0.013099154176852349, 4.209866350633371e-17, -0.0006281742791536258, -7.081228957799887e-05, 0.00018107348652690968, -6.987342656909788e-18, -0.000558510323384002, 2.7644141647217442e-05, -1.666684976961808e-05, 1.1776744246932827e-17, -0.0005585111371579563, 2.7644265372311956e-05, 1.666167473263313e-05, -3.2094082582271745e-17, -0.0006281750084597796, -7.08134316012791e-05, -0.00018107360736831948, 4.1161267142329146e-17, 0.002002894229406398, -0.00040699188431461594, -0.00040699243277754406, 0.0020028966356618076, -0.000398213469843185, 0.0020349339368681027, 0.0020349334621288322, -0.0003982131295028015], [-0.034848529746120856, 0.3754380478010493, -0.00142522509859417, -1.4684833034039891e-09, -1.2060391605441539e-16, 1.7625353252567067e-08, 6.039070680625418e-17, 0.14978697877514704, 3.853904005438874e-17, -0.010005488227407749, 0.00401370179464869, -0.029327396958480363, 1.4846676214107356e-05, -0.005061233787192515, -6.329081895167874e-17, -0.0003485122416030734, 8.2424626113173e-17, 0.0026841201445822324, 8.758717812054377e-17, -0.006006491290996535, 0.0012160631190251707, 0.002607406795260983, 0.0008635497450980521, -2.3748932714937754e-09, 2.4838134547391916e-17, 9.350658838329327e-09, 1.2812188895557258e-17, -0.0015192473725552304, 3.539837599825403e-17, -0.004384790952364799, 0.004013704507169714, -0.029327427661610367, 1.4846635229489444e-05, 0.005061233658989976, 3.9522285321652285e-17, 0.0003484865931450073, 3.674037062828245e-17, 0.002684116779305969, 7.114710685458897e-17, -0.0060064890391352075, 0.004624607042171901, -0.031158187421443197, -0.005541192955991544, 6.279752626217872e-10, -1.7687742341419696e-17, -2.621363751172126e-08, 1.0415072126741289e-17, 0.004681275145090437, -4.898230459847169e-19, 0.06650131039424519, 0.00024247592459372865, -0.02851568500282702, 1.490342187788656e-05, -0.0007540163511707298, -5.758509506714821e-17, -0.002263906452674575, -8.118032770296348e-18, 0.004415787221335062, 2.223101389615027e-17, -0.0034283557444643063, 0.0040135486923431165, -0.031089455769193468, 0.005136845895586786, -1.4298443004699492e-09, 3.780337809316207e-18, -1.2277807023273065e-08, 9.755292860005685e-17, 0.00289297500676426, 3.0561852912980053e-18, -0.016042773536706908, 0.00024248052322832094, -0.0285157750222704, 1.490573218065163e-05, 0.0007540127867285421, -1.3704886544553358e-17, 0.002263910120730135, 4.217211453548494e-17, 0.004415796233048627, 1.1090129802364798e-17, -0.0034283512808378305, 0.09702335993750945, -0.2282274032983098, -4.043663778450743e-09, -2.802654767934931e-17, 0.0074965203873358765, -0.002237220689268477, -0.005030210368815065, 1.4821438776342863e-17, 0.006811492496804778, 0.02119578916876526, 6.659114082351533e-10, 1.4697594756912308e-17, 0.007496532752408984, -0.0022372453148025028, 0.00503023348606834, 2.5075481614193866e-17, -0.0019890557209255805, 0.013706481494356021, -1.4579258239765461e-08, -2.607946475992483e-17, 0.007374467015742357, 0.002406182950358373, -0.0013649283509270368, -1.1098738763551842e-17, 0.10609454410887866, 0.1813169392234576, 5.535773295599283e-09, 4.861028436876541e-17, 0.007374451357354319, 0.0024062824669038984, 0.0013649183967666156, -2.150362147951759e-17, 0.10079888902034582, -0.00535770405700202, -0.18201609876131872, -3.8867111335930205e-17, 0.0031480494344488965, 0.003646727232275139, -0.01666345210069946, 7.562929531097561e-18, 0.003148045704308921, 0.003646732313090248, 0.016663463100391962, -3.601666093155464e-17, 0.10079889141988414, -0.005357693736958349, 0.18201609720292655, 6.712372742471146e-17, 0.0134851640931916, -0.002632300557744231, -0.030091692994583228, 1.796309160347822e-17, 0.004555012459329559, 0.0019500938794246871, -0.0011894187738254421, -5.404387612815994e-17, 0.004555009372621677, 0.0019500939162962062, 0.001189327549752034, 4.014778633598884e-17, 0.01348516312402719, -0.0026323300007690185, 0.030091701434909166, 2.954471490473084e-18, 0.03239717088043798, -0.0010706328378067044, -0.0010706388345212649, 0.03239716774229492, -0.0012926609989377387, 0.032899403071682536, 0.0328994115685852, -0.001292661255185962], [-1.281377234365636e-05, -0.00142522509859417, 0.9998453612858831, -9.212720584726233e-13, -5.874410662161268e-17, -7.871937426858216e-11, 1.9133223217506426e-16, 0.0002859346029698388, 2.979873267060017e-16, 8.673188397113854e-05, 3.455620074610195e-06, -0.00011763359376341587, -4.1228656548693825e-07, -4.68532978953545e-06, 1.6636703214034113e-16, -3.820962662679478e-05, -5.547688653612965e-17, 2.8481052691763476e-05, 1.2223933662810728e-17, 0.0014450357730394522, 1.9266713499401673e-05, -0.0008635489345466413, 0.00015290080192393137, -3.988565723985187e-11, 5.494731763791662e-17, -1.8789690007240068e-10, -1.9354258634288713e-16, 0.00014144838449609863, -2.238893864782467e-17, 9.106822250809678e-05, 3.455592283335747e-06, -0.00011763350304351489, -4.1224376626125444e-07, 4.685343552682951e-06, 4.1346006300047185e-17, 3.820963483402837e-05, 2.290290485466312e-16, 2.8481166936986933e-05, 2.2288741147769236e-16, 0.0014450331433833474, 0.0002612399466943874, 0.0045982444816978826, -4.589273532164259e-06, -8.779294120119831e-12, 2.233405622354106e-16, 7.917327802787497e-11, 7.393955286922102e-17, -0.0015170032650818665, 7.377623006911246e-17, 0.0017963693886228313, -3.5750287611521747e-06, 0.0007540156903285942, 6.231121259224061e-07, 1.3030801594962226e-06, 8.417390915332482e-17, -2.4779769242831157e-06, -1.1610236555610377e-16, -0.00013015014435093108, 1.7835798793746966e-16, -1.617997964426225e-05, -0.0003025610641303905, -0.005048529243046112, 5.107908735083625e-06, 6.506364538286035e-11, -4.0720829600496966e-17, -2.6122763835900107e-10, 2.3147276033697193e-16, 0.0014070169870614617, -3.465670450556947e-17, -0.006396079914535144, -3.5751890098144835e-06, 0.0007540116110460855, 6.230464557517463e-07, -1.3030662395945882e-06, -1.8746345618840178e-17, 2.4774791951034604e-06, 6.177913394504507e-17, -0.00013014938758275187, 1.7454297115238552e-16, -1.6179759977323814e-05, -0.0008442196422373951, -0.0027658362879630295, 5.992286085699751e-11, -1.0534517460254224e-16, -0.00030593051917217204, 0.00015477207189080878, -0.00015112288081929387, 1.5049834845865982e-17, 0.0016502111474416684, 0.0036462011741022924, 1.4997349095892674e-10, 4.1083311853853494e-17, -0.0003059294206192146, 0.00015477129836880013, 0.00015112299663119907, -1.5750586529834865e-17, -0.0008405385749541713, 0.0025707517820751395, -3.692511911975101e-10, -1.337515945442632e-16, -0.00019518032765603806, -0.00015096575885039455, -0.00011961930215757305, -2.9306044476764295e-17, 0.0018683164399204556, -0.0034677584307448604, 2.6647986326183388e-11, -2.906479298754233e-17, -0.00019518049091318606, -0.00015096737917912279, 0.00011961901313612616, 7.410222260853106e-17, 0.0004297115825594484, -0.000528786060226893, -4.150577183884188e-05, 1.849918409776119e-17, 0.0003240686841732085, 0.00036131042579969443, -0.00013921221447062132, -1.2663249131166476e-16, 0.00032406864672743376, 0.00036131030864471866, 0.00013921177289946465, 1.7806104121217652e-16, 0.0004297114646526599, -0.0005287859404556991, 4.150692194864114e-05, -7.487309526954861e-17, -0.0007474457039130917, 6.846860895502784e-05, 0.00023267951673810745, 1.4253983012557608e-16, 0.0001250900511988381, 9.840908614141301e-05, -0.00018467101513165287, -3.901704139442935e-17, 0.00012509078620250824, 9.840880133016768e-05, 0.00018467266590850882, 7.954396328380592e-17, -0.0007474449754933918, 6.846748360584831e-05, -0.0002326797258207156, -4.794957603936998e-17, 0.00032233543356895996, 0.00012540185634072966, 0.0001254018147379432, 0.0003223345565487021, -9.977278285744172e-05, -0.00038898686345185507, -0.0003889848991087382, -9.97713785531015e-05], [-7.161515676517894e-11, -1.4684833034039891e-09, -9.212720584726233e-13, 0.9998173243874857, 4.1418992390634882e-16, 1.0855452394519068e-05, -2.147763756500144e-15, 7.048416109843263e-10, 4.738818286301274e-16, -1.2021227458880572e-10, 0.00030368792434409825, 0.004998060993343964, 2.478823913127162e-07, 4.286721715404863e-07, -7.916327218904166e-16, 9.793417601672426e-07, 1.8478073146945046e-15, -0.0014232539733040192, -1.4844832277662616e-16, -0.005575680211528416, 1.5140420853706232e-11, 1.2315877179033081e-10, 3.675343613195495e-12, 0.00018121973984604835, 4.660793048996787e-16, 1.0820071028647244e-05, -2.553959147414461e-15, -3.028336310736472e-10, -1.9143481923369936e-16, 3.300647827006169e-10, -0.00030368812772027596, -0.004998062556384194, -2.478361944202965e-07, 4.2867226394354027e-07, -5.332822399915152e-16, 9.788974465786454e-07, 2.0236820955881382e-15, 0.0014232536900420872, -1.6494873066966745e-16, 0.005575678559614258, -1.9454552972341594e-11, 3.578583551511694e-10, -4.645246774983989e-12, -4.05420583868299e-07, 5.138201329805922e-16, -9.303075485515967e-05, -1.5076909611615266e-15, -5.133980631014629e-10, -6.072403760785222e-16, 2.6153963082671735e-10, -8.458553406047701e-07, -1.4901119782535927e-05, -1.28368355248729e-05, 6.23112459088067e-07, -1.5862716455016964e-16, -1.6319919434176776e-06, 1.6532594758635623e-15, 3.523872925589402e-06, 3.1900325040516164e-16, -4.3166497240876383e-07, -1.025319214061993e-10, -8.184597188418084e-11, 3.0736692640023613e-12, -7.022631879611919e-07, 3.8683976418938333e-16, 4.090542697074862e-05, -1.3903232332982135e-15, -1.78632483373312e-10, -2.856703070429563e-16, -1.2929407254883427e-09, 8.462625688976022e-07, 1.4908590278764402e-05, 1.283686242777897e-05, 6.230624245473747e-07, -4.713351627850705e-16, -1.6319921871961145e-06, 1.2626681695901976e-15, -3.5248906625758203e-06, 1.6214605966977231e-19, 4.3196880985416003e-07, 2.453586202295747e-10, -5.020601277377108e-10, -0.0006788484111726198, 4.449018574456853e-16, -0.00032296672961018753, -0.00026986666751620774, 0.00010879413516406602, -2.560921425686e-16, -3.631214429930486e-11, 9.519679231036017e-10, 0.00039620579351070225, 5.991739932161648e-17, 0.00032296566719108936, 0.00026986391463552076, 0.00010879456693247189, 1.5095319188086714e-16, -5.960716917198501e-10, -2.867823131344232e-10, 0.000490150874388591, -2.968098447749278e-16, 0.00032619208633582873, -0.00028054111614590256, 7.523561391518976e-05, 1.2346892240509876e-16, 4.891505869368058e-10, 8.315417108432546e-11, -0.0005783427152410185, -1.9111740925019768e-16, -0.0003261932161907101, 0.00028054535880203864, 7.523441837091706e-05, 8.406634785715853e-17, -0.0015521275950615776, 2.2236429605017496e-05, -0.0036924075363027, -1.5640271965038152e-15, -0.0014291842879683846, -2.251200474980339e-05, 0.00368716388695673, 1.9685403820641577e-15, 0.0014291837100701603, 2.2511917001567533e-05, 0.003687163772248586, -2.210131347160052e-15, 0.0015521282011266276, -2.223622024027763e-05, -0.003692406678254503, 1.9150276046993082e-15, -5.9673044841251524e-05, -0.00018839953789564687, 4.396861285361684e-06, -1.3928967457802063e-15, 6.30648681318398e-05, -0.00015062063768164205, -2.9030122482680363e-06, 1.4074411795197338e-15, -6.306615183850823e-05, 0.00015062169731072574, -2.9050315200487765e-06, -1.446628417921133e-15, 5.967136551120988e-05, 0.00018839815215863245, 4.397937911863497e-06, 1.242197927495464e-15, 0.0003974411259425131, -0.00012852321634975415, 0.00012852444224007375, -0.00039744207075367817, 0.00013137193488215325, -0.0003814482660611512, 0.00038144659237053107, -0.0001313694846234236], [-2.359421924383778e-16, -1.2060391605441539e-16, -5.874410662161268e-17, 4.1418992390634882e-16, 0.9999999824693181, 1.7291750172503322e-16, 5.710723976788762e-13, -1.2389012423658792e-16, -7.420495463046665e-09, 1.6427353126722452e-16, 9.734695077244095e-16, -5.490713251648958e-16, -1.3043460683845542e-16, 9.843698041016764e-17, -2.430625809080906e-09, 1.5449807277927722e-16, 3.181471624882722e-08, -1.2172542223342972e-15, 8.366412083558447e-11, -2.29445468286396e-17, 2.3499836334471853e-17, 4.049911570716586e-17, -6.737698857827765e-17, -3.8137835572464624e-16, -1.1340890832835098e-09, 4.291586716460703e-18, 6.983889473533356e-14, 1.4577891023234983e-16, -7.894524595434821e-10, -2.1160913329531465e-17, -9.497619059990735e-16, 2.375537747161685e-16, -5.5374520185277456e-17, 2.9677587626695934e-16, -2.430635293484934e-09, -1.7168331458719516e-16, -3.1815036619171955e-08, 9.98797646720865e-16, 8.382833079140292e-11, -5.584515590758242e-17, 4.059934463019261e-17, 6.961829103203938e-17, 6.09132501089112e-17, -8.983308407856939e-17, -2.049484500814095e-09, -1.3423535763864187e-16, -2.6894559000603576e-13, 1.6032347235953918e-16, 3.9104511248718776e-08, -6.407652444965793e-17, -2.870009861469863e-16, -1.734086903826155e-17, -1.8159456894795185e-16, 5.290186682512014e-17, 3.060816856494659e-09, 2.0128270638010618e-17, -3.902361177102068e-09, -1.4455316282092905e-16, -4.281723626881527e-10, 1.0204945718056973e-16, 5.4124465430710884e-18, 6.264720306005508e-17, -1.368054013412862e-16, 2.1422654015437117e-16, -2.4596856492828916e-09, 2.1173513145417964e-16, -2.7991682584702812e-14, -8.779257661640647e-17, -3.189737558511457e-08, 4.6497986236023366e-17, 1.2496313902164483e-18, 8.487225279727049e-17, 3.501365344428775e-16, 1.8269940163864347e-16, 3.060943944708989e-09, -1.0226193998798601e-16, 3.902331441156878e-09, -1.7170815731229362e-16, -4.28112442551506e-10, -2.972501302359604e-16, -1.3688303891132234e-16, 1.8329206603905755e-16, -5.028983675408357e-17, 2.898033022980028e-07, 8.192580797578289e-17, 9.330155370774855e-17, -1.0593870120936891e-16, -1.0532464012655876e-07, 1.091063253512654e-16, 2.19754615769032e-16, 8.890472867956834e-17, 4.274015557824857e-08, 3.390270066486056e-17, -4.857989807838861e-17, -1.6384018937270055e-16, -1.0532559429438982e-07, -4.393311095450883e-17, 8.525419340325453e-17, 5.5245332192670466e-17, 3.367400884023036e-08, -1.1371824114740284e-16, -2.348821127276114e-16, -6.930004626323587e-17, -1.0499044364247249e-07, -1.592742309403809e-17, -5.68163032818737e-17, -1.785491073958782e-18, 2.781670289281386e-07, 2.7856897079348116e-16, 1.3986641831424282e-16, 2.1884089661642955e-17, -1.0499069530277273e-07, -6.582260207690168e-17, -1.0710293649561624e-16, 1.0110807840146136e-16, 2.7774796293311016e-07, 1.1783634812461994e-16, 3.6495726013666604e-17, -8.815419514575981e-17, 4.44895244783322e-08, -1.2193695458326692e-16, -1.5029922738149642e-16, 6.28647473840944e-17, 4.448943660390112e-08, 1.7007970232823908e-17, -1.5687257269194024e-16, 3.0445500240328583e-16, 2.7775034614949644e-07, 1.9349071436252383e-16, -2.324211513136261e-16, -1.200445254930046e-16, -1.2150670451361123e-07, -2.530799490345389e-16, 5.68477094144996e-17, 1.0106953689330328e-16, -1.0562485753763511e-07, -1.6641138747674386e-16, -3.1706839638779303e-16, -1.0352665729135881e-17, -1.0562475385793218e-07, -1.0603486942871532e-16, 1.1834661403392685e-16, 4.545778721917071e-17, -1.2150844759796432e-07, -7.838733741016123e-17, -1.058474749287675e-17, 6.607968613783735e-18, -6.847946562473654e-17, -2.26928767474634e-17, -7.958017385096664e-18, -7.325239539057038e-17, 7.54824961897799e-17], [9.856070726954496e-10, 1.7625353252567067e-08, -7.871937426858216e-11, 1.0855452394519068e-05, 1.7291750172503322e-16, 0.9999626034360051, -4.3828671502711953e-16, -4.33898458076266e-09, 2.868389693786695e-16, -1.0389847068930409e-10, -1.515925914806382e-05, -0.00024946996209312874, 4.1498153522854045e-05, -2.5976245686150515e-07, 2.7887122331620545e-16, 7.146470350599094e-08, 3.1311287316241015e-16, 8.255798666578408e-05, -3.782129806307152e-16, 0.0003571288623409395, -6.477634763555148e-10, -1.0955186257222993e-08, 9.764676058083464e-11, -1.0820311592860876e-05, 6.86265840717943e-17, 3.4764991477831064e-05, -8.147767932080081e-17, 2.680462985171447e-09, -5.40317744992891e-17, -3.895766667293124e-10, 1.5158213232632704e-05, 0.00024945388624617704, -4.149819141858269e-05, -2.602294147335961e-07, -7.997668051140634e-17, 7.165605547911981e-08, 4.152911717560239e-16, -8.25539608605203e-05, -6.122695992112514e-16, -0.0003571404309118441, 1.0907331540740293e-09, 1.9913353744649608e-08, 2.4982616486578104e-10, 4.6899064718740735e-05, -1.1691954997342985e-16, 5.356045623168069e-06, 7.966911931379856e-17, -6.95747479901046e-09, -2.3228236041256993e-16, -5.720613720050912e-09, -0.00012695597747797917, -0.002263902016313904, 1.6321309352456028e-06, 2.4781120255259316e-06, 1.7209466119072353e-17, -2.992988290443242e-07, -4.4096402027099555e-16, 0.0007034739288345036, 2.233498484991743e-16, 2.7034533533588954e-05, -1.345751935831027e-09, -2.1935307820334746e-08, -2.442496203392736e-10, -4.217352985991826e-05, 1.426898468772759e-17, -2.849337354034015e-06, 1.9981842944080187e-16, 5.867543230178692e-09, -1.7671048851507422e-16, 1.954535497728772e-08, 0.00012695651091759234, 0.002263897657059443, -1.6320986861010056e-06, 2.476974946181509e-06, 1.2714305526830754e-16, -2.995504365903282e-07, -9.615695058002205e-17, -0.0007034735393883621, -1.2327207801871975e-17, -2.7033653003323727e-05, -6.353472071520563e-09, 2.836009248747115e-09, 0.000658563083449811, -1.2301376258057316e-16, 0.0007173290186260964, 0.0007835932970436629, -5.8604922133012496e-05, 5.0208904988980525e-17, 2.7723606887160963e-09, -2.7803500424137833e-09, -0.0004996622345967038, -2.9844734978559746e-17, -0.0007173257497584633, -0.000783600795098478, -5.8607641769664026e-05, 2.35006190996055e-16, -9.390101785783708e-10, 7.219890973688888e-09, 0.0004063726710109371, 1.8226383960105187e-16, 0.000658399114108144, -0.0007065652657335589, 6.0226401765934367e-05, -1.2408451458768692e-16, -4.874346781432601e-10, -6.205521474504906e-09, -0.0004966920969254374, 1.2524776464594172e-16, -0.0006583939040592723, 0.0007065732033317448, 6.02229678214613e-05, -2.1296621104118976e-16, 0.00011281470774983088, 0.0005638184197441215, 0.00021551925649359409, 2.5408834600360887e-16, 9.552610346339172e-05, 0.000449745136119945, -0.00021529096372035315, -1.724585057852994e-16, -9.552183615150742e-05, -0.00044974706803971044, -0.0002152960948938016, 8.407790393075483e-17, -0.00011281900883595014, -0.0005638191461031534, 0.0002155063996930564, -2.4599083958285753e-16, 0.0007008824982734237, -7.636232842196275e-05, 0.0008316950472273208, -3.314914135339817e-17, 0.0006879100916433776, 3.926916934842385e-05, -0.0007647484904626652, -5.4496279365440444e-17, -0.0006878978333173491, -3.926739728197327e-05, -0.000764774786352363, 3.4789172868224094e-17, -0.0007008903202644521, 7.636375822946449e-05, 0.0008316753485935517, -3.534110139564378e-17, -0.0016421367790405204, -0.0011867173036604242, 0.0011867253024417245, 0.0016421411655922597, -0.0010641863575884933, -0.0013707154276668828, 0.0013707107464479955, 0.001064187214030456], [5.889417116880234e-17, 6.039070680625418e-17, 1.9133223217506426e-16, -2.147763756500144e-15, 5.710723976788762e-13, -4.3828671502711953e-16, 0.999999348277909, 1.6039816383747554e-16, 1.4821745962930094e-12, 3.8641777417706466e-17, 5.48186136115889e-16, -6.793001056675563e-17, 4.496639352638994e-16, 3.6974695459837834e-16, -2.5679835902054748e-08, -2.132343795106045e-16, 2.6421007010303896e-07, 6.142097442237936e-17, 5.202807298383662e-09, -3.977441645733891e-16, -2.042737374208615e-16, 2.901259990287791e-17, -2.1132600774955233e-16, 1.8334564701644356e-15, 7.832709490461915e-14, 2.0559080517222594e-16, 9.250931329112936e-08, 8.25735143386806e-17, -1.416129106511192e-13, 5.3148881791361524e-17, -3.3135296117103114e-16, -4.923886464000932e-17, 1.6883602671452498e-16, 1.4155592108510549e-16, 2.56797244097019e-08, -1.5771851820821393e-16, 2.6421291900790277e-07, 2.744991332506628e-16, -5.204045635339063e-09, 4.079341004637405e-16, 9.766249236591571e-17, -3.0758158753046062e-18, -2.3871539372587037e-16, -1.1640307840318888e-16, 2.42017458700894e-14, -5.294487320574332e-16, 1.907064368998972e-07, 3.7229643262390566e-17, -3.0634782335588685e-12, -2.4240834173576304e-17, 1.6025307048780265e-16, -1.6597437510535956e-17, -1.857951602622771e-15, 1.3312849353110089e-17, 4.280717502983915e-10, 4.861152619760194e-18, -2.245461214478632e-07, -3.9313835924485574e-17, 1.9554858632610939e-07, 5.228870376379911e-18, 4.2952214794378286e-17, -2.0920031110605704e-16, 1.7163681487486748e-16, -2.234656339583556e-16, 1.0906377985954614e-13, 1.3913846626165967e-16, 2.2085717447270098e-07, 1.7210450941273179e-16, 1.3999215066495167e-12, -3.351135771000824e-17, 1.0172940455237638e-17, 6.568599266404813e-17, 1.790176811406397e-15, 2.5010616717370626e-16, -4.281857676484019e-10, 1.2994235734017492e-16, -2.2454968458962104e-07, 1.341977283130852e-16, -1.9554621344625274e-07, 2.5972104365797836e-17, 4.344752554297896e-17, -1.5959196765262346e-17, -2.8827411336609773e-16, -1.0269595789044267e-11, 5.861225390092352e-16, 8.245152161603408e-16, 7.169292533461794e-17, 7.378389518710692e-07, 2.270965233709699e-16, -1.318944889753805e-16, -3.1702830438686e-17, -1.0132257549997602e-12, -4.0551269424329387e-16, -7.735996100781232e-16, 5.851929449393743e-17, -7.378288662768041e-07, 2.266247675354866e-16, -1.4912512427087215e-16, 5.489358159718837e-16, 8.603494129114434e-14, -4.0376325068070377e-16, 6.393954544662493e-16, -5.320015837473156e-17, -8.022619362315327e-07, -9.563703688599735e-17, -4.4465605763590345e-17, -2.7642563780995467e-16, -2.547476137712508e-12, 4.785603861738138e-16, -5.35614298572329e-16, -2.0597677641464322e-16, 8.02265149056171e-07, -6.242235030741772e-16, 2.0781478652055042e-16, 1.0822918154873486e-15, 2.3817571886081344e-06, -5.9411924784133e-16, -4.6373720866272884e-17, -7.516701657638543e-16, 3.587095170535162e-07, 8.317209481869915e-16, 3.66395436784167e-17, -9.118516476733878e-16, -3.587146654515548e-07, 7.845723059801881e-16, 2.5139843201688343e-17, 9.22898950609093e-16, -2.3817861903793758e-06, -5.648764234700025e-17, -6.243526235097412e-16, -3.592847628361737e-16, -9.553775168585653e-07, -6.179331390714803e-17, -4.4050897443003017e-16, 1.3946149911193557e-16, 9.593928982367819e-07, 2.0408837219876575e-16, 3.2394853009302365e-16, -1.3952274982294818e-16, -9.593833148892153e-07, 8.516196776901364e-17, 6.740005812117577e-16, 1.8353131902598782e-16, 9.553949586344325e-07, 2.835416878830998e-17, 4.4504914317875665e-17, 9.628145660066284e-17, 2.5518555147639976e-17, 3.6997708875545416e-17, 4.1928472567166953e-17, -2.99731178395135e-17, -3.8742205958628905e-17], [0.008543488716044158, 0.14978697877514704, 0.0002859346029698388, 7.048416109843263e-10, -1.2389012423658792e-16, -4.33898458076266e-09, 1.6039816383747554e-16, 0.9613468133464633, -1.4632610602778865e-17, 0.0022421689781892797, -0.001264802509101133, 0.0014545873146106132, -3.866592731925045e-06, 0.0012612228946600806, -3.53668588444973e-17, 9.54550693406209e-05, 2.993531542851228e-16, -0.0005735669859986244, -8.159763271310985e-17, 0.004382234881479841, -0.0001051303636928711, -0.0015192684232185835, -0.0001414484108803655, 4.152128559379205e-10, 2.1668305080782595e-17, -2.2934752327645074e-09, -4.763376350696972e-18, 0.00039403217497002496, -9.658018181261946e-17, 0.0007790657158383782, -0.0012648014695146093, 0.0014546252148828526, -3.866845702581056e-06, -0.0012612230189754361, 1.3484174348041795e-16, -9.54482294976113e-05, 1.4797806643552583e-16, -0.0005735746273465, -1.5255875894310722e-17, 0.0043822326382942384, -0.0013896767840319807, 0.0020364046960712604, 0.0013913901062573815, 5.252317725488625e-11, -1.545323724750514e-16, 7.178880344572934e-09, -1.2918357802174968e-16, -0.00116817333982151, 7.501521664232575e-17, -0.01463072580760161, -0.00012591620475502308, 0.004415781920106351, -3.5243231852735125e-06, 0.00013015052892388596, 4.378190102652441e-17, 0.0007034752255488797, -5.222163470734082e-17, -0.0017865308416944064, 5.966400149464366e-17, 0.0005927393126863992, -0.0012758711517605087, 0.001742880313148874, -0.001281390197624068, 2.4890799323353035e-10, 2.95602637455049e-17, 2.803282013808763e-09, 4.217644696217571e-16, -0.0005994230308722438, 5.572951748718075e-17, -0.0008585847220159004, -0.00012591639644653348, 0.004415820059594398, -3.524410901869543e-06, -0.00013014960890135423, 1.8249755043851873e-16, -0.0007034769074031781, -9.300161356862175e-18, -0.0017865369699024162, 5.875233097138198e-17, 0.0005927380484289267, -0.027880175772940153, 0.05593457001571785, 1.5178252504327166e-09, 6.458873999174215e-17, -0.0034404334445787524, 0.0006298487102527011, 0.004890692539076693, 8.363216744697116e-17, -2.7775227238756963e-05, -0.0024661933009529615, -1.4883318299173788e-09, -1.196784865556622e-16, -0.003440444098158323, 0.0006298594749287001, -0.0048906981747903495, 1.537134776754829e-16, 0.0013550168997552546, -0.003259723306639196, 3.93065734172594e-09, -1.1188468168370214e-16, -0.00348191914206856, -0.0006607156963401931, -0.003968810119357601, -5.975744421563557e-17, -0.02950908091730202, -0.04693542814096964, -9.906085994677944e-10, 1.3450909147192822e-16, -0.0034819128323015686, -0.0006607266640362585, 0.003968812724817341, -4.408971969796143e-18, -0.028408566553767674, 0.0012637743828165875, 0.04658459935011796, -1.1651681883346035e-16, 0.0005699682681949172, -0.0006333430177543793, 0.001802133279465746, 5.824730149036e-17, 0.000569963528642326, -0.0006333456978591891, -0.001802146114975342, -9.678804188811409e-18, -0.028408573037466987, 0.0012637710030695686, -0.04658458921439445, 5.866181739423103e-17, -0.00453149863649184, 0.00462699389994726, 0.00553305925152521, 3.6970556543473995e-18, -0.003026456992677623, -0.004532974571257381, -0.00015104458193457483, -7.023240031281904e-17, -0.003026458626305918, -0.004532973479813752, 0.00015106344782027714, 1.215041877979643e-16, -0.00453150140085383, 0.004627002793877306, -0.005533055135974376, 1.4823186940652178e-17, 0.015715661348981863, 0.000810960810714097, 0.0008109663937379214, 0.015715662942447105, 0.0008701821430500101, 0.016122991962790177, 0.01612298984417016, 0.0008701852449535754], [-1.7340563381212937e-16, 3.853904005438874e-17, 2.979873267060017e-16, 4.738818286301274e-16, -7.420495463046665e-09, 2.868389693786695e-16, 1.4821745962930094e-12, -1.4632610602778865e-17, 0.9999993573610648, 2.6363601404684773e-16, -5.055157046792128e-16, -3.2852214820740724e-16, 1.6336332903852513e-16, -3.064257090781368e-16, -3.2911609824672013e-09, -4.1054742105561e-17, 3.780957425705269e-08, -1.3909903909328452e-16, 2.1770296610349047e-07, -1.4001274304861907e-16, 9.533463118905891e-17, -1.1846028344949774e-16, -2.605925200188909e-16, -2.287901562738906e-16, 7.894905314465458e-10, 2.223254983443641e-16, 6.224586654973395e-15, -6.609411921954174e-17, 6.638893293910251e-08, -1.1486583282853862e-16, 3.5891470483579623e-16, 1.68904919146394e-16, 2.348451106912122e-17, 3.5907530574856416e-17, -3.291010550988247e-09, 1.5971437144142416e-16, -3.7809911043866493e-08, -7.14720242895239e-18, 2.1770158769071107e-07, -5.1659110868823906e-17, -7.667076453986252e-17, 1.581374056993416e-16, -2.720418566548665e-16, 1.9789681388166404e-16, -1.1782776801205113e-08, 2.285851843211772e-16, -7.994609677410785e-13, -1.7763728213100193e-18, 2.751644701297799e-07, 7.791751411130002e-17, -2.03495950048042e-16, 1.957193702207184e-16, 4.237664073690979e-16, 1.2176669037774129e-17, 3.902226514240773e-09, -1.1904939957678331e-16, 1.5573432386835826e-07, 3.3245179197020657e-16, -2.2454704372412765e-07, -1.57093469611503e-16, 2.27270873064626e-16, -3.6242931348423415e-17, -2.4429982849035073e-17, 1.7965694858407046e-16, 2.85480863565648e-08, -2.705932727775748e-16, -1.8262210430060362e-13, 1.3047480096705325e-16, 2.4234330137552247e-07, 1.745402281713892e-16, -1.0021795337381168e-16, 7.51506517537667e-17, -4.516296132347853e-16, -1.4127735566765229e-16, 3.90247582268171e-09, 1.5751224396022726e-17, -1.557330050496102e-07, -1.1914502397174183e-16, -2.2455064837143507e-07, -1.943197289803418e-17, 2.711944534949576e-16, -3.7776002903114214e-17, 2.1735254183600375e-16, 2.3998940384459826e-06, -1.3942133310236725e-16, -7.964497429565258e-17, 3.88111090016976e-17, -9.359021251996997e-07, 9.610543994551062e-17, 7.638116549102334e-17, 1.3713678746987282e-16, -4.0609034454242834e-07, 7.285646569937565e-17, 4.525595465528294e-16, -1.9296700026112243e-16, -9.359084381033183e-07, -1.224552848126638e-16, 2.983714240106936e-17, 5.939201300362524e-17, 8.973279061369016e-08, 2.834757436257236e-16, -7.324375729550335e-17, 1.006718547125007e-16, 9.696049613212808e-07, -1.20709437417203e-18, 1.0500647100599238e-17, 6.52086736638297e-17, -2.2363827700134867e-06, -1.3025822079756684e-16, -2.6972000841937155e-16, -7.757472609932711e-17, 9.696099093837e-07, 1.3150964740668281e-17, -1.6424977916125703e-16, -1.9178967413548816e-17, 4.196502485313758e-07, -5.2866082620231295e-17, -1.297818300453732e-16, -1.4602009909493373e-16, 9.654594844284954e-08, -4.789694839668476e-17, -7.727417694403952e-18, 4.172913139698005e-17, 9.654417753385529e-08, -7.724598515612236e-17, 2.0350654914351965e-16, 6.423725828820246e-17, 4.196539200324728e-07, 2.0492699794526675e-17, 3.333178605208067e-17, 1.472534492839095e-16, 3.111625542719984e-07, -1.538016521902606e-17, -2.967973294494277e-16, -1.7970591531386104e-16, -9.205850911786557e-07, 1.517034366438667e-16, -1.8599819616024522e-17, 1.5891434876568148e-16, -9.205841291852747e-07, 1.5819034435944746e-16, -8.773929756748955e-17, -7.412325966115847e-17, 3.11159864448516e-07, -9.87930162260503e-17, 7.425986741357127e-17, -5.736571743858172e-17, -5.388172016293019e-17, -1.2150935591642107e-19, -1.1012338432378709e-16, 6.314393203654674e-17, 1.0483345166862562e-16], [-0.0002174077873123865, -0.010005488227407749, 8.673188397113854e-05, -1.2021227458880572e-10, 1.6427353126722452e-16, -1.0389847068930409e-10, 3.8641777417706466e-17, 0.0022421689781892797, 2.6363601404684773e-16, 0.9876735005379874, -0.0014007332456309044, -0.02214772241003923, 5.798747946694838e-07, -4.681154190409738e-05, 1.0821373849104401e-16, 3.960274818933439e-05, -1.6072101846890868e-16, 0.006307240214406834, 1.9456197446121085e-16, 0.041441759270208336, 0.00010356366443882038, -0.0043847847574739795, -9.106861545672206e-05, 9.160082038344837e-11, 4.8774877168101736e-17, 3.7606242797036814e-10, -3.53602283015358e-18, 0.0007790654444188179, 3.4961211920763956e-17, -0.012266435341792099, -0.0014007352834637945, -0.022147749815914615, 5.804319864382621e-07, 4.681087378023175e-05, 3.911919901571556e-17, -3.960639072243289e-05, 1.414728431945682e-17, 0.006307242812545789, -1.592799084474948e-16, 0.04144175666230559, 0.0011391097454743117, 0.016688236114870757, -5.267339034297641e-05, 3.1713548180847855e-10, 2.0828151940158518e-16, -7.36002644235315e-10, 1.7075095342771545e-16, -0.0053899143557798535, 9.288737510761358e-17, 0.016990110772959813, -8.642359625538194e-06, 0.0034283507619131686, -4.315636686220897e-07, -1.6180012065002003e-05, -3.0123058124701077e-16, -2.703598119098353e-05, -1.3820732531643052e-16, -0.0005927358987094497, 7.029171714508643e-17, -0.0060277523037536905, 0.0015003306168990885, 0.02132241998340195, 4.763233063797189e-05, -5.435942482866233e-10, 2.772036494778419e-17, 1.296625258175312e-09, -4.083758681666811e-17, -0.00599413734132914, -1.8601223582245276e-18, 0.027737956074623295, -8.642015077210798e-06, 0.0034283496053986273, -4.3208894024195784e-07, 1.6179967085635706e-05, 1.1841393343020047e-17, 2.703446806315348e-05, 1.3747399615633587e-16, -0.0005927378638905028, 6.094892038241462e-17, -0.0060277512406257715, -0.001168843960710688, -0.02217658696646121, -1.3458456044225583e-09, -2.2508065645467167e-17, -6.997090382217252e-05, 0.008698645328885313, -0.00049173772571681, 3.980374656016596e-17, -0.00427089025247469, -0.02411757267560751, 3.942533250104165e-09, 1.0360362958669065e-17, -6.996646557729347e-05, 0.008698633084943763, 0.0004917392049348484, -1.0399294073919042e-16, -0.0023884074513080686, 0.020209957034570392, -3.199052149315332e-09, -6.970786004316217e-17, -0.00017408160741937365, -0.008700320777057803, -0.00012039332321992188, 4.309059085009793e-18, -0.0032540808439670776, 0.025964062711462704, 4.665112639207998e-10, 7.905289805100952e-17, -0.000174084714365829, -0.008700336666288151, 0.00012039703049952205, 3.702562128628875e-17, 0.008409771254585635, 0.00010947420562428175, 0.023937666483199834, -7.589762269143764e-17, 0.007304364049048891, 2.4800461241687595e-05, -0.025730321038994114, -7.769479301935122e-17, 0.00730436463125856, 2.4795561165733892e-05, 0.025730330372649133, 1.1859760014988447e-17, 0.008409774887052602, 0.0001094759590120358, -0.023937679415187305, 1.1608253364300033e-16, -0.0022352159383144136, -0.0002724009671644348, -0.0073594251739428265, 6.065158469495585e-17, -0.002193454611586258, 0.0001085534987621489, 0.006916686580869336, -2.601601359622356e-17, -0.00219345401965554, 0.00010855535782838809, -0.006916699133217337, 1.0291944979357204e-16, -0.002235216304780277, -0.0002724047765282079, 0.007359430803811406, -1.2496850215687853e-16, -0.0011696125535467822, -1.1274661220118802e-05, -1.127528626387157e-05, -0.0011696115232267227, -4.917364410486992e-05, -0.0002545464714182613, -0.00025454737505526586, -4.917347540515793e-05], [0.0005202458690057869, 0.00401370179464869, 3.455620074610195e-06, 0.00030368792434409825, 9.734695077244095e-16, -1.515925914806382e-05, 5.48186136115889e-16, -0.001264802509101133, -5.055157046792128e-16, -0.0014007332456309044, 0.9976427187127525, -0.03596575533816683, -8.015871910895288e-11, -1.5301243815560513e-10, 1.0165235719120452e-16, -2.0744919370852435e-07, 1.0612892485627198e-16, 0.01001274701766391, 2.376625590197851e-16, 5.834692759970783e-10, 0.0005202459706313931, 0.00401370281837008, -3.4554329307185637e-06, -0.0003036880354177402, 1.0765774278155107e-15, -1.5158239081916597e-05, -2.0960196250265919e-16, -0.0012648026989959449, -2.0550456457147725e-16, -0.0014007344281176633, -0.00012936859650307644, 0.0007049671802282415, 8.067486607288447e-11, -1.7872491051313292e-10, 6.753437371010772e-16, -4.665047314831872e-06, -2.410618190966452e-16, -2.9968715329233403e-05, 5.970690123576641e-16, -1.0922816212752719e-09, -3.172723106360806e-05, 0.0005183474523622173, -1.910053901985804e-10, 3.9940499976096934e-10, -1.2842550578563676e-17, 0.0003129601269147613, -1.1432696005318535e-16, -0.00017967167248517246, -2.8908031555893605e-16, 5.137975741515621e-10, 0.000520245731368309, 0.004013701470149637, -0.0003036878698284587, -3.4556209131469716e-06, -3.908621580483578e-16, -1.5159302287187344e-05, -3.2809783623524745e-16, -0.0012648019665177635, -5.248338246069715e-17, 0.0014007329383873052, -1.624933124887691e-05, 0.0006866381174932712, 3.7217991380003295e-10, -1.899144943002128e-10, 2.835015445265144e-16, -0.00012989710583836728, -9.097279639336477e-17, -0.00022687411497975517, 1.876235922810919e-16, -1.0390753771373628e-11, 0.0005202460487529493, 0.004013702052954692, 0.0003036879508928202, 3.4556431696180916e-06, -3.261640542743181e-16, -1.515885046456466e-05, 3.5036827853625417e-16, -0.0012648018350946907, -6.187205375158185e-17, 0.0014007312315709134, -0.0007485185064995479, 0.0002979602230406743, 0.0001638817183059519, -1.1113097160673963e-16, 0.005014830635556802, -0.013666507539459236, 1.6958837815470508e-06, 1.5288372666930287e-16, -0.000788060847266788, 0.00020125253678896117, -7.795737363185899e-05, 8.728978072515864e-17, -0.0009014325423643895, -0.0012519497924644728, 2.0092414776206718e-05, 2.6431248010044694e-16, -0.0007485177665497912, -0.00029796713097655724, -0.0001638827627447502, 1.3910614383820662e-16, -0.0009014324721054626, 0.001251952252873398, -2.0091712615220557e-05, 1.19850684511993e-16, -0.0007880615459307192, -0.00020124962613489054, 7.795543011743678e-05, 2.5069051770136547e-16, 0.005014830626680812, 0.013666505181814207, -1.692869779512028e-06, 2.020059684670845e-16, 0.005014831261831808, -1.697556596555801e-06, 0.013666508134862492, 3.671515473374356e-16, 0.005014829632433339, 1.6974854920542914e-06, -0.013666509446515582, 2.521935397567431e-16, -0.0009014337336401017, -2.0092476209304086e-05, 0.0012519497279412724, -9.475854006860509e-17, -0.0009014325594038474, 2.0091408572476285e-05, -0.0012519520142837976, -9.888291375163321e-17, -0.0007485179573166097, -0.00016388182906478088, -0.00029796085966734756, 1.2936739486620174e-16, -0.0007880620934512509, -7.795849555668942e-05, 0.0002012483907837491, 2.794657796297292e-16, -0.000788061811116788, 7.795719349501607e-05, -0.00020125250168460775, -2.9458782990503423e-16, -0.0007485178122700086, 0.0001638793320254828, 0.0002979691251498927, 3.7954389581154735e-16, 0.0018070177718948319, 0.0018117752421912148, -0.0003853620920924322, -0.0004246552830015026, -0.00042465559795750384, -0.00038536476119719714, 0.0018117740691291817, 0.0018070200085871762], [0.004111131438257916, -0.029327396958480363, -0.00011763359376341587, 0.004998060993343964, -5.490713251648958e-16, -0.00024946996209312874, -6.793001056675563e-17, 0.0014545873146106132, -3.2852214820740724e-16, -0.02214772241003923, -0.03596575533816683, 0.39939323954148953, -1.8680121068751297e-09, -1.8684363724671087e-09, -5.605861677985494e-16, -0.0002624400370559282, 1.5732597545544413e-16, 0.16443350889926317, 2.086841506919582e-16, -5.91860857132224e-08, 0.00411113132831926