--------------------------------------------------------------------------
[[13556,1],0]: A high-performance Open MPI point-to-point messaging module
was unable to find any relevant network interfaces:

Module: OpenFabrics (openib)
  Host: golub220

Another transport will be used instead, although this may result in
lower performance.
--------------------------------------------------------------------------
0: output to qwalk_000.linear.o
6: cell volume 1430.02
6: elsu 6.48894
6: alpha 0.770542
8: cell volume 1430.02
8: elsu 6.48894
8: alpha 0.770542
9: cell volume 1430.02
9: elsu 6.48894
9: alpha 0.770542
10: cell volume 1430.02
10: elsu 6.48894
10: alpha 0.770542
12: cell volume 1430.02
12: elsu 6.48894
12: alpha 0.770542
13: cell volume 1430.02
13: elsu 6.48894
13: alpha 0.770542
14: cell volume 1430.02
14: elsu 6.48894
14: alpha 0.770542
15: cell volume 1430.02
15: elsu 6.48894
15: alpha 0.770542
16: cell volume 1430.02
16: elsu 6.48894
16: alpha 0.770542
17: cell volume 1430.02
17: elsu 6.48894
17: alpha 0.770542
19: cell volume 1430.02
19: elsu 6.48894
19: alpha 0.770542
cutoff 9.59706
 total centers 271
0: cell volume 1430.02
**Warning** atom 4 is out of the simulation cell.  Putting it inside.
**Warning** atom 5 is out of the simulation cell.  Putting it inside.
**Warning** atom 6 is out of the simulation cell.  Putting it inside.
**Warning** atom 8 is out of the simulation cell.  Putting it inside.
**Warning** atom 10 is out of the simulation cell.  Putting it inside.
**Warning** atom 12 is out of the simulation cell.  Putting it inside.
**Warning** atom 13 is out of the simulation cell.  Putting it inside.
0: elsu 6.48894
0: alpha 0.770542
1: cell volume 1430.02
1: elsu 6.48894
1: alpha 0.770542
2: cell volume 1430.02
2: elsu 6.48894
2: alpha 0.770542
3: cell volume 1430.02
3: elsu 6.48894
3: alpha 0.770542
4: cell volume 1430.02
4: elsu 6.48894
4: alpha 0.770542
5: cell volume 1430.02
5: elsu 6.48894
5: alpha 0.770542
11: cell volume 1430.02
11: elsu 6.48894
11: alpha 0.770542
18: cell volume 1430.02
18: elsu 6.48894
18: alpha 0.770542
7: cell volume 1430.02
7: elsu 6.48894
7: alpha 0.770542
Ewald sum using 2491 reciprocal points
5: real space ion-ion 0.0258213
14: real space ion-ion 0.0258213
15: real space ion-ion 0.0258213
19: real space ion-ion 0.0258213
6: real space ion-ion 0.0258213
8: real space ion-ion 0.0258213
0: real space ion-ion 0.0258213
5: reciprocal space ion 377.807
3: real space ion-ion 0.0258213
6: reciprocal space ion 377.807
0: reciprocal space ion 377.807
14: reciprocal space ion 377.807
16: real space ion-ion 0.0258213
17: real space ion-ion 0.0258213
15: reciprocal space ion 377.807
19: reciprocal space ion 377.807
8: reciprocal space ion 377.807
17: reciprocal space ion 377.807
3: reciprocal space ion 377.807
12: real space ion-ion 0.0258213
16: reciprocal space ion 377.807
10: real space ion-ion 0.0258213
12: reciprocal space ion 377.807
2: real space ion-ion 0.0258213
2: reciprocal space ion 377.807
7: real space ion-ion 0.0258213
10: reciprocal space ion 377.807
7: reciprocal space ion 377.807
13: real space ion-ion 0.0258213
13: reciprocal space ion 377.807
11: real space ion-ion 0.0258213
11: reciprocal space ion 377.807
4: real space ion-ion 0.0258213
4: reciprocal space ion 377.807
9: real space ion-ion 0.0258213
9: reciprocal space ion 377.807
1: real space ion-ion 0.0258213
1: reciprocal space ion 377.807
18: real space ion-ion 0.0258213
18: reciprocal space ion 377.807
Could not open qwalk_000.linear.config. Generating configurations from scratch
[golub220:01718] 19 more processes have sent help message help-mpi-btl-base.txt / btl:no-nics
[golub220:01718] Set MCA parameter "orte_base_help_aggregate" to 0 to see all help / error messages
18: Timestep is 0.433
14: Timestep is 0.433
13: Timestep is 0.433
10: Timestep is 0.433
0: Timestep is 0.433
2: Timestep is 0.433
9: Timestep is 0.433
12: Timestep is 0.433
5: Timestep is 0.433
11: Timestep is 0.433
8: Timestep is 0.433
1: Timestep is 0.433
15: Timestep is 0.433
17: Timestep is 0.433
4: Timestep is 0.433
19: Timestep is 0.433
16: Timestep is 0.433
3: Timestep is 0.433
7: Timestep is 0.433
6: Timestep is 0.433
1: Write took 0 seconds
1: Write took 0 seconds
1: Write took 0 seconds
1: Write took 0 seconds
1: Write took 0 seconds
1: Write took 0 seconds
1: Write took 0 seconds
1: Write took 0 seconds
1: Write took 0 seconds
1: Write took 0 seconds
1: Write took 0 seconds
1: Write took 0 seconds
1: Write took 0 seconds
1: Write took 0 seconds
1: Write took 0 seconds
1: Write took 0 seconds
1: Write took 0 seconds
1: Write took 0 seconds
1: Write took 0 seconds
1: Write took 0 seconds
S matrix
1 0 0 0 0 0 0 0 0 0 0 0 0 
0 0.0348 0.0107 0.00251 -0.0578 -0.0252 -0.00774 -0.00426 -0.00158 -0.000417 -0.238 -0.0821 -0.0216 
0 0.0107 0.00351 0.000854 -0.0148 -0.00642 -0.00196 -0.00115 -0.000433 -0.000115 -0.0622 -0.0214 -0.00561 
0 0.00251 0.000854 0.000213 -0.00324 -0.0014 -0.000426 -0.000256 -9.74e-05 -2.64e-05 -0.0137 -0.0047 -0.00123 
0 -0.0578 -0.0148 -0.00324 4.34 2.75 1.05 -0.482 -0.202 -0.0621 5.19 2.51 0.76 
0 -0.0252 -0.00642 -0.0014 2.75 2.07 0.904 -0.211 -0.081 -0.0238 4.13 2.09 0.651 
0 -0.00774 -0.00196 -0.000426 1.05 0.904 0.453 -0.066 -0.0248 -0.00721 1.69 0.878 0.278 
0 -0.00426 -0.00115 -0.000256 -0.482 -0.211 -0.066 2.65 2.15 0.953 26 14 4.75 
0 -0.00158 -0.000433 -9.74e-05 -0.202 -0.081 -0.0248 2.15 2.2 1.14 20.9 12.6 4.52 
0 -0.000417 -0.000115 -2.64e-05 -0.0621 -0.0238 -0.00721 0.953 1.14 0.685 9.21 5.92 2.18 
0 -0.238 -0.0622 -0.0137 5.19 4.13 1.69 26 20.9 9.21 287 152 50.9 
0 -0.0821 -0.0214 -0.0047 2.51 2.09 0.878 14 12.6 5.92 152 86.9 30.5 
0 -0.0216 -0.00561 -0.00123 0.76 0.651 0.278 4.75 4.52 2.18 50.9 30.5 11.2 
H matrix
-919 -0.234 -0.0669 -0.0164 24.3 17.1 3.82 52.8 50 8.85 524 280 72.4 
0.0117 -32 -9.83 -2.3 53.1 23.1 7.1 3.92 1.45 0.383 219 75.3 19.8 
0.00537 -9.82 -3.23 -0.785 13.6 5.89 1.8 1.05 0.397 0.106 57 19.6 5.15 
0.00169 -2.3 -0.784 -0.196 2.97 1.28 0.391 0.235 0.0894 0.0242 12.6 4.32 1.13 
-0.224 53.2 13.6 2.98 -3.98e+03 -2.52e+03 -961 442 185 56.9 -4.75e+03 -2.29e+03 -696 
0.0236 23.2 5.91 1.29 -2.52e+03 -1.9e+03 -827 194 74.2 21.9 -3.78e+03 -1.91e+03 -596 
0.0577 7.12 1.8 0.392 -961 -826 -414 60.6 22.7 6.62 -1.55e+03 -803 -255 
-0.222 3.92 1.06 0.235 442 193 60.5 -2.43e+03 -1.96e+03 -871 -2.38e+04 -1.28e+04 -4.33e+03 
-0.267 1.45 0.398 0.0896 185 74.3 22.7 -1.96e+03 -2.01e+03 -1.04e+03 -1.91e+04 -1.15e+04 -4.12e+03 
0.0515 0.384 0.106 0.0243 57 21.9 6.61 -872 -1.04e+03 -624 -8.42e+03 -5.4e+03 -1.99e+03 
2.06 219 57.2 12.6 -4.76e+03 -3.78e+03 -1.55e+03 -2.38e+04 -1.91e+04 -8.42e+03 -2.63e+05 -1.39e+05 -4.65e+04 
1.19 75.5 19.7 4.33 -2.3e+03 -1.91e+03 -803 -1.29e+04 -1.15e+04 -5.41e+03 -1.39e+05 -7.93e+04 -2.78e+04 
0.459 19.8 5.16 1.14 -696 -596 -255 -4.35e+03 -4.12e+03 -1.99e+03 -4.66e+04 -2.78e+04 -1.02e+04 
S matrix
1 0 0 0 0 0 0 0 0 0 0 0 0 
0 0.0348 0.0107 0.00251 -0.0578 -0.0252 -0.00774 -0.00426 -0.00158 -0.000417 -0.238 -0.0821 -0.0216 
0 0.0107 0.00351 0.000854 -0.0148 -0.00642 -0.00196 -0.00115 -0.000433 -0.000115 -0.0622 -0.0214 -0.00561 
0 0.00251 0.000854 0.000213 -0.00324 -0.0014 -0.000426 -0.000256 -9.74e-05 -2.64e-05 -0.0137 -0.0047 -0.00123 
0 -0.0578 -0.0148 -0.00324 4.34 2.75 1.05 -0.482 -0.202 -0.0621 5.19 2.51 0.76 
0 -0.0252 -0.00642 -0.0014 2.75 2.07 0.904 -0.211 -0.081 -0.0238 4.13 2.09 0.651 
0 -0.00774 -0.00196 -0.000426 1.05 0.904 0.453 -0.066 -0.0248 -0.00721 1.69 0.878 0.278 
0 -0.00426 -0.00115 -0.000256 -0.482 -0.211 -0.066 2.65 2.15 0.953 26 14 4.75 
0 -0.00158 -0.000433 -9.74e-05 -0.202 -0.081 -0.0248 2.15 2.2 1.14 20.9 12.6 4.52 
0 -0.000417 -0.000115 -2.64e-05 -0.0621 -0.0238 -0.00721 0.953 1.14 0.685 9.21 5.92 2.18 
0 -0.238 -0.0622 -0.0137 5.19 4.13 1.69 26 20.9 9.21 287 152 50.9 
0 -0.0821 -0.0214 -0.0047 2.51 2.09 0.878 14 12.6 5.92 152 86.9 30.5 
0 -0.0216 -0.00561 -0.00123 0.76 0.651 0.278 4.75 4.52 2.18 50.9 30.5 11.2 
H matrix
-919 -0.234 -0.0669 -0.0164 24.3 17.1 3.82 52.8 50 8.85 524 280 72.4 
0.0117 -32 -9.83 -2.3 53.1 23.1 7.1 3.92 1.45 0.383 219 75.3 19.8 
0.00537 -9.82 -3.23 -0.785 13.6 5.89 1.8 1.05 0.397 0.106 57 19.6 5.15 
0.00169 -2.3 -0.784 -0.196 2.97 1.28 0.391 0.235 0.0894 0.0242 12.6 4.32 1.13 
-0.224 53.2 13.6 2.98 -3.98e+03 -2.52e+03 -961 442 185 56.9 -4.75e+03 -2.29e+03 -696 
0.0236 23.2 5.91 1.29 -2.52e+03 -1.9e+03 -827 194 74.2 21.9 -3.78e+03 -1.91e+03 -596 
0.0577 7.12 1.8 0.392 -961 -826 -414 60.6 22.7 6.62 -1.55e+03 -803 -255 
-0.222 3.92 1.06 0.235 442 193 60.5 -2.43e+03 -1.96e+03 -871 -2.38e+04 -1.28e+04 -4.33e+03 
-0.267 1.45 0.398 0.0896 185 74.3 22.7 -1.96e+03 -2.01e+03 -1.04e+03 -1.91e+04 -1.15e+04 -4.12e+03 
0.0515 0.384 0.106 0.0243 57 21.9 6.61 -872 -1.04e+03 -624 -8.42e+03 -5.4e+03 -1.99e+03 
2.06 219 57.2 12.6 -4.76e+03 -3.78e+03 -1.55e+03 -2.38e+04 -1.91e+04 -8.42e+03 -2.63e+05 -1.39e+05 -4.65e+04 
1.19 75.5 19.7 4.33 -2.3e+03 -1.91e+03 -803 -1.29e+04 -1.15e+04 -5.41e+03 -1.39e+05 -7.93e+04 -2.78e+04 
0.459 19.8 5.16 1.14 -696 -596 -255 -4.35e+03 -4.12e+03 -1.99e+03 -4.66e+04 -2.78e+04 -1.02e+04 
S matrix
1 0 0 0 0 0 0 0 0 0 0 0 0 
0 0.0348 0.0107 0.00251 -0.0578 -0.0252 -0.00774 -0.00426 -0.00158 -0.000417 -0.238 -0.0821 -0.0216 
0 0.0107 0.00351 0.000854 -0.0148 -0.00642 -0.00196 -0.00115 -0.000433 -0.000115 -0.0622 -0.0214 -0.00561 
0 0.00251 0.000854 0.000213 -0.00324 -0.0014 -0.000426 -0.000256 -9.74e-05 -2.64e-05 -0.0137 -0.0047 -0.00123 
0 -0.0578 -0.0148 -0.00324 4.34 2.75 1.05 -0.482 -0.202 -0.0621 5.19 2.51 0.76 
0 -0.0252 -0.00642 -0.0014 2.75 2.07 0.904 -0.211 -0.081 -0.0238 4.13 2.09 0.651 
0 -0.00774 -0.00196 -0.000426 1.05 0.904 0.453 -0.066 -0.0248 -0.00721 1.69 0.878 0.278 
0 -0.00426 -0.00115 -0.000256 -0.482 -0.211 -0.066 2.65 2.15 0.953 26 14 4.75 
0 -0.00158 -0.000433 -9.74e-05 -0.202 -0.081 -0.0248 2.15 2.2 1.14 20.9 12.6 4.52 
0 -0.000417 -0.000115 -2.64e-05 -0.0621 -0.0238 -0.00721 0.953 1.14 0.685 9.21 5.92 2.18 
0 -0.238 -0.0622 -0.0137 5.19 4.13 1.69 26 20.9 9.21 287 152 50.9 
0 -0.0821 -0.0214 -0.0047 2.51 2.09 0.878 14 12.6 5.92 152 86.9 30.5 
0 -0.0216 -0.00561 -0.00123 0.76 0.651 0.278 4.75 4.52 2.18 50.9 30.5 11.2 
H matrix
-919 -0.234 -0.0669 -0.0164 24.3 17.1 3.82 52.8 50 8.85 524 280 72.4 
0.0117 -32 -9.83 -2.3 53.1 23.1 7.1 3.92 1.45 0.383 219 75.3 19.8 
0.00537 -9.82 -3.23 -0.785 13.6 5.89 1.8 1.05 0.397 0.106 57 19.6 5.15 
0.00169 -2.3 -0.784 -0.196 2.97 1.28 0.391 0.235 0.0894 0.0242 12.6 4.32 1.13 
S matrix
1 0 0 0 0 0 0 0 0 0 0 0 0 
0 0.0348 0.0107 0.00251 -0.0578 -0.0252 -0.00774 -0.00426 -0.00158 -0.000417 -0.238 -0.0821 -0.0216 
0 0.0107 0.00351 0.000854 -0.0148 -0.00642 -0.00196 -0.00115 -0.000433 -0.000115 -0.0622 -0.0214 -0.00561 
0 0.00251 0.000854 0.000213 -0.00324 -0.0014 -0.000426 -0.000256 -9.74e-05 -2.64e-05 -0.0137 -0.0047 -0.00123 
0 -0.0578 -0.0148 -0.00324 4.34 2.75 1.05 -0.482 -0.202 -0.0621 5.19 2.51 0.76 
0 -0.0252 -0.00642 -0.0014 2.75 2.07 0.904 -0.211 -0.081 -0.0238 4.13 2.09 0.651 
0 -0.00774 -0.00196 -0.000426 1.05 0.904 0.453 -0.066 -0.0248 -0.00721 1.69 0.878 0.278 
0 -0.00426 -0.00115 -0.000256 -0.482 -0.211 -0.066 2.65 2.15 0.953 26 14 4.75 
0 -0.00158 -0.000433 -9.74e-05 -0.202 -0.081 -0.0248 2.15 2.2 1.14 20.9 12.6 4.52 
0 -0.000417 -0.000115 -2.64e-05 -0.0621 -0.0238 -0.00721 0.953 1.14 0.685 9.21 5.92 2.18 
0 -0.238 -0.0622 -0.0137 5.19 4.13 1.69 26 20.9 9.21 287 152 50.9 
0 -0.0821 -0.0214 -0.0047 2.51 2.09 0.878 14 12.6 5.92 152 86.9 30.5 
0 -0.0216 -0.00561 -0.00123 0.76 0.651 0.278 4.75 4.52 2.18 50.9 30.5 11.2 
H matrix
-919 -0.234 -0.0669 -0.0164 24.3 17.1 3.82 52.8 50 8.85 524 280 72.4 
0.0117 -32 -9.83 -2.3 53.1 23.1 7.1 3.92 1.45 0.383 219 75.3 19.8 
0.00537 -9.82 -3.23 -0.785 13.6 5.89 1.8 1.05 0.397 0.106 57 19.6 5.15 
0.00169 -2.3 -0.784 -0.196 2.97 1.28 0.391 0.235 0.0894 0.0242 12.6 4.32 1.13 
-0.224 53.2 13.6 2.98 -3.98e+03 -2.52e+03 -961 442 185 56.9 -4.75e+03 -2.29e+03 -696 
0.0236 23.2 5.91 1.29 -2.52e+03 -1.9e+03 -827 194 74.2 21.9 -3.78e+03 -1.91e+03 -596 
0.0577 7.12 1.8 0.392 -961 -826 -414 60.6 22.7 6.62 -1.55e+03 -803 -255 
-0.222 3.92 1.06 0.235 442 193 60.5 -2.43e+03 -1.96e+03 -871 -2.38e+04 -1.28e+04 -4.33e+03 
-0.267 1.45 0.398 0.0896 185 74.3 22.7 -1.96e+03 -2.01e+03 -1.04e+03 -1.91e+04 -1.15e+04 -4.12e+03 
0.0515 0.384 0.106 0.0243 57 21.9 6.61 -872 -1.04e+03 -624 -8.42e+03 -5.4e+03 -1.99e+03 
2.06 219 57.2 12.6 -4.76e+03 -3.78e+03 -1.55e+03 -2.38e+04 -1.91e+04 -8.42e+03 -2.63e+05 -1.39e+05 -4.65e+04 
1.19 75.5 19.7 4.33 -2.3e+03 -1.91e+03 -803 -1.29e+04 -1.15e+04 -5.41e+03 -1.39e+05 -7.93e+04 -2.78e+04 
0.459 19.8 5.16 1.14 -696 -596 -255 -4.35e+03 -4.12e+03 -1.99e+03 -4.66e+04 -2.78e+04 -1.02e+04 
S matrix
1 0 0 0 0 0 0 0 0 0 0 0 0 
0 0.0348 0.0107 0.00251 -0.0578 -0.0252 -0.00774 -0.00426 -0.00158 -0.000417 -0.238 -0.0821 -0.0216 
0 0.0107 0.00351 0.000854 -0.0148 -0.00642 -0.00196 -0.00115 -0.000433 -0.000115 -0.0622 -0.0214 -0.00561 
0 0.00251 0.000854 0.000213 -0.00324 -0.0014 -0.000426 -0.000256 -9.74e-05 -2.64e-05 -0.0137 -0.0047 -0.00123 
0 -0.0578 -0.0148 -0.00324 4.34 2.75 1.05 -0.482 -0.202 -0.0621 5.19 2.51 0.76 
0 -0.0252 -0.00642 -0.0014 2.75 2.07 0.904 -0.211 -0.081 -0.0238 4.13 2.09 0.651 
0 -0.00774 -0.00196 -0.000426 1.05 0.904 0.453 -0.066 -0.0248 -0.00721 1.69 0.878 0.278 
0 -0.00426 -0.00115 -0.000256 -0.482 -0.211 -0.066 2.65 2.15 0.953 26 14 4.75 
0 -0.00158 -0.000433 -9.74e-05 -0.202 -0.081 -0.0248 2.15 2.2 1.14 20.9 12.6 4.52 
0 -0.000417 -0.000115 -2.64e-05 -0.0621 -0.0238 -0.00721 0.953 1.14 0.685 9.21 5.92 2.18 
0 -0.238 -0.0622 -0.0137 5.19 4.13 1.69 26 20.9 9.21 287 152 50.9 
0 -0.0821 -0.0214 -0.0047 2.51 2.09 0.878 14 12.6 5.92 152 86.9 30.5 
0 -0.0216 -0.00561 -0.00123 0.76 0.651 0.278 4.75 4.52 2.18 50.9 30.5 11.2 
H matrix
-919 -0.234 -0.0669 -0.0164 24.3 17.1 3.82 52.8 50 8.85 524 280 72.4 
0.0117 -32 -9.83 -2.3 53.1 23.1 7.1 3.92 1.45 0.383 219 75.3 19.8 
0.00537 -9.82 -3.23 -0.785 13.6 5.89 1.8 1.05 0.397 0.106 57 19.6 5.15 
0.00169 -2.3 -0.784 -0.196 2.97 1.28 0.391 0.235 0.0894 0.0242 12.6 4.32 1.13 
-0.224 53.2 13.6 2.98 -3.98e+03 -2.52e+03 -961 442 185 56.9 -4.75e+03 -2.29e+03 -696 
0.0236 23.2 5.91 1.29 -2.52e+03 -1.9e+03 -827 194 74.2 21.9 -3.78e+03 -1.91e+03 -596 
0.0577 7.12 1.8 0.392 -961 -826 -414 60.6 22.7 6.62 -1.55e+03 -803 -255 
-0.222 3.92 1.06 0.235 442 193 60.5 -2.43e+03 -1.96e+03 -871 -2.38e+04 -1.28e+04 -4.33e+03 
-0.267 1.45 0.398 0.0896 185 74.3 22.7 -1.96e+03 -2.01e+03 -1.04e+03 -1.91e+04 -1.15e+04 -4.12e+03 
0.0515 0.384 0.106 0.0243 57 21.9 6.61 -872 -1.04e+03 -624 -8.42e+03 -5.4e+03 -1.99e+03 
2.06 219 57.2 12.6 -4.76e+03 -3.78e+03 -1.55e+03 -2.38e+04 -1.91e+04 -8.42e+03 -2.63e+05 -1.39e+05 -4.65e+04 
1.19 75.5 19.7 4.33 -2.3e+03 -1.91e+03 -803 -1.29e+04 -1.15e+04 -5.41e+03 -1.39e+05 -7.93e+04 -2.78e+04 
0.459 19.8 5.16 1.14 -696 -596 -255 -4.35e+03 -4.12e+03 -1.99e+03 -4.66e+04 -2.78e+04 -1.02e+04 
S matrix
1 0 0 0 0 0 0 0 0 0 0 0 0 
0 0.0348 0.0107 0.00251 -0.0578 -0.0252 -0.00774 -0.00426 -0.00158 -0.000417 -0.238 -0.0821 -0.0216 
0 0.0107 0.00351 0.000854 -0.0148 -0.00642 -0.00196 -0.00115 -0.000433 -0.000115 -0.0622 -0.0214 -0.00561 
0 0.00251 0.000854 0.000213 -0.00324 -0.0014 -0.000426 -0.000256 -9.74e-05 -2.64e-05 -0.0137 -0.0047 -0.00123 
0 -0.0578 -0.0148 -0.00324 4.34 2.75 1.05 -0.482 -0.202 -0.0621 5.19 2.51 0.76 
0 -0.0252 -0.00642 -0.0014 2.75 2.07 0.904 -0.211 -0.081 -0.0238 4.13 2.09 0.651 
0 -0.00774 -0.00196 -0.000426 1.05 0.904 0.453 -0.066 -0.0248 -0.00721 1.69 0.878 0.278 
0 -0.00426 -0.00115 -0.000256 -0.482 -0.211 -0.066 2.65 2.15 0.953 26 14 4.75 
0 -0.00158 -0.000433 -9.74e-05 -0.202 -0.081 -0.0248 2.15 2.2 1.14 20.9 12.6 4.52 
0 -0.000417 -0.000115 -2.64e-05 -0.0621 -0.0238 -0.00721 0.953 1.14 0.685 9.21 5.92 2.18 
0 -0.238 -0.0622 -0.0137 5.19 4.13 1.69 26 20.9 9.21 287 152 50.9 
0 -0.0821 -0.0214 -0.0047 2.51 2.09 0.878 14 12.6 5.92 152 86.9 30.5 
0 -0.0216 -0.00561 -0.00123 0.76 0.651 0.278 4.75 4.52 2.18 50.9 30.5 11.2 
H matrix
-919 -0.234 -0.0669 -0.0164 24.3 17.1 3.82 52.8 50 8.85 524 280 72.4 
0.0117 -32 -9.83 -2.3 53.1 23.1 7.1 3.92 1.45 0.383 219 75.3 19.8 
0.00537 -9.82 -3.23 -0.785 13.6 5.89 1.8 1.05 0.397 0.106 57 19.6 5.15 
0.00169 -2.3 -0.784 -0.196 2.97 1.28 0.391 0.235 0.0894 0.0242 12.6 4.32 1.13 
-0.224 53.2 13.6 2.98 -3.98e+03 -2.52e+03 -961 442 185 56.9 -4.75e+03 -2.29e+03 -696 
0.0236 23.2 5.91 1.29 -2.52e+03 -1.9e+03 -827 194 74.2 21.9 -3.78e+03 -1.91e+03 -596 
0.0577 7.12 1.8 0.392 -961 -826 -414 60.6 22.7 6.62 -1.55e+03 -803 -255 
-0.222 3.92 1.06 0.235 442 193 60.5 -2.43e+03 -1.96e+03 -871 -2.38e+04 -1.28e+04 -4.33e+03 
-0.267 1.45 0.398 0.0896 185 74.3 22.7 -1.96e+03 -2.01e+03 -1.04e+03 -1.91e+04 -1.15e+04 -4.12e+03 
0.0515 0.384 0.106 0.0243 57 21.9 6.61 -872 -1.04e+03 -624 -8.42e+03 -5.4e+03 -1.99e+03 
2.06 219 57.2 12.6 -4.76e+03 -3.78e+03 -1.55e+03 -2.38e+04 -1.91e+04 -8.42e+03 -2.63e+05 -1.39e+05 -4.65e+04 
1.19 75.5 19.7 4.33 -2.3e+03 -1.91e+03 -803 -1.29e+04 -1.15e+04 -5.41e+03 -1.39e+05 -7.93e+04 -2.78e+04 
0.459 19.8 5.16 1.14 -696 -596 -255 -4.35e+03 -4.12e+03 -1.99e+03 -4.66e+04 -2.78e+04 -1.02e+04 
S matrix
1 0 0 0 0 0 0 0 0 0 0 0 0 
0 0.0348 0.0107 0.00251 -0.0578 -0.0252 -0.00774 -0.00426 -0.00158 -0.000417 -0.238 -0.0821 -0.0216 
0 0.0107 0.00351 0.000854 -0.0148 -0.00642 -0.00196 -0.00115 -0.000433 -0.000115 -0.0622 -0.0214 -0.00561 
0 0.00251 0.000854 0.000213 -0.00324 -0.0014 -0.000426 -0.000256 -9.74e-05 -2.64e-05 -0.0137 -0.0047 -0.00123 
0 -0.0578 -0.0148 -0.00324 4.34 2.75 1.05 -0.482 -0.202 -0.0621 5.19 2.51 0.76 
0 -0.0252 -0.00642 -0.0014 2.75 2.07 0.904 -0.211 -0.081 -0.0238 4.13 2.09 0.651 
0 -0.00774 -0.00196 -0.000426 1.05 0.904 0.453 -0.066 -0.0248 -0.00721 1.69 0.878 0.278 
0 -0.00426 -0.00115 -0.000256 -0.482 -0.211 -0.066 2.65 2.15 0.953 26 14 4.75 
0 -0.00158 -0.000433 -9.74e-05 -0.202 -0.081 -0.0248 2.15 2.2 1.14 20.9 12.6 4.52 
0 -0.000417 -0.000115 -2.64e-05 -0.0621 -0.0238 -0.00721 0.953 1.14 0.685 9.21 5.92 2.18 
0 -0.238 -0.0622 -0.0137 5.19 4.13 1.69 26 20.9 9.21 287 152 50.9 
0 -0.0821 -0.0214 -0.0047 2.51 2.09 0.878 14 12.6 5.92 152 86.9 30.5 
0 -0.0216 -0.00561 -0.00123 0.76 0.651 0.278 4.75 4.52 2.18 50.9 30.5 11.2 
H matrix
-919 -0.234 -0.0669 -0.0164 24.3 17.1 3.82 52.8 50 8.85 524 280 72.4 
0.0117 -32 -9.83 -2.3 53.1 23.1 7.1 3.92 1.45 0.383 219 75.3 19.8 
0.00537 -9.82 -3.23 -0.785 13.6 5.89 1.8 1.05 0.397 0.106 57 19.6 5.15 
0.00169 -2.3 -0.784 -0.196 2.97 1.28 0.391 0.235 0.0894 0.0242 12.6 4.32 1.13 
-0.224 53.2 13.6 2.98 -3.98e+03 -2.52e+03 -961 442 185 56.9 -4.75e+03 -2.29e+03 -696 
0.0236 23.2 5.91 1.29 -2.52e+03 -1.9e+03 -827 194 74.2 21.9 -3.78e+03 -1.91e+03 -596 
0.0577 7.12 1.8 0.392 -961 -826 -414 60.6 22.7 6.62 -1.55e+03 -803 -255 
-0.222 3.92 1.06 0.235 442 193 60.5 -2.43e+03 -1.96e+03 -871 -2.38e+04 -1.28e+04 -4.33e+03 
-0.267 1.45 0.398 0.0896 185 74.3 22.7 -1.96e+03 -2.01e+03 -1.04e+03 -1.91e+04 -1.15e+04 -4.12e+03 
0.0515 0.384 0.106 0.0243 57 21.9 6.61 -872 -1.04e+03 -624 -8.42e+03 -5.4e+03 -1.99e+03 
2.06 219 57.2 12.6 -4.76e+03 -3.78e+03 -1.55e+03 -2.38e+04 -1.91e+04 -8.42e+03 -2.63e+05 -1.39e+05 -4.65e+04 
1.19 75.5 19.7 4.33 -2.3e+03 -1.91e+03 -803 -1.29e+04 -1.15e+04 -5.41e+03 -1.39e+05 -7.93e+04 -2.78e+04 
0.459 19.8 5.16 1.14 -696 -596 -255 -4.35e+03 -4.12e+03 -1.99e+03 -4.66e+04 -2.78e+04 -1.02e+04 
S matrix
1 0 0 0 0 0 0 0 0 0 0 0 0 
0 0.0348 0.0107 0.00251 -0.0578 -0.0252 -0.00774 -0.00426 -0.00158 -0.000417 -0.238 -0.0821 -0.0216 
0 0.0107 0.00351 0.000854 -0.0148 -0.00642 -0.00196 -0.00115 -0.000433 -0.000115 -0.0622 -0.0214 -0.00561 
0 0.00251 0.000854 0.000213 -0.00324 -0.0014 -0.000426 -0.000256 -9.74e-05 -2.64e-05 -0.0137 -0.0047 -0.00123 
0 -0.0578 -0.0148 -0.00324 4.34 2.75 1.05 -0.482 -0.202 -0.0621 5.19 2.51 0.76 
0 -0.0252 -0.00642 -0.0014 2.75 2.07 0.904 -0.211 -0.081 -0.0238 4.13 2.09 0.651 
0 -0.00774 -0.00196 -0.000426 1.05 0.904 0.453 -0.066 -0.0248 -0.00721 1.69 0.878 0.278 
0 -0.00426 -0.00115 -0.000256 -0.482 -0.211 -0.066 2.65 2.15 0.953 26 14 4.75 
0 -0.00158 -0.000433 -9.74e-05 -0.202 -0.081 -0.0248 2.15 2.2 1.14 20.9 12.6 4.52 
0 -0.000417 -0.000115 -2.64e-05 -0.0621 -0.0238 -0.00721 0.953 1.14 0.685 9.21 5.92 2.18 
0 -0.238 -0.0622 -0.0137 5.19 4.13 1.69 26 20.9 9.21 287 152 50.9 
0 -0.0821 -0.0214 -0.0047 2.51 2.09 0.878 14 12.6 5.92 152 86.9 30.5 
0 -0.0216 -0.00561 -0.00123 0.76 0.651 0.278 4.75 4.52 2.18 50.9 30.5 11.2 
H matrix
-919 -0.234 -0.0669 -0.0164 24.3 17.1 3.82 52.8 50 8.85 524 280 72.4 
0.0117 -32 -9.83 -2.3 53.1 23.1 7.1 3.92 1.45 0.383 219 75.3 19.8 
0.00537 -9.82 -3.23 -0.785 13.6 5.89 1.8 1.05 0.397 0.106 57 19.6 5.15 
0.00169 -2.3 -0.784 -0.196 2.97 1.28 0.391 0.235 0.0894 0.0242 12.6 4.32 1.13 
-0.224 53.2 13.6 2.98 -3.98e+03 -2.52e+03 -961 442 185 56.9 -4.75e+03 -2.29e+03 -696 
0.0236 23.2 5.91 1.29 -2.52e+03 -1.9e+03 -827 194 74.2 21.9 -3.78e+03 -1.91e+03 -596 
0.0577 7.12 1.8 0.392 -961 -826 -414 60.6 22.7 6.62 -1.55e+03 -803 -255 
-0.222 3.92 1.06 0.235 442 193 60.5 -2.43e+03 -1.96e+03 -871 -2.38e+04 -1.28e+04 -4.33e+03 
-0.267 1.45 0.398 0.0896 185 74.3 22.7 -1.96e+03 -2.01e+03 -1.04e+03 -1.91e+04 -1.15e+04 -4.12e+03 
0.0515 0.384 0.106 0.0243 57 21.9 6.61 -872 -1.04e+03 -624 -8.42e+03 -5.4e+03 -1.99e+03 
2.06 219 57.2 12.6 -4.76e+03 -3.78e+03 -1.55e+03 -2.38e+04 -1.91e+04 -8.42e+03 -2.63e+05 -1.39e+05 -4.65e+04 
1.19 75.5 19.7 4.33 -2.3e+03 -1.91e+03 -803 -1.29e+04 -1.15e+04 -5.41e+03 -1.39e+05 -7.93e+04 -2.78e+04 
0.459 19.8 5.16 1.14 -696 -596 -255 -4.35e+03 -4.12e+03 -1.99e+03 -4.66e+04 -2.78e+04 -1.02e+04 
S matrix
1 0 0 0 0 0 0 0 0 0 0 0 0 
0 0.0348 0.0107 0.00251 -0.0578 -0.0252 -0.00774 -0.00426 -0.00158 -0.000417 -0.238 -0.0821 -0.0216 
0 0.0107 0.00351 0.000854 -0.0148 -0.00642 -0.00196 -0.00115 -0.000433 -0.000115 -0.0622 -0.0214 -0.00561 
0 0.00251 0.000854 0.000213 -0.00324 -0.0014 -0.000426 -0.000256 -9.74e-05 -2.64e-05 -0.0137 -0.0047 -0.00123 
0 -0.0578 -0.0148 -0.00324 4.34 2.75 1.05 -0.482 -0.202 -0.0621 5.19 2.51 0.76 
0 -0.0252 -0.00642 -0.0014 2.75 2.07 0.904 -0.211 -0.081 -0.0238 4.13 2.09 0.651 
0 -0.00774 -0.00196 -0.000426 1.05 0.904 0.453 -0.066 -0.0248 -0.00721 1.69 0.878 0.278 
0 -0.00426 -0.00115 -0.000256 -0.482 -0.211 -0.066 2.65 2.15 0.953 26 14 4.75 
0 -0.00158 -0.000433 -9.74e-05 -0.202 -0.081 -0.0248 2.15 2.2 1.14 20.9 12.6 4.52 
0 -0.000417 -0.000115 -2.64e-05 -0.0621 -0.0238 -0.00721 0.953 1.14 0.685 9.21 5.92 2.18 
0 -0.238 -0.0622 -0.0137 5.19 4.13 1.69 26 20.9 9.21 287 152 50.9 
0 -0.0821 -0.0214 -0.0047 2.51 2.09 0.878 14 12.6 5.92 152 86.9 30.5 
0 -0.0216 -0.00561 -0.00123 0.76 0.651 0.278 4.75 4.52 2.18 50.9 30.5 11.2 
H matrix
-919 -0.234 -0.0669 -0.0164 24.3 17.1 3.82 52.8 50 8.85 524 280 72.4 
0.0117 -32 -9.83 -2.3 53.1 23.1 7.1 3.92 1.45 0.383 219 75.3 19.8 
0.00537 -9.82 -3.23 -0.785 13.6 5.89 1.8 1.05 0.397 0.106 57 19.6 5.15 
0.00169 -2.3 -0.784 -0.196 2.97 1.28 0.391 0.235 0.0894 0.0242 12.6 4.32 1.13 
-0.224 53.2 13.6 2.98 -3.98e+03 -2.52e+03 -961 442 185 56.9 -4.75e+03 -2.29e+03 -696 
0.0236 23.2 5.91 1.29 -2.52e+03 -1.9e+03 -827 194 74.2 21.9 -3.78e+03 -1.91e+03 -596 
0.0577 7.12 1.8 0.392 -961 -826 -414 60.6 22.7 6.62 -1.55e+03 -803 -255 
-0.222 3.92 1.06 0.235 442 193 60.5 -2.43e+03 -1.96e+03 -871 -2.38e+04 -1.28e+04 -4.33e+03 
-0.267 1.45 0.398 0.0896 185 74.3 22.7 -1.96e+03 -2.01e+03 -1.04e+03 -1.91e+04 -1.15e+04 -4.12e+03 
0.0515 0.384 0.106 0.0243 57 21.9 6.61 -872 -1.04e+03 -624 -8.42e+03 -5.4e+03 -1.99e+03 
2.06 219 57.2 12.6 -4.76e+03 -3.78e+03 -1.55e+03 -2.38e+04 -1.91e+04 -8.42e+03 -2.63e+05 -1.39e+05 -4.65e+04 
1.19 75.5 19.7 4.33 -2.3e+03 -1.91e+03 -803 -1.29e+04 -1.15e+04 -5.41e+03 -1.39e+05 -7.93e+04 -2.78e+04 
0.459 19.8 5.16 1.14 -696 -596 -255 -4.35e+03 -4.12e+03 -1.99e+03 -4.66e+04 -2.78e+04 -1.02e+04 
S matrix
1 0 0 0 0 0 0 0 0 0 0 0 0 
0 0.0348 0.0107 0.00251 -0.0578 -0.0252 -0.00774 -0.00426 -0.00158 -0.000417 -0.238 -0.0821 -0.0216 
0 0.0107 0.00351 0.000854 -0.0148 -0.00642 -0.00196 -0.00115 -0.000433 -0.000115 -0.0622 -0.0214 -0.00561 
0 0.00251 0.000854 0.000213 -0.00324 -0.0014 -0.000426 -0.000256 -9.74e-05 -2.64e-05 -0.0137 -0.0047 -0.00123 
0 -0.0578 -0.0148 -0.00324 4.34 2.75 1.05 -0.482 -0.202 -0.0621 5.19 2.51 0.76 
0 -0.0252 -0.00642 -0.0014 2.75 2.07 0.904 -0.211 -0.081 -0.0238 4.13 2.09 0.651 
0 -0.00774 -0.00196 -0.000426 1.05 0.904 0.453 -0.066 -0.0248 -0.00721 1.69 0.878 0.278 
0 -0.00426 -0.00115 -0.000256 -0.482 -0.211 -0.066 2.65 2.15 0.953 26 14 4.75 
0 -0.00158 -0.000433 -9.74e-05 -0.202 -0.081 -0.0248 2.15 2.2 1.14 20.9 12.6 4.52 
0 -0.000417 -0.000115 -2.64e-05 -0.0621 -0.0238 -0.00721 0.953 1.14 0.685 9.21 5.92 2.18 
0 -0.238 -0.0622 -0.0137 5.19 4.13 1.69 26 20.9 9.21 287 152 50.9 
0 -0.0821 -0.0214 -0.0047 2.51 2.09 0.878 14 12.6 5.92 152 86.9 30.5 
0 -0.0216 -0.00561 -0.00123 0.76 0.651 0.278 4.75 4.52 2.18 50.9 30.5 11.2 
H matrix
-919 -0.234 -0.0669 -0.0164 24.3 17.1 3.82 52.8 50 8.85 524 280 72.4 
0.0117 -32 -9.83 -2.3 53.1 23.1 7.1 3.92 1.45 0.383 219 75.3 19.8 
0.00537 -9.82 -3.23 -0.785 13.6 5.89 1.8 1.05 0.397 0.106 57 19.6 5.15 
0.00169 -2.3 -0.784 -0.196 2.97 1.28 0.391 0.235 0.0894 0.0242 12.6 4.32 1.13 
-0.224 53.2 13.6 2.98 -3.98e+03 -2.52e+03 -961 442 185 56.9 -4.75e+03 -2.29e+03 -696 
0.0236 23.2 5.91 1.29 -2.52e+03 -1.9e+03 -827 194 74.2 21.9 -3.78e+03 -1.91e+03 -596 
S matrix
1 0 0 0 0 0 0 0 0 0 0 0 0 
0 0.0348 0.0107 0.00251 -0.0578 -0.0252 -0.00774 -0.00426 -0.00158 -0.000417 -0.238 -0.0821 -0.0216 
0 0.0107 0.00351 0.000854 -0.0148 -0.00642 -0.00196 -0.00115 -0.000433 -0.000115 -0.0622 -0.0214 -0.00561 
0 0.00251 0.000854 0.000213 -0.00324 -0.0014 -0.000426 -0.000256 -9.74e-05 -2.64e-05 -0.0137 -0.0047 -0.00123 
0 -0.0578 -0.0148 -0.00324 4.34 2.75 1.05 -0.482 -0.202 -0.0621 5.19 2.51 0.76 
0 -0.0252 -0.00642 -0.0014 2.75 2.07 0.904 -0.211 -0.081 -0.0238 4.13 2.09 0.651 
0 -0.00774 -0.00196 -0.000426 1.05 0.904 0.453 -0.066 -0.0248 -0.00721 1.69 0.878 0.278 
0 -0.00426 -0.00115 -0.000256 -0.482 -0.211 -0.066 2.65 2.15 0.953 26 14 4.75 
0 -0.00158 -0.000433 -9.74e-05 -0.202 -0.081 -0.0248 2.15 2.2 1.14 20.9 12.6 4.52 
0 -0.000417 -0.000115 -2.64e-05 -0.0621 -0.0238 -0.00721 0.953 1.14 0.685 9.21 5.92 2.18 
0 -0.238 -0.0622 -0.0137 5.19 4.13 1.69 26 20.9 9.21 287 152 50.9 
0 -0.0821 -0.0214 -0.0047 2.51 2.09 0.878 14 12.6 5.92 152 86.9 30.5 
0 -0.0216 -0.00561 -0.00123 0.76 0.651 0.278 4.75 4.52 2.18 50.9 30.5 11.2 
H matrix
-919 -0.234 -0.0669 -0.0164 24.3 17.1 3.82 52.8 50 8.85 524 280 72.4 
0.0117 -32 -9.83 -2.3 53.1 23.1 7.1 3.92 1.45 0.383 219 75.3 19.8 
0.00537 -9.82 -3.23 -0.785 13.6 5.89 1.8 1.05 0.397 0.106 57 19.6 5.15 
0.00169 -2.3 -0.784 -0.196 2.97 1.28 0.391 0.235 0.0894 0.0242 12.6 4.32 1.13 
-0.224 53.2 13.6 2.98 -3.98e+03 -2.52e+03 -961 442 185 56.9 -4.75e+03 -2.29e+03 -696 
0.0236 23.2 5.91 1.29 -2.52e+03 -1.9e+03 -827 194 74.2 21.9 -3.78e+03 -1.91e+03 -596 
0.0577 7.12 1.8 0.392 -961 -826 -414 60.6 22.7 6.62 -1.55e+03 -803 -255 
-0.222 3.92 1.06 0.235 442 193 60.5 -2.43e+03 -1.96e+03 -871 -2.38e+04 -1.28e+04 -4.33e+03 
-0.267 1.45 0.398 0.0896 185 74.3 22.7 -1.96e+03 -2.01e+03 -1.04e+03 -1.91e+04 -1.15e+04 -4.12e+03 
0.0515 0.384 0.106 0.0243 57 21.9 6.61 -872 -1.04e+03 -624 -8.42e+03 -5.4e+03 -1.99e+03 
2.06 219 57.2 12.6 -4.76e+03 -3.78e+03 -1.55e+03 -2.38e+04 -1.91e+04 -8.42e+03 -2.63e+05 -1.39e+05 -4.65e+04 
S matrix
1 0 0 0 0 0 0 0 0 0 0 0 0 
0 0.0348 0.0107 0.00251 -0.0578 -0.0252 -0.00774 -0.00426 -0.00158 -0.000417 -0.238 -0.0821 -0.0216 
0 0.0107 0.00351 0.000854 -0.0148 -0.00642 -0.00196 -0.00115 -0.000433 -0.000115 -0.0622 -0.0214 -0.00561 
0 0.00251 0.000854 0.000213 -0.00324 -0.0014 -0.000426 -0.000256 -9.74e-05 -2.64e-05 -0.0137 -0.0047 -0.00123 
0 -0.0578 -0.0148 -0.00324 4.34 2.75 1.05 -0.482 -0.202 -0.0621 5.19 2.51 0.76 
0 -0.0252 -0.00642 -0.0014 2.75 2.07 0.904 -0.211 -0.081 -0.0238 4.13 2.09 0.651 
0 -0.00774 -0.00196 -0.000426 1.05 0.904 0.453 -0.066 -0.0248 -0.00721 1.69 0.878 0.278 
0 -0.00426 -0.00115 -0.000256 -0.482 -0.211 -0.066 2.65 2.15 0.953 26 14 4.75 
0 -0.00158 -0.000433 -9.74e-05 -0.202 -0.081 -0.0248 2.15 2.2 1.14 20.9 12.6 4.52 
0 -0.000417 -0.000115 -2.64e-05 -0.0621 -0.0238 -0.00721 0.953 1.14 0.685 9.21 5.92 2.18 
0 -0.238 -0.0622 -0.0137 5.19 4.13 1.69 26 20.9 9.21 287 152 50.9 
0 -0.0821 -0.0214 -0.0047 2.51 2.09 0.878 14 12.6 5.92 152 86.9 30.5 
0 -0.0216 -0.00561 -0.00123 0.76 0.651 0.278 4.75 4.52 2.18 50.9 30.5 11.2 
H matrix
-919 -0.234 -0.0669 -0.0164 24.3 17.1 3.82 52.8 50 8.85 524 280 72.4 
0.0117 -32 -9.83 -2.3 53.1 23.1 7.1 3.92 1.45 0.383 219 75.3 19.8 
0.00537 -9.82 -3.23 -0.785 13.6 5.89 1.8 1.05 0.397 0.106 57 19.6 5.15 
0.00169 -2.3 -0.784 -0.196 2.97 1.28 0.391 0.235 0.0894 0.0242 12.6 4.32 1.13 
-0.224 53.2 13.6 2.98 -3.98e+03 -2.52e+03 -961 442 185 56.9 -4.75e+03 -2.29e+03 -696 
0.0236 23.2 5.91 1.29 -2.52e+03 -1.9e+03 -827 194 74.2 21.9 -3.78e+03 -1.91e+03 -596 
0.0577 7.12 1.8 0.392 -961 -826 -414 60.6 22.7 6.62 -1.55e+03 -803 -255 
-0.222 3.92 1.06 0.235 442 193 60.5 -2.43e+03 -1.96e+03 -871 -2.38e+04 -1.28e+04 -4.33e+03 
-0.267 1.45 0.398 0.0896 185 74.3 22.7 -1.96e+03 -2.01e+03 -1.04e+03 -1.91e+04 -1.15e+04 -4.12e+03 
0.0515 0.384 0.106 0.0243 57 21.9 6.61 -872 -1.04e+03 -624 -8.42e+03 -5.4e+03 -1.99e+03 
2.06 219 57.2 12.6 -4.76e+03 -3.78e+03 -1.55e+03 -2.38e+04 -1.91e+04 -8.42e+03 -2.63e+05 -1.39e+05 -4.65e+04 
1.19 75.5 19.7 4.33 -2.3e+03 -1.91e+03 -803 -1.29e+04 -1.15e+04 -5.41e+03 -1.39e+05 -7.93e+04 -2.78e+04 
0.459 19.8 5.16 1.14 -696 -596 -255 -4.35e+03 -4.12e+03 -1.99e+03 -4.66e+04 -2.78e+04 -1.02e+04 
S matrix
1 0 0 0 0 0 0 0 0 0 0 0 0 
0 0.0348 0.0107 0.00251 -0.0578 -0.0252 -0.00774 -0.00426 -0.00158 -0.000417 -0.238 -0.0821 -0.0216 
0 0.0107 0.00351 0.000854 -0.0148 -0.00642 -0.00196 -0.00115 -0.000433 -0.000115 -0.0622 -0.0214 -0.00561 
0 0.00251 0.000854 0.000213 -0.00324 -0.0014 -0.000426 -0.000256 -9.74e-05 -2.64e-05 -0.0137 -0.0047 -0.00123 
0 -0.0578 -0.0148 -0.00324 4.34 2.75 1.05 -0.482 -0.202 -0.0621 5.19 2.51 0.76 
0 -0.0252 -0.00642 -0.0014 2.75 2.07 0.904 -0.211 -0.081 -0.0238 4.13 2.09 0.651 
0 -0.00774 -0.00196 -0.000426 1.05 0.904 0.453 -0.066 -0.0248 -0.00721 1.69 0.878 0.278 
0 -0.00426 -0.00115 -0.000256 -0.482 -0.211 -0.066 2.65 2.15 0.953 26 14 4.75 
0 -0.00158 -0.000433 -9.74e-05 -0.202 -0.081 -0.0248 2.15 2.2 1.14 20.9 12.6 4.52 
0 -0.000417 -0.000115 -2.64e-05 -0.0621 -0.0238 -0.00721 0.953 1.14 0.685 9.21 5.92 2.18 
0 -0.238 -0.0622 -0.0137 5.19 4.13 1.69 26 20.9 9.21 287 152 50.9 
0 -0.0821 -0.0214 -0.0047 2.51 2.09 0.878 14 12.6 5.92 152 86.9 30.5 
0 -0.0216 -0.00561 -0.00123 0.76 0.651 0.278 4.75 4.52 2.18 50.9 30.5 11.2 
H matrix
-919 -0.234 -0.0669 -0.0164 24.3 17.1 3.82 52.8 50 8.85 524 280 72.4 
0.0117 -32 -9.83 -2.3 53.1 23.1 7.1 3.92 1.45 0.383 219 75.3 19.8 
0.00537 -9.82 -3.23 -0.785 13.6 5.89 1.8 1.05 0.397 0.106 57 19.6 5.15 
0.00169 -2.3 -0.784 -0.196 2.97 1.28 0.391 0.235 0.0894 0.0242 12.6 4.32 1.13 
-0.224 53.2 13.6 2.98 -3.98e+03 -2.52e+03 -961 442 185 56.9 -4.75e+03 -2.29e+03 -696 
0.0236 23.2 5.91 1.29 -2.52e+03 -1.9e+03 -827 194 74.2 21.9 -3.78e+03 -1.91e+03 -596 
0.0577 7.12 1.8 0.392 -961 -826 -414 60.6 22.7 6.62 -1.55e+03 -803 -255 
-0.222 3.92 1.06 0.235 442 193 60.5 -2.43e+03 -1.96e+03 -871 -2.38e+04 -1.28e+04 -4.33e+03 
-0.267 1.45 0.398 0.0896 185 74.3 22.7 -1.96e+03 -2.01e+03 -1.04e+03 -1.91e+04 -1.15e+04 -4.12e+03 
0.0515 0.384 0.106 0.0243 57 21.9 6.61 -872 -1.04e+03 -624 -8.42e+03 -5.4e+03 -1.99e+03 
2.06 219 57.2 12.6 -4.76e+03 -3.78e+03 -1.55e+03 -2.38e+04 -1.91e+04 -8.42e+03 -2.63e+05 -1.39e+05 -4.65e+04 
1.19 75.5 19.7 4.33 -2.3e+03 -1.91e+03 -803 -1.29e+04 -1.15e+04 -5.41e+03 -1.39e+05 -7.93e+04 -2.78e+04 
0.459 19.8 5.16 1.14 -696 -596 -255 -4.35e+03 -4.12e+03 -1.99e+03 -4.66e+04 -2.78e+04 -1.02e+04 
1.19 75.5 19.7 4.33 -2.3e+03 -1.91e+03 -803 -1.29e+04 -1.15e+04 -5.41e+03 -1.39e+05 -7.93e+04 -2.78e+04 
0.459 19.8 5.16 1.14 -696 -596 -255 -4.35e+03 -4.12e+03 -1.99e+03 -4.66e+04 -2.78e+04 -1.02e+04 
-0.224 53.2 13.6 2.98 -3.98e+03 -2.52e+03 -961 442 185 56.9 -4.75e+03 -2.29e+03 -696 
0.0236 23.2 5.91 1.29 -2.52e+03 -1.9e+03 -827 194 74.2 21.9 -3.78e+03 -1.91e+03 -596 
0.0577 7.12 1.8 0.392 -961 -826 -414 60.6 22.7 6.62 -1.55e+03 -803 -255 
-0.222 3.92 1.06 0.235 442 193 60.5 -2.43e+03 -1.96e+03 -871 -2.38e+04 -1.28e+04 -4.33e+03 
-0.267 1.45 0.398 0.0896 185 74.3 22.7 -1.96e+03 -2.01e+03 -1.04e+03 -1.91e+04 -1.15e+04 -4.12e+03 
0.0515 0.384 0.106 0.0243 57 21.9 6.61 -872 -1.04e+03 -624 -8.42e+03 -5.4e+03 -1.99e+03 
2.06 219 57.2 12.6 -4.76e+03 -3.78e+03 -1.55e+03 -2.38e+04 -1.91e+04 -8.42e+03 -2.63e+05 -1.39e+05 -4.65e+04 
1.19 75.5 19.7 4.33 -2.3e+03 -1.91e+03 -803 -1.29e+04 -1.15e+04 -5.41e+03 -1.39e+05 -7.93e+04 -2.78e+04 
0.459 19.8 5.16 1.14 -696 -596 -255 -4.35e+03 -4.12e+03 -1.99e+03 -4.66e+04 -2.78e+04 -1.02e+04 
0.0577 7.12 1.8 0.392 -961 -826 -414 60.6 22.7 6.62 -1.55e+03 -803 -255 
-0.222 3.92 1.06 0.235 442 193 60.5 -2.43e+03 -1.96e+03 -871 -2.38e+04 -1.28e+04 -4.33e+03 
-0.267 1.45 0.398 0.0896 185 74.3 22.7 -1.96e+03 -2.01e+03 -1.04e+03 -1.91e+04 -1.15e+04 -4.12e+03 
0.0515 0.384 0.106 0.0243 57 21.9 6.61 -872 -1.04e+03 -624 -8.42e+03 -5.4e+03 -1.99e+03 
2.06 219 57.2 12.6 -4.76e+03 -3.78e+03 -1.55e+03 -2.38e+04 -1.91e+04 -8.42e+03 -2.63e+05 -1.39e+05 -4.65e+04 
1.19 75.5 19.7 4.33 -2.3e+03 -1.91e+03 -803 -1.29e+04 -1.15e+04 -5.41e+03 -1.39e+05 -7.93e+04 -2.78e+04 
0.459 19.8 5.16 1.14 -696 -596 -255 -4.35e+03 -4.12e+03 -1.99e+03 -4.66e+04 -2.78e+04 -1.02e+04 
proportions significant
S0 1
S 0.08333333333
H0 1
enderiv 1
H 0.08333333333
energy derivative -0.2460257879 +/- 0.0001960254323
energy derivative -0.07230042062 +/- 6.56912714e-05
energy derivative -0.018133846 +/- 2.409671186e-05
energy derivative 24.4937678 +/- 0.006118877473
energy derivative 17.08783323 +/- 0.009077261005
energy derivative 3.762228926 +/- 0.01082857094
energy derivative 53.03227222 +/- 0.008292657165
energy derivative 50.28620834 +/- 0.02121762523
energy derivative 8.794288692 +/- 0.02097006812
energy derivative 522.4043356 +/- 0.1249658332
energy derivative 279.2140029 +/- 0.09593324499
energy derivative 71.94428625 +/- 0.05676620932
S matrix
1 0 0 0 0 0 0 0 0 0 0 0 0 
0 0.0348 0.0107 0.00251 -0.0578 -0.0252 -0.00774 -0.00426 -0.00158 -0.000417 -0.238 -0.0821 -0.0216 
0 0.0107 0.00351 0.000854 -0.0148 -0.00642 -0.00196 -0.00115 -0.000433 -0.000115 -0.0622 -0.0214 -0.00561 
0 0.00251 0.000854 0.000213 -0.00324 -0.0014 -0.000426 -0.000256 -9.74e-05 -2.64e-05 -0.0137 -0.0047 -0.00123 
0 -0.0578 -0.0148 -0.00324 4.34 2.75 1.05 -0.482 -0.202 -0.0621 5.19 2.51 0.76 
0 -0.0252 -0.00642 -0.0014 2.75 2.07 0.904 -0.211 -0.081 -0.0238 4.13 2.09 0.651 
0 -0.00774 -0.00196 -0.000426 1.05 0.904 0.453 -0.066 -0.0248 -0.00721 1.69 0.878 0.278 
0 -0.00426 -0.00115 -0.000256 -0.482 -0.211 -0.066 2.65 2.15 0.953 26 14 4.75 
0 -0.00158 -0.000433 -9.74e-05 -0.202 -0.081 -0.0248 2.15 2.2 1.14 20.9 12.6 4.52 
0 -0.000417 -0.000115 -2.64e-05 -0.0621 -0.0238 -0.00721 0.953 1.14 0.685 9.21 5.92 2.18 
0 -0.238 -0.0622 -0.0137 5.19 4.13 1.69 26 20.9 9.21 287 152 50.9 
0 -0.0821 -0.0214 -0.0047 2.51 2.09 0.878 14 12.6 5.92 152 86.9 30.5 
0 -0.0216 -0.00561 -0.00123 0.76 0.651 0.278 4.75 4.52 2.18 50.9 30.5 11.2 
H matrix
-919 -0.234 -0.0669 -0.0164 24.3 17.1 3.82 52.8 50 8.85 524 280 72.4 
0.0117 -32 -9.83 -2.3 53.1 23.1 7.1 3.92 1.45 0.383 219 75.3 19.8 
0.00537 -9.82 -3.23 -0.785 13.6 5.89 1.8 1.05 0.397 0.106 57 19.6 5.15 
0.00169 -2.3 -0.784 -0.196 2.97 1.28 0.391 0.235 0.0894 0.0242 12.6 4.32 1.13 
S matrix
1 0 0 0 0 0 0 0 0 0 0 0 0 
0 0.0348 0.0107 0.00251 -0.0578 -0.0252 -0.00774 -0.00426 -0.00158 -0.000417 -0.238 -0.0821 -0.0216 
0 0.0107 0.00351 0.000854 -0.0148 -0.00642 -0.00196 -0.00115 -0.000433 -0.000115 -0.0622 -0.0214 -0.00561 
0 0.00251 0.000854 0.000213 -0.00324 -0.0014 -0.000426 -0.000256 -9.74e-05 -2.64e-05 -0.0137 -0.0047 -0.00123 
0 -0.0578 -0.0148 -0.00324 4.34 2.75 1.05 -0.482 -0.202 -0.0621 5.19 2.51 0.76 
0 -0.0252 -0.00642 -0.0014 2.75 2.07 0.904 -0.211 -0.081 -0.0238 4.13 2.09 0.651 
0 -0.00774 -0.00196 -0.000426 1.05 0.904 0.453 -0.066 -0.0248 -0.00721 1.69 0.878 0.278 
0 -0.00426 -0.00115 -0.000256 -0.482 -0.211 -0.066 2.65 2.15 0.953 26 14 4.75 
0 -0.00158 -0.000433 -9.74e-05 -0.202 -0.081 -0.0248 2.15 2.2 1.14 20.9 12.6 4.52 
0 -0.000417 -0.000115 -2.64e-05 -0.0621 -0.0238 -0.00721 0.953 1.14 0.685 9.21 5.92 2.18 
0 -0.238 -0.0622 -0.0137 5.19 4.13 1.69 26 20.9 9.21 287 152 50.9 
0 -0.0821 -0.0214 -0.0047 2.51 2.09 0.878 14 12.6 5.92 152 86.9 30.5 
0 -0.0216 -0.00561 -0.00123 0.76 0.651 0.278 4.75 4.52 2.18 50.9 30.5 11.2 
H matrix
-919 -0.234 -0.0669 -0.0164 24.3 17.1 3.82 52.8 50 8.85 524 280 72.4 
0.0117 -32 -9.83 -2.3 53.1 23.1 7.1 3.92 1.45 0.383 219 75.3 19.8 
0.00537 -9.82 -3.23 -0.785 13.6 5.89 1.8 1.05 0.397 0.106 57 19.6 5.15 
0.00169 -2.3 -0.784 -0.196 2.97 1.28 0.391 0.235 0.0894 0.0242 12.6 4.32 1.13 
-0.224 53.2 13.6 2.98 -3.98e+03 -2.52e+03 -961 442 185 56.9 -4.75e+03 -2.29e+03 -696 
0.0236 23.2 5.91 1.29 -2.52e+03 -1.9e+03 -827 194 74.2 21.9 -3.78e+03 -1.91e+03 -596 
0.0577 7.12 1.8 0.392 -961 -826 -414 60.6 22.7 6.62 -1.55e+03 -803 -255 
-0.222 3.92 1.06 0.235 442 193 60.5 -2.43e+03 -1.96e+03 -871 -2.38e+04 -1.28e+04 -4.33e+03 
-0.267 1.45 0.398 0.0896 185 74.3 22.7 -1.96e+03 -2.01e+03 -1.04e+03 -1.91e+04 -1.15e+04 -4.12e+03 
0.0515 0.384 0.106 0.0243 57 21.9 6.61 -872 -1.04e+03 -624 -8.42e+03 -5.4e+03 -1.99e+03 
2.06 219 57.2 12.6 -4.76e+03 -3.78e+03 -1.55e+03 -2.38e+04 -1.91e+04 -8.42e+03 -2.63e+05 -1.39e+05 -4.65e+04 
1.19 75.5 19.7 4.33 -2.3e+03 -1.91e+03 -803 -1.29e+04 -1.15e+04 -5.41e+03 -1.39e+05 -7.93e+04 -2.78e+04 
0.459 19.8 5.16 1.14 -696 -596 -255 -4.35e+03 -4.12e+03 -1.99e+03 -4.66e+04 -2.78e+04 -1.02e+04 
S matrix
1 0 0 0 0 0 0 0 0 0 0 0 0 
0 0.0348 0.0107 0.00251 -0.0578 -0.0252 -0.00774 -0.00426 -0.00158 -0.000417 -0.238 -0.0821 -0.0216 
0 0.0107 0.00351 0.000854 -0.0148 -0.00642 -0.00196 -0.00115 -0.000433 -0.000115 -0.0622 -0.0214 -0.00561 
0 0.00251 0.000854 0.000213 -0.00324 -0.0014 -0.000426 -0.000256 -9.74e-05 -2.64e-05 -0.0137 -0.0047 -0.00123 
0 -0.0578 -0.0148 -0.00324 4.34 2.75 1.05 -0.482 -0.202 -0.0621 5.19 2.51 0.76 
0 -0.0252 -0.00642 -0.0014 2.75 2.07 0.904 -0.211 -0.081 -0.0238 4.13 2.09 0.651 
0 -0.00774 -0.00196 -0.000426 1.05 0.904 0.453 -0.066 -0.0248 -0.00721 1.69 0.878 0.278 
0 -0.00426 -0.00115 -0.000256 -0.482 -0.211 -0.066 2.65 2.15 0.953 26 14 4.75 
0 -0.00158 -0.000433 -9.74e-05 -0.202 -0.081 -0.0248 2.15 2.2 1.14 20.9 12.6 4.52 
0 -0.000417 -0.000115 -2.64e-05 -0.0621 -0.0238 -0.00721 0.953 1.14 0.685 9.21 5.92 2.18 
0 -0.238 -0.0622 -0.0137 5.19 4.13 1.69 26 20.9 9.21 287 152 50.9 
0 -0.0821 -0.0214 -0.0047 2.51 2.09 0.878 14 12.6 5.92 152 86.9 30.5 
S matrix
1 0 0 0 0 0 0 0 0 0 0 0 0 
0 0.0348 0.0107 0.00251 -0.0578 -0.0252 -0.00774 -0.00426 -0.00158 -0.000417 -0.238 -0.0821 -0.0216 
0 0.0107 0.00351 0.000854 -0.0148 -0.00642 -0.00196 -0.00115 -0.000433 -0.000115 -0.0622 -0.0214 -0.00561 
0 0.00251 0.000854 0.000213 -0.00324 -0.0014 -0.000426 -0.000256 -9.74e-05 -2.64e-05 -0.0137 -0.0047 -0.00123 
0 -0.0578 -0.0148 -0.00324 4.34 2.75 1.05 -0.482 -0.202 -0.0621 5.19 2.51 0.76 
0 -0.0252 -0.00642 -0.0014 2.75 2.07 0.904 -0.211 -0.081 -0.0238 4.13 2.09 0.651 
0 -0.00774 -0.00196 -0.000426 1.05 0.904 0.453 -0.066 -0.0248 -0.00721 1.69 0.878 0.278 
0 -0.00426 -0.00115 -0.000256 -0.482 -0.211 -0.066 2.65 2.15 0.953 26 14 4.75 
0 -0.00158 -0.000433 -9.74e-05 -0.202 -0.081 -0.0248 2.15 2.2 1.14 20.9 12.6 4.52 
0 -0.000417 -0.000115 -2.64e-05 -0.0621 -0.0238 -0.00721 0.953 1.14 0.685 9.21 5.92 2.18 
0 -0.238 -0.0622 -0.0137 5.19 4.13 1.69 26 20.9 9.21 287 152 50.9 
0 -0.0821 -0.0214 -0.0047 2.51 2.09 0.878 14 12.6 5.92 152 86.9 30.5 
0 -0.0216 -0.00561 -0.00123 0.76 0.651 0.278 4.75 4.52 2.18 50.9 30.5 11.2 
H matrix
-919 -0.234 -0.0669 -0.0164 24.3 17.1 3.82 52.8 50 8.85 524 280 72.4 
0.0117 -32 -9.83 -2.3 53.1 23.1 7.1 3.92 1.45 0.383 219 75.3 19.8 
0.00537 -9.82 -3.23 -0.785 13.6 5.89 1.8 1.05 0.397 0.106 57 19.6 5.15 
0.00169 -2.3 -0.784 -0.196 2.97 1.28 0.391 0.235 0.0894 0.0242 12.6 4.32 1.13 
