--------------------------------------------------------------------------
[[4663,1],0]: A high-performance Open MPI point-to-point messaging module
was unable to find any relevant network interfaces:

Module: OpenFabrics (openib)
  Host: golub227

Another transport will be used instead, although this may result in
lower performance.
--------------------------------------------------------------------------
0: output to qwalk_000.linear.o
cutoff 9.59706
 total centers 271
16: cell volume 1430.02
20: cell volume 1430.02
23: cell volume 1430.02
8: cell volume 1430.02
8: elsu 6.48894
8: alpha 0.770542
20: elsu 6.48894
20: alpha 0.770542
23: elsu 6.48894
23: alpha 0.770542
0: cell volume 1430.02
**Warning** atom 4 is out of the simulation cell.  Putting it inside.
**Warning** atom 5 is out of the simulation cell.  Putting it inside.
**Warning** atom 6 is out of the simulation cell.  Putting it inside.
**Warning** atom 8 is out of the simulation cell.  Putting it inside.
**Warning** atom 10 is out of the simulation cell.  Putting it inside.
**Warning** atom 12 is out of the simulation cell.  Putting it inside.
**Warning** atom 13 is out of the simulation cell.  Putting it inside.
0: elsu 6.48894
0: alpha 0.770542
16: elsu 6.48894
16: alpha 0.770542
1: cell volume 1430.02
1: elsu 6.48894
1: alpha 0.770542
3: cell volume 1430.02
3: elsu 6.48894
3: alpha 0.770542
15: cell volume 1430.02
15: elsu 6.48894
15: alpha 0.770542
17: cell volume 1430.02
17: elsu 6.48894
17: alpha 0.770542
18: cell volume 1430.02
18: elsu 6.48894
18: alpha 0.770542
2: cell volume 1430.02
2: elsu 6.48894
2: alpha 0.770542
4: cell volume 1430.02
4: elsu 6.48894
4: alpha 0.770542
6: cell volume 1430.02
6: elsu 6.48894
6: alpha 0.770542
9: cell volume 1430.02
9: elsu 6.48894
9: alpha 0.770542
11: cell volume 1430.02
11: elsu 6.48894
11: alpha 0.770542
12: cell volume 1430.02
12: elsu 6.48894
12: alpha 0.770542
13: cell volume 1430.02
13: elsu 6.48894
13: alpha 0.770542
19: cell volume 1430.02
19: elsu 6.48894
19: alpha 0.770542
21: cell volume 1430.02
21: elsu 6.48894
21: alpha 0.770542
5: cell volume 1430.02
5: elsu 6.48894
5: alpha 0.770542
7: cell volume 1430.02
7: elsu 6.48894
7: alpha 0.770542
10: cell volume 1430.02
10: elsu 6.48894
10: alpha 0.770542
14: cell volume 1430.02
14: elsu 6.48894
14: alpha 0.770542
22: cell volume 1430.02
22: elsu 6.48894
22: alpha 0.770542
23: real space ion-ion 0.0258213
23: reciprocal space ion 377.807
9: real space ion-ion 0.0258213
3: real space ion-ion 0.0258213
8: real space ion-ion 0.0258213
3: reciprocal space ion 377.807
9: reciprocal space ion 377.807
13: real space ion-ion 0.0258213
18: real space ion-ion 0.0258213
8: reciprocal space ion 377.807
13: reciprocal space ion 377.807
7: real space ion-ion 0.0258213
17: real space ion-ion 0.0258213
18: reciprocal space ion 377.807
15: real space ion-ion 0.0258213
7: reciprocal space ion 377.807
15: reciprocal space ion 377.807
17: reciprocal space ion 377.807
Ewald sum using 2491 reciprocal points
19: real space ion-ion 0.0258213
16: real space ion-ion 0.0258213
11: real space ion-ion 0.0258213
0: real space ion-ion 0.0258213
11: reciprocal space ion 377.807
16: reciprocal space ion 377.807
0: reciprocal space ion 377.807
19: reciprocal space ion 377.807
14: real space ion-ion 0.0258213
14: reciprocal space ion 377.807
2: real space ion-ion 0.0258213
10: real space ion-ion 0.0258213
2: reciprocal space ion 377.807
10: reciprocal space ion 377.807
5: real space ion-ion 0.0258213
5: reciprocal space ion 377.807
20: real space ion-ion 0.0258213
20: reciprocal space ion 377.807
21: real space ion-ion 0.0258213
21: reciprocal space ion 377.807
6: real space ion-ion 0.0258213
6: reciprocal space ion 377.807
1: real space ion-ion 0.0258213
1: reciprocal space ion 377.807
4: real space ion-ion 0.0258213
4: reciprocal space ion 377.807
12: real space ion-ion 0.0258213
12: reciprocal space ion 377.807
22: real space ion-ion 0.0258213
22: reciprocal space ion 377.807
Could not open qwalk_000.linear.config. Generating configurations from scratch
[golub227:175414] 23 more processes have sent help message help-mpi-btl-base.txt / btl:no-nics
[golub227:175414] Set MCA parameter "orte_base_help_aggregate" to 0 to see all help / error messages
0: Timestep is 0.421667
22: Timestep is 0.421667
8: Timestep is 0.421667
6: Timestep is 0.421667
14: Timestep is 0.421667
20: Timestep is 0.421667
1: Timestep is 0.421667
10: Timestep is 0.421667
5: Timestep is 0.421667
21: Timestep is 0.421667
13: Timestep is 0.421667
23: Timestep is 0.421667
11: Timestep is 0.421667
4: Timestep is 0.421667
2: Timestep is 0.421667
3: Timestep is 0.421667
12: Timestep is 0.421667
18: Timestep is 0.421667
7: Timestep is 0.421667
9: Timestep is 0.421667
17: Timestep is 0.421667
16: Timestep is 0.421667
19: Timestep is 0.421667
15: Timestep is 0.421667
1: Write took 0 seconds
1: Write took 0 seconds
1: Write took 0 seconds
1: Write took 0 seconds
1: Write took 0 seconds
1: Write took 0 seconds
1: Write took 0 seconds
1: Write took 0 seconds
1: Write took 0 seconds
1: Write took 0 seconds
1: Write took 0 seconds
1: Write took 0 seconds
1: Write took 1 seconds
1: Write took 0 seconds
1: Write took 0 seconds
1: Write took 0 seconds
1: Write took 0 seconds
1: Write took 0 seconds
1: Write took 0 seconds
1: Write took 0 seconds
S matrix
1 0 0 0 0 0 0 0 0 0 0 0 0 
0 0.0348 0.0107 0.00251 -0.0586 -0.0259 -0.00809 -0.00404 -0.00173 -0.000595 -0.237 -0.0822 -0.0219 
0 0.0107 0.00352 0.000857 -0.0151 -0.00667 -0.00208 -0.00105 -0.000448 -0.000155 -0.0615 -0.0213 -0.00567 
0 0.00251 0.000857 0.000214 -0.00331 -0.00146 -0.000455 -0.00023 -9.81e-05 -3.35e-05 -0.0135 -0.00467 -0.00124 
0 -0.0586 -0.0151 -0.00331 4.39 2.78 1.06 -0.49 -0.204 -0.0627 5.19 2.53 0.771 
0 -0.0259 -0.00667 -0.00146 2.78 2.09 0.913 -0.215 -0.0826 -0.0245 4.14 2.1 0.66 
0 -0.00809 -0.00208 -0.000455 1.06 0.913 0.457 -0.0674 -0.0251 -0.00733 1.71 0.889 0.283 
0 -0.00404 -0.00105 -0.00023 -0.49 -0.215 -0.0674 2.67 2.17 0.966 26.3 14.2 4.82 
0 -0.00173 -0.000448 -9.81e-05 -0.204 -0.0826 -0.0251 2.17 2.23 1.16 21.3 12.9 4.6 
0 -0.000595 -0.000155 -3.35e-05 -0.0627 -0.0245 -0.00733 0.966 1.16 0.692 9.38 6.03 2.22 
0 -0.237 -0.0615 -0.0135 5.19 4.14 1.71 26.3 21.3 9.38 291 155 51.9 
0 -0.0822 -0.0213 -0.00467 2.53 2.1 0.889 14.2 12.9 6.03 155 88.5 31.1 
0 -0.0219 -0.00567 -0.00124 0.771 0.66 0.283 4.82 4.6 2.22 51.9 31.1 11.5 
H matrix
-919 -0.232 -0.0662 -0.0162 24.2 17.1 3.82 53.1 50.4 9.03 529 284 73.8 
0.0126 -32 -9.83 -2.31 53.7 23.8 7.42 3.71 1.58 0.544 218 75.4 20.1 
0.00584 -9.82 -3.23 -0.787 13.8 6.11 1.91 0.962 0.41 0.142 56.4 19.5 5.2 
0.00183 -2.3 -0.786 -0.196 3.03 1.34 0.417 0.212 0.0898 0.0306 12.4 4.28 1.14 
-0.266 53.9 13.9 3.04 -4.02e+03 -2.55e+03 -973 449 186 57.4 -4.75e+03 -2.31e+03 -706 
0.0199 23.8 6.13 1.34 -2.55e+03 -1.91e+03 -835 198 75.6 22.5 -3.79e+03 -1.93e+03 -604 
0.0696 7.44 1.91 0.419 -973 -834 -417 61.8 22.9 6.71 -1.56e+03 -813 -259 
0.0249 3.72 0.964 0.212 449 197 61.8 -2.44e+03 -1.98e+03 -883 -2.4e+04 -1.3e+04 -4.4e+03 
-0.171 1.59 0.412 0.0902 187 75.7 23 -1.99e+03 -2.03e+03 -1.06e+03 -1.94e+04 -1.17e+04 -4.2e+03 
-0.0307 0.547 0.142 0.0308 57.6 22.5 6.71 -884 -1.05e+03 -630 -8.57e+03 -5.5e+03 -2.03e+03 
5.2 218 56.6 12.4 -4.76e+03 -3.79e+03 -1.56e+03 -2.41e+04 -1.94e+04 -8.57e+03 -2.66e+05 -1.41e+05 -4.74e+04 
3.41 75.6 19.6 4.29 -2.31e+03 -1.93e+03 -814 -1.3e+04 -1.17e+04 -5.51e+03 -1.41e+05 -8.08e+04 -2.84e+04 
1.64 20.2 5.21 1.14 -706 -604 -259 -4.41e+03 -4.2e+03 -2.03e+03 -4.74e+04 -2.84e+04 -1.05e+04 
proportions significant
S0 1
S 0.08333333333
H0 1
enderiv 1
H 0.08333333333
energy derivative -0.2451099844 +/- 9.981338935e-05
energy derivative -0.07198981302 +/- 2.841694164e-05
energy derivative -0.01807073164 +/- 9.425093043e-06
energy derivative 24.48843994 +/- 0.002294021862
energy derivative 17.07437955 +/- 0.004742997872
energy derivative 3.747999993 +/- 0.005325373024
energy derivative 53.07286809 +/- 0.004123641721
energy derivative 50.5715767 +/- 0.00810765035
energy derivative 9.062639266 +/- 0.009743968443
energy derivative 523.7133701 +/- 0.06114334521
energy derivative 280.3680907 +/- 0.04468194381
energy derivative 72.15130987 +/- 0.0430614398
S matrix
1 0 0 0 0 0 0 0 0 0 0 0 0 
0 0.0348 0.0107 0.00251 -0.0586 -0.0259 -0.00809 -0.00404 -0.00173 -0.000595 -0.237 -0.0822 -0.0219 
0 0.0107 0.00352 0.000857 -0.0151 -0.00667 -0.00208 -0.00105 -0.000448 -0.000155 -0.0615 -0.0213 -0.00567 
0 0.00251 0.000857 0.000214 -0.00331 -0.00146 -0.000455 -0.00023 -9.81e-05 -3.35e-05 -0.0135 -0.00467 -0.00124 
0 -0.0586 -0.0151 -0.00331 4.39 2.78 1.06 -0.49 -0.204 -0.0627 5.19 2.53 0.771 
0 -0.0259 -0.00667 -0.00146 2.78 2.09 0.913 -0.215 -0.0826 -0.0245 4.14 2.1 0.66 
0 -0.00809 -0.00208 -0.000455 1.06 0.913 0.457 -0.0674 -0.0251 -0.00733 1.71 0.889 0.283 
0 -0.00404 -0.00105 -0.00023 -0.49 -0.215 -0.0674 2.67 2.17 0.966 26.3 14.2 4.82 
0 -0.00173 -0.000448 -9.81e-05 -0.204 -0.0826 -0.0251 2.17 2.23 1.16 21.3 12.9 4.6 
0 -0.000595 -0.000155 -3.35e-05 -0.0627 -0.0245 -0.00733 0.966 1.16 0.692 9.38 6.03 2.22 
0 -0.237 -0.0615 -0.0135 5.19 4.14 1.71 26.3 21.3 9.38 291 155 51.9 
0 -0.0822 -0.0213 -0.00467 2.53 2.1 0.889 14.2 12.9 6.03 155 88.5 31.1 
0 -0.0219 -0.00567 -0.00124 0.771 0.66 0.283 4.82 4.6 2.22 51.9 31.1 11.5 
H matrix
-919 -0.232 -0.0662 -0.0162 24.2 17.1 3.82 53.1 50.4 9.03 529 284 73.8 
0.0126 -32 -9.83 -2.31 53.7 23.8 7.42 3.71 1.58 0.544 218 75.4 20.1 
0.00584 -9.82 -3.23 -0.787 13.8 6.11 1.91 0.962 0.41 0.142 56.4 19.5 5.2 
0.00183 -2.3 -0.786 -0.196 3.03 1.34 0.417 0.212 0.0898 0.0306 12.4 4.28 1.14 
-0.266 53.9 13.9 3.04 -4.02e+03 -2.55e+03 -973 449 186 57.4 -4.75e+03 -2.31e+03 -706 
0.0199 23.8 6.13 1.34 -2.55e+03 -1.91e+03 -835 198 75.6 22.5 -3.79e+03 -1.93e+03 -604 
0.0696 7.44 1.91 0.419 -973 -834 -417 61.8 22.9 6.71 -1.56e+03 -813 -259 
0.0249 3.72 0.964 0.212 449 197 61.8 -2.44e+03 -1.98e+03 -883 -2.4e+04 -1.3e+04 -4.4e+03 
-0.171 1.59 0.412 0.0902 187 75.7 23 -1.99e+03 -2.03e+03 -1.06e+03 -1.94e+04 -1.17e+04 -4.2e+03 
-0.0307 0.547 0.142 0.0308 57.6 22.5 6.71 -884 -1.05e+03 -630 -8.57e+03 -5.5e+03 -2.03e+03 
5.2 218 56.6 12.4 -4.76e+03 -3.79e+03 -1.56e+03 -2.41e+04 -1.94e+04 -8.57e+03 -2.66e+05 -1.41e+05 -4.74e+04 
3.41 75.6 19.6 4.29 -2.31e+03 -1.93e+03 -814 -1.3e+04 -1.17e+04 -5.51e+03 -1.41e+05 -8.08e+04 -2.84e+04 
1.64 20.2 5.21 1.14 -706 -604 -259 -4.41e+03 -4.2e+03 -2.03e+03 -4.74e+04 -2.84e+04 -1.05e+04 
S matrix
1 0 0 0 0 0 0 0 0 0 0 0 0 
0 0.0348 0.0107 0.00251 -0.0586 -0.0259 -0.00809 -0.00404 -0.00173 -0.000595 -0.237 -0.0822 -0.0219 
0 0.0107 0.00352 0.000857 -0.0151 -0.00667 -0.00208 -0.00105 -0.000448 -0.000155 -0.0615 -0.0213 -0.00567 
0 0.00251 0.000857 0.000214 -0.00331 -0.00146 -0.000455 -0.00023 -9.81e-05 -3.35e-05 -0.0135 -0.00467 -0.00124 
0 -0.0586 -0.0151 -0.00331 4.39 2.78 1.06 -0.49 -0.204 -0.0627 5.19 2.53 0.771 
0 -0.0259 -0.00667 -0.00146 2.78 2.09 0.913 -0.215 -0.0826 -0.0245 4.14 2.1 0.66 
0 -0.00809 -0.00208 -0.000455 1.06 0.913 0.457 -0.0674 -0.0251 -0.00733 1.71 0.889 0.283 
0 -0.00404 -0.00105 -0.00023 -0.49 -0.215 -0.0674 2.67 2.17 0.966 26.3 14.2 4.82 
0 -0.00173 -0.000448 -9.81e-05 -0.204 -0.0826 -0.0251 2.17 2.23 1.16 21.3 12.9 4.6 
0 -0.000595 -0.000155 -3.35e-05 -0.0627 -0.0245 -0.00733 0.966 1.16 0.692 9.38 6.03 2.22 
0 -0.237 -0.0615 -0.0135 5.19 4.14 1.71 26.3 21.3 9.38 291 155 51.9 
0 -0.0822 -0.0213 -0.00467 2.53 2.1 0.889 14.2 12.9 6.03 155 88.5 31.1 
0 -0.0219 -0.00567 -0.00124 0.771 0.66 0.283 4.82 4.6 2.22 51.9 31.1 11.5 
H matrix
-919 -0.232 -0.0662 -0.0162 24.2 17.1 3.82 53.1 50.4 9.03 529 284 73.8 
0.0126 -32 -9.83 -2.31 53.7 23.8 7.42 3.71 1.58 0.544 218 75.4 20.1 
0.00584 -9.82 -3.23 -0.787 13.8 6.11 1.91 0.962 0.41 0.142 56.4 19.5 5.2 
0.00183 -2.3 -0.786 -0.196 3.03 1.34 0.417 0.212 0.0898 0.0306 12.4 4.28 1.14 
-0.266 53.9 13.9 3.04 -4.02e+03 -2.55e+03 -973 449 186 57.4 -4.75e+03 -2.31e+03 -706 
0.0199 23.8 6.13 1.34 -2.55e+03 -1.91e+03 -835 198 75.6 22.5 -3.79e+03 -1.93e+03 -604 
0.0696 7.44 1.91 0.419 -973 -834 -417 61.8 22.9 6.71 -1.56e+03 -813 -259 
0.0249 3.72 0.964 0.212 449 197 61.8 -2.44e+03 -1.98e+03 -883 -2.4e+04 -1.3e+04 -4.4e+03 
-0.171 1.59 0.412 0.0902 187 75.7 23 -1.99e+03 -2.03e+03 -1.06e+03 -1.94e+04 -1.17e+04 -4.2e+03 
-0.0307 0.547 0.142 0.0308 57.6 22.5 6.71 -884 -1.05e+03 -630 -8.57e+03 -5.5e+03 -2.03e+03 
5.2 218 56.6 12.4 -4.76e+03 -3.79e+03 -1.56e+03 -2.41e+04 -1.94e+04 -8.57e+03 -2.66e+05 -1.41e+05 -4.74e+04 
3.41 75.6 19.6 4.29 -2.31e+03 -1.93e+03 -814 -1.3e+04 -1.17e+04 -5.51e+03 -1.41e+05 -8.08e+04 -2.84e+04 
1.64 20.2 5.21 1.14 -706 -604 -259 -4.41e+03 -4.2e+03 -2.03e+03 -4.74e+04 -2.84e+04 -1.05e+04 
S matrix
1 0 0 0 0 0 0 0 0 0 0 0 0 
0 0.0348 0.0107 0.00251 -0.0586 -0.0259 -0.00809 -0.00404 -0.00173 -0.000595 -0.237 -0.0822 -0.0219 
0 0.0107 0.00352 0.000857 -0.0151 -0.00667 -0.00208 -0.00105 -0.000448 -0.000155 -0.0615 -0.0213 -0.00567 
0 0.00251 0.000857 0.000214 -0.00331 -0.00146 -0.000455 -0.00023 -9.81e-05 -3.35e-05 -0.0135 -0.00467 -0.00124 
0 -0.0586 -0.0151 -0.00331 4.39 2.78 1.06 -0.49 -0.204 -0.0627 5.19 2.53 0.771 
0 -0.0259 -0.00667 -0.00146 2.78 2.09 0.913 -0.215 -0.0826 -0.0245 4.14 2.1 0.66 
0 -0.00809 -0.00208 -0.000455 1.06 0.913 0.457 -0.0674 -0.0251 -0.00733 1.71 0.889 0.283 
0 -0.00404 -0.00105 -0.00023 -0.49 -0.215 -0.0674 2.67 2.17 0.966 26.3 14.2 4.82 
0 -0.00173 -0.000448 -9.81e-05 -0.204 -0.0826 -0.0251 2.17 2.23 1.16 21.3 12.9 4.6 
0 -0.000595 -0.000155 -3.35e-05 -0.0627 -0.0245 -0.00733 0.966 1.16 0.692 9.38 6.03 2.22 
0 -0.237 -0.0615 -0.0135 5.19 4.14 1.71 26.3 21.3 9.38 291 155 51.9 
0 -0.0822 -0.0213 -0.00467 2.53 2.1 0.889 14.2 12.9 6.03 155 88.5 31.1 
0 -0.0219 -0.00567 -0.00124 0.771 0.66 0.283 4.82 4.6 2.22 51.9 31.1 11.5 
H matrix
-919 -0.232 -0.0662 -0.0162 24.2 17.1 3.82 53.1 50.4 9.03 529 284 73.8 
0.0126 -32 -9.83 -2.31 53.7 23.8 7.42 3.71 1.58 0.544 218 75.4 20.1 
0.00584 -9.82 -3.23 -0.787 13.8 6.11 1.91 0.962 0.41 0.142 56.4 19.5 5.2 
0.00183 -2.3 -0.786 -0.196 3.03 1.34 0.417 0.212 0.0898 0.0306 12.4 4.28 1.14 
-0.266 53.9 13.9 3.04 -4.02e+03 -2.55e+03 -973 449 186 57.4 -4.75e+03 -2.31e+03 -706 
0.0199 23.8 6.13 1.34 -2.55e+03 -1.91e+03 -835 198 75.6 22.5 -3.79e+03 -1.93e+03 -604 
0.0696 7.44 1.91 0.419 -973 -834 -417 61.8 22.9 6.71 -1.56e+03 -813 -259 
0.0249 3.72 0.964 0.212 449 197 61.8 -2.44e+03 -1.98e+03 -883 -2.4e+04 -1.3e+04 -4.4e+03 
-0.171 1.59 0.412 0.0902 187 75.7 23 -1.99e+03 -2.03e+03 -1.06e+03 -1.94e+04 -1.17e+04 -4.2e+03 
-0.0307 0.547 0.142 0.0308 57.6 22.5 6.71 -884 -1.05e+03 -630 -8.57e+03 -5.5e+03 -2.03e+03 
5.2 218 56.6 12.4 -4.76e+03 -3.79e+03 -1.56e+03 -2.41e+04 -1.94e+04 -8.57e+03 -2.66e+05 -1.41e+05 -4.74e+04 
3.41 75.6 19.6 4.29 -2.31e+03 -1.93e+03 -814 -1.3e+04 -1.17e+04 -5.51e+03 -1.41e+05 -8.08e+04 -2.84e+04 
1.64 20.2 5.21 1.14 -706 -604 -259 -4.41e+03 -4.2e+03 -2.03e+03 -4.74e+04 -2.84e+04 -1.05e+04 
S matrix
1 0 0 0 0 0 0 0 0 0 0 0 0 
0 0.0348 0.0107 0.00251 -0.0586 -0.0259 -0.00809 -0.00404 -0.00173 -0.000595 -0.237 -0.0822 -0.0219 
0 0.0107 0.00352 0.000857 -0.0151 -0.00667 -0.00208 -0.00105 -0.000448 -0.000155 -0.0615 -0.0213 -0.00567 
0 0.00251 0.000857 0.000214 -0.00331 -0.00146 -0.000455 -0.00023 -9.81e-05 -3.35e-05 -0.0135 -0.00467 -0.00124 
0 -0.0586 -0.0151 -0.00331 4.39 2.78 1.06 -0.49 -0.204 -0.0627 5.19 2.53 0.771 
0 -0.0259 -0.00667 -0.00146 2.78 2.09 0.913 -0.215 -0.0826 -0.0245 4.14 2.1 0.66 
0 -0.00809 -0.00208 -0.000455 1.06 0.913 0.457 -0.0674 -0.0251 -0.00733 1.71 0.889 0.283 
0 -0.00404 -0.00105 -0.00023 -0.49 -0.215 -0.0674 2.67 2.17 0.966 26.3 14.2 4.82 
0 -0.00173 -0.000448 -9.81e-05 -0.204 -0.0826 -0.0251 2.17 2.23 1.16 21.3 12.9 4.6 
0 -0.000595 -0.000155 -3.35e-05 -0.0627 -0.0245 -0.00733 0.966 1.16 0.692 9.38 6.03 2.22 
0 -0.237 -0.0615 -0.0135 5.19 4.14 1.71 26.3 21.3 9.38 291 155 51.9 
0 -0.0822 -0.0213 -0.00467 2.53 2.1 0.889 14.2 12.9 6.03 155 88.5 31.1 
0 -0.0219 -0.00567 -0.00124 0.771 0.66 0.283 4.82 4.6 2.22 51.9 31.1 11.5 
H matrix
-919 -0.232 -0.0662 -0.0162 24.2 17.1 3.82 53.1 50.4 9.03 529 284 73.8 
0.0126 -32 -9.83 -2.31 53.7 23.8 7.42 3.71 1.58 0.544 218 75.4 20.1 
0.00584 -9.82 -3.23 -0.787 13.8 6.11 1.91 0.962 0.41 0.142 56.4 19.5 5.2 
0.00183 -2.3 -0.786 -0.196 3.03 1.34 0.417 0.212 0.0898 0.0306 12.4 4.28 1.14 
-0.266 53.9 13.9 3.04 -4.02e+03 -2.55e+03 -973 449 186 57.4 -4.75e+03 -2.31e+03 -706 
0.0199 23.8 6.13 1.34 -2.55e+03 -1.91e+03 -835 198 75.6 22.5 -3.79e+03 -1.93e+03 -604 
0.0696 7.44 1.91 0.419 -973 -834 -417 61.8 22.9 6.71 -1.56e+03 -813 -259 
0.0249 3.72 0.964 0.212 449 197 61.8 -2.44e+03 -1.98e+03 -883 -2.4e+04 -1.3e+04 -4.4e+03 
-0.171 1.59 0.412 0.0902 187 75.7 23 -1.99e+03 -2.03e+03 -1.06e+03 -1.94e+04 -1.17e+04 -4.2e+03 
-0.0307 0.547 0.142 0.0308 57.6 22.5 6.71 -884 -1.05e+03 -630 -8.57e+03 -5.5e+03 -2.03e+03 
5.2 218 56.6 12.4 -4.76e+03 -3.79e+03 -1.56e+03 -2.41e+04 -1.94e+04 -8.57e+03 -2.66e+05 -1.41e+05 -4.74e+04 
3.41 75.6 19.6 4.29 -2.31e+03 -1.93e+03 -814 -1.3e+04 -1.17e+04 -5.51e+03 -1.41e+05 -8.08e+04 -2.84e+04 
1.64 20.2 5.21 1.14 -706 -604 -259 -4.41e+03 -4.2e+03 -2.03e+03 -4.74e+04 -2.84e+04 -1.05e+04 
S matrix
1 0 0 0 0 0 0 0 0 0 0 0 0 
0 0.0348 0.0107 0.00251 -0.0586 -0.0259 -0.00809 -0.00404 -0.00173 -0.000595 -0.237 -0.0822 -0.0219 
0 0.0107 0.00352 0.000857 -0.0151 -0.00667 -0.00208 -0.00105 -0.000448 -0.000155 -0.0615 -0.0213 -0.00567 
0 0.00251 0.000857 0.000214 -0.00331 -0.00146 -0.000455 -0.00023 -9.81e-05 -3.35e-05 -0.0135 -0.00467 -0.00124 
0 -0.0586 -0.0151 -0.00331 4.39 2.78 1.06 -0.49 -0.204 -0.0627 5.19 2.53 0.771 
0 -0.0259 -0.00667 -0.00146 2.78 2.09 0.913 -0.215 -0.0826 -0.0245 4.14 2.1 0.66 
0 -0.00809 -0.00208 -0.000455 1.06 0.913 0.457 -0.0674 -0.0251 -0.00733 1.71 0.889 0.283 
0 -0.00404 -0.00105 -0.00023 -0.49 -0.215 -0.0674 2.67 2.17 0.966 26.3 14.2 4.82 
0 -0.00173 -0.000448 -9.81e-05 -0.204 -0.0826 -0.0251 2.17 2.23 1.16 21.3 12.9 4.6 
0 -0.000595 -0.000155 -3.35e-05 -0.0627 -0.0245 -0.00733 0.966 1.16 0.692 9.38 6.03 2.22 
0 -0.237 -0.0615 -0.0135 5.19 4.14 1.71 26.3 21.3 9.38 291 155 51.9 
0 -0.0822 -0.0213 -0.00467 2.53 2.1 0.889 14.2 12.9 6.03 155 88.5 31.1 
0 -0.0219 -0.00567 -0.00124 0.771 0.66 0.283 4.82 4.6 2.22 51.9 31.1 11.5 
H matrix
-919 -0.232 -0.0662 -0.0162 24.2 17.1 3.82 53.1 50.4 9.03 529 284 73.8 
0.0126 -32 -9.83 -2.31 53.7 23.8 7.42 3.71 1.58 0.544 218 75.4 20.1 
0.00584 -9.82 -3.23 -0.787 13.8 6.11 1.91 0.962 0.41 0.142 56.4 19.5 5.2 
0.00183 -2.3 -0.786 -0.196 3.03 1.34 0.417 0.212 0.0898 0.0306 12.4 4.28 1.14 
-0.266 53.9 13.9 3.04 -4.02e+03 -2.55e+03 -973 449 186 57.4 -4.75e+03 -2.31e+03 -706 
0.0199 23.8 6.13 1.34 -2.55e+03 -1.91e+03 -835 198 75.6 22.5 -3.79e+03 -1.93e+03 -604 
0.0696 7.44 1.91 0.419 -973 -834 -417 61.8 22.9 6.71 -1.56e+03 -813 -259 
0.0249 3.72 0.964 0.212 449 197 61.8 -2.44e+03 -1.98e+03 -883 -2.4e+04 -1.3e+04 -4.4e+03 
-0.171 1.59 0.412 0.0902 187 75.7 23 -1.99e+03 -2.03e+03 -1.06e+03 -1.94e+04 -1.17e+04 -4.2e+03 
-0.0307 0.547 0.142 0.0308 57.6 22.5 6.71 -884 -1.05e+03 -630 -8.57e+03 -5.5e+03 -2.03e+03 
5.2 218 56.6 12.4 -4.76e+03 -3.79e+03 -1.56e+03 -2.41e+04 -1.94e+04 -8.57e+03 -2.66e+05 -1.41e+05 -4.74e+04 
3.41 75.6 19.6 4.29 -2.31e+03 -1.93e+03 -814 -1.3e+04 -1.17e+04 -5.51e+03 -1.41e+05 -8.08e+04 -2.84e+04 
1.64 20.2 5.21 1.14 -706 -604 -259 -4.41e+03 -4.2e+03 -2.03e+03 -4.74e+04 -2.84e+04 -1.05e+04 
S matrix
1 0 0 0 0 0 0 0 0 0 0 0 0 
0 0.0348 0.0107 0.00251 -0.0586 -0.0259 -0.00809 -0.00404 -0.00173 -0.000595 -0.237 -0.0822 -0.0219 
0 0.0107 0.00352 0.000857 -0.0151 -0.00667 -0.00208 -0.00105 -0.000448 -0.000155 -0.0615 -0.0213 -0.00567 
0 0.00251 0.000857 0.000214 -0.00331 -0.00146 -0.000455 -0.00023 -9.81e-05 -3.35e-05 -0.0135 -0.00467 -0.00124 
0 -0.0586 -0.0151 -0.00331 4.39 2.78 1.06 -0.49 -0.204 -0.0627 5.19 2.53 0.771 
0 -0.0259 -0.00667 -0.00146 2.78 2.09 0.913 -0.215 -0.0826 -0.0245 4.14 2.1 0.66 
0 -0.00809 -0.00208 -0.000455 1.06 0.913 0.457 -0.0674 -0.0251 -0.00733 1.71 0.889 0.283 
0 -0.00404 -0.00105 -0.00023 -0.49 -0.215 -0.0674 2.67 2.17 0.966 26.3 14.2 4.82 
0 -0.00173 -0.000448 -9.81e-05 -0.204 -0.0826 -0.0251 2.17 2.23 1.16 21.3 12.9 4.6 
0 -0.000595 -0.000155 -3.35e-05 -0.0627 -0.0245 -0.00733 0.966 1.16 0.692 9.38 6.03 2.22 
0 -0.237 -0.0615 -0.0135 5.19 4.14 1.71 26.3 21.3 9.38 291 155 51.9 
0 -0.0822 -0.0213 -0.00467 2.53 2.1 0.889 14.2 12.9 6.03 155 88.5 31.1 
0 -0.0219 -0.00567 -0.00124 0.771 0.66 0.283 4.82 4.6 2.22 51.9 31.1 11.5 
H matrix
-919 -0.232 -0.0662 -0.0162 24.2 17.1 3.82 53.1 50.4 9.03 529 284 73.8 
0.0126 -32 -9.83 -2.31 53.7 23.8 7.42 3.71 1.58 0.544 218 75.4 20.1 
0.00584 -9.82 -3.23 -0.787 13.8 6.11 1.91 0.962 0.41 0.142 56.4 19.5 5.2 
0.00183 -2.3 -0.786 -0.196 3.03 1.34 0.417 0.212 0.0898 0.0306 12.4 4.28 1.14 
-0.266 53.9 13.9 3.04 -4.02e+03 -2.55e+03 -973 449 186 57.4 -4.75e+03 -2.31e+03 -706 
0.0199 23.8 6.13 1.34 -2.55e+03 -1.91e+03 -835 198 75.6 22.5 -3.79e+03 -1.93e+03 -604 
0.0696 7.44 1.91 0.419 -973 -834 -417 61.8 22.9 6.71 -1.56e+03 -813 -259 
0.0249 3.72 0.964 0.212 449 197 61.8 -2.44e+03 -1.98e+03 -883 -2.4e+04 -1.3e+04 -4.4e+03 
-0.171 1.59 0.412 0.0902 187 75.7 23 -1.99e+03 -2.03e+03 -1.06e+03 -1.94e+04 -1.17e+04 -4.2e+03 
-0.0307 0.547 0.142 0.0308 57.6 22.5 6.71 -884 -1.05e+03 -630 -8.57e+03 -5.5e+03 -2.03e+03 
5.2 218 56.6 12.4 -4.76e+03 -3.79e+03 -1.56e+03 -2.41e+04 -1.94e+04 -8.57e+03 -2.66e+05 -1.41e+05 -4.74e+04 
3.41 75.6 19.6 4.29 -2.31e+03 -1.93e+03 -814 -1.3e+04 -1.17e+04 -5.51e+03 -1.41e+05 -8.08e+04 -2.84e+04 
1.64 20.2 5.21 1.14 -706 -604 -259 -4.41e+03 -4.2e+03 -2.03e+03 -4.74e+04 -2.84e+04 -1.05e+04 
S matrix
1 0 0 0 0 0 0 0 0 0 0 0 0 
0 0.0348 0.0107 0.00251 -0.0586 -0.0259 -0.00809 -0.00404 -0.00173 -0.000595 -0.237 -0.0822 -0.0219 
0 0.0107 0.00352 0.000857 -0.0151 -0.00667 -0.00208 -0.00105 -0.000448 -0.000155 -0.0615 -0.0213 -0.00567 
0 0.00251 0.000857 0.000214 -0.00331 -0.00146 -0.000455 -0.00023 -9.81e-05 -3.35e-05 -0.0135 -0.00467 -0.00124 
0 -0.0586 -0.0151 -0.00331 4.39 2.78 1.06 -0.49 -0.204 -0.0627 5.19 2.53 0.771 
0 -0.0259 -0.00667 -0.00146 2.78 2.09 0.913 -0.215 -0.0826 -0.0245 4.14 2.1 0.66 
0 -0.00809 -0.00208 -0.000455 1.06 0.913 0.457 -0.0674 -0.0251 -0.00733 1.71 0.889 0.283 
0 -0.00404 -0.00105 -0.00023 -0.49 -0.215 -0.0674 2.67 2.17 0.966 26.3 14.2 4.82 
0 -0.00173 -0.000448 -9.81e-05 -0.204 -0.0826 -0.0251 2.17 2.23 1.16 21.3 12.9 4.6 
0 -0.000595 -0.000155 -3.35e-05 -0.0627 -0.0245 -0.00733 0.966 1.16 0.692 9.38 6.03 2.22 
0 -0.237 -0.0615 -0.0135 5.19 4.14 1.71 26.3 21.3 9.38 291 155 51.9 
0 -0.0822 -0.0213 -0.00467 2.53 2.1 0.889 14.2 12.9 6.03 155 88.5 31.1 
0 -0.0219 -0.00567 -0.00124 0.771 0.66 0.283 4.82 4.6 2.22 51.9 31.1 11.5 
H matrix
-919 -0.232 -0.0662 -0.0162 24.2 17.1 3.82 53.1 50.4 9.03 529 284 73.8 
0.0126 -32 -9.83 -2.31 53.7 23.8 7.42 3.71 1.58 0.544 218 75.4 20.1 
0.00584 -9.82 -3.23 -0.787 13.8 6.11 1.91 0.962 0.41 0.142 56.4 19.5 5.2 
0.00183 -2.3 -0.786 -0.196 3.03 1.34 0.417 0.212 0.0898 0.0306 12.4 4.28 1.14 
-0.266 53.9 13.9 3.04 -4.02e+03 -2.55e+03 -973 449 186 57.4 -4.75e+03 -2.31e+03 -706 
0.0199 23.8 6.13 1.34 -2.55e+03 -1.91e+03 -835 198 75.6 22.5 -3.79e+03 -1.93e+03 -604 
0.0696 7.44 1.91 0.419 -973 -834 -417 61.8 22.9 6.71 -1.56e+03 -813 -259 
0.0249 3.72 0.964 0.212 449 197 61.8 -2.44e+03 -1.98e+03 -883 -2.4e+04 -1.3e+04 -4.4e+03 
-0.171 1.59 0.412 0.0902 187 75.7 23 -1.99e+03 -2.03e+03 -1.06e+03 -1.94e+04 -1.17e+04 -4.2e+03 
-0.0307 0.547 0.142 0.0308 57.6 22.5 6.71 -884 -1.05e+03 -630 -8.57e+03 -5.5e+03 -2.03e+03 
5.2 218 56.6 12.4 -4.76e+03 -3.79e+03 -1.56e+03 -2.41e+04 -1.94e+04 -8.57e+03 -2.66e+05 -1.41e+05 -4.74e+04 
3.41 75.6 19.6 4.29 -2.31e+03 -1.93e+03 -814 -1.3e+04 -1.17e+04 -5.51e+03 -1.41e+05 -8.08e+04 -2.84e+04 
1.64 20.2 5.21 1.14 -706 -604 -259 -4.41e+03 -4.2e+03 -2.03e+03 -4.74e+04 -2.84e+04 -1.05e+04 
S matrix
1 0 0 0 0 0 0 0 0 0 0 0 0 
0 0.0348 0.0107 0.00251 -0.0586 -0.0259 -0.00809 -0.00404 -0.00173 -0.000595 -0.237 -0.0822 -0.0219 
0 0.0107 0.00352 0.000857 -0.0151 -0.00667 -0.00208 -0.00105 -0.000448 -0.000155 -0.0615 -0.0213 -0.00567 
0 0.00251 0.000857 0.000214 -0.00331 -0.00146 -0.000455 -0.00023 -9.81e-05 -3.35e-05 -0.0135 -0.00467 -0.00124 
0 -0.0586 -0.0151 -0.00331 4.39 2.78 1.06 -0.49 -0.204 -0.0627 5.19 2.53 0.771 
0 -0.0259 -0.00667 -0.00146 2.78 2.09 0.913 -0.215 -0.0826 -0.0245 4.14 2.1 0.66 
0 -0.00809 -0.00208 -0.000455 1.06 0.913 0.457 -0.0674 -0.0251 -0.00733 1.71 0.889 0.283 
0 -0.00404 -0.00105 -0.00023 -0.49 -0.215 -0.0674 2.67 2.17 0.966 26.3 14.2 4.82 
0 -0.00173 -0.000448 -9.81e-05 -0.204 -0.0826 -0.0251 2.17 2.23 1.16 21.3 12.9 4.6 
0 -0.000595 -0.000155 -3.35e-05 -0.0627 -0.0245 -0.00733 0.966 1.16 0.692 9.38 6.03 2.22 
0 -0.237 -0.0615 -0.0135 5.19 4.14 1.71 26.3 21.3 9.38 291 155 51.9 
0 -0.0822 -0.0213 -0.00467 2.53 2.1 0.889 14.2 12.9 6.03 155 88.5 31.1 
0 -0.0219 -0.00567 -0.00124 0.771 0.66 0.283 4.82 4.6 2.22 51.9 31.1 11.5 
H matrix
-919 -0.232 -0.0662 -0.0162 24.2 17.1 3.82 53.1 50.4 9.03 529 284 73.8 
0.0126 -32 -9.83 -2.31 53.7 23.8 7.42 3.71 1.58 0.544 218 75.4 20.1 
0.00584 -9.82 -3.23 -0.787 13.8 6.11 1.91 0.962 0.41 0.142 56.4 19.5 5.2 
0.00183 -2.3 -0.786 -0.196 3.03 1.34 0.417 0.212 0.0898 0.0306 12.4 4.28 1.14 
-0.266 53.9 13.9 3.04 -4.02e+03 -2.55e+03 -973 449 186 57.4 -4.75e+03 -2.31e+03 -706 
0.0199 23.8 6.13 1.34 -2.55e+03 -1.91e+03 -835 198 75.6 22.5 -3.79e+03 -1.93e+03 -604 
0.0696 7.44 1.91 0.419 -973 -834 -417 61.8 22.9 6.71 -1.56e+03 -813 -259 
0.0249 3.72 0.964 0.212 449 197 61.8 -2.44e+03 -1.98e+03 -883 -2.4e+04 -1.3e+04 -4.4e+03 
-0.171 1.59 0.412 0.0902 187 75.7 23 -1.99e+03 -2.03e+03 -1.06e+03 -1.94e+04 -1.17e+04 -4.2e+03 
-0.0307 0.547 0.142 0.0308 57.6 22.5 6.71 -884 -1.05e+03 -630 -8.57e+03 -5.5e+03 -2.03e+03 
5.2 218 56.6 12.4 -4.76e+03 -3.79e+03 -1.56e+03 -2.41e+04 -1.94e+04 -8.57e+03 -2.66e+05 -1.41e+05 -4.74e+04 
3.41 75.6 19.6 4.29 -2.31e+03 -1.93e+03 -814 -1.3e+04 -1.17e+04 -5.51e+03 -1.41e+05 -8.08e+04 -2.84e+04 
1.64 20.2 5.21 1.14 -706 -604 -259 -4.41e+03 -4.2e+03 -2.03e+03 -4.74e+04 -2.84e+04 -1.05e+04 
S matrix
1 0 0 0 0 0 0 0 0 0 0 0 0 
0 0.0348 0.0107 0.00251 -0.0586 -0.0259 -0.00809 -0.00404 -0.00173 -0.000595 -0.237 -0.0822 -0.0219 
0 0.0107 0.00352 0.000857 -0.0151 -0.00667 -0.00208 -0.00105 -0.000448 -0.000155 -0.0615 -0.0213 -0.00567 
0 0.00251 0.000857 0.000214 -0.00331 -0.00146 -0.000455 -0.00023 -9.81e-05 -3.35e-05 -0.0135 -0.00467 -0.00124 
0 -0.0586 -0.0151 -0.00331 4.39 2.78 1.06 -0.49 -0.204 -0.0627 5.19 2.53 0.771 
0 -0.0259 -0.00667 -0.00146 2.78 2.09 0.913 -0.215 -0.0826 -0.0245 4.14 2.1 0.66 
0 -0.00809 -0.00208 -0.000455 1.06 0.913 0.457 -0.0674 -0.0251 -0.00733 1.71 0.889 0.283 
0 -0.00404 -0.00105 -0.00023 -0.49 -0.215 -0.0674 2.67 2.17 0.966 26.3 14.2 4.82 
0 -0.00173 -0.000448 -9.81e-05 -0.204 -0.0826 -0.0251 2.17 2.23 1.16 21.3 12.9 4.6 
0 -0.000595 -0.000155 -3.35e-05 -0.0627 -0.0245 -0.00733 0.966 1.16 0.692 9.38 6.03 2.22 
0 -0.237 -0.0615 -0.0135 5.19 4.14 1.71 26.3 21.3 9.38 291 155 51.9 
0 -0.0822 -0.0213 -0.00467 2.53 2.1 0.889 14.2 12.9 6.03 155 88.5 31.1 
0 -0.0219 -0.00567 -0.00124 0.771 0.66 0.283 4.82 4.6 2.22 51.9 31.1 11.5 
H matrix
-919 -0.232 -0.0662 -0.0162 24.2 17.1 3.82 53.1 50.4 9.03 529 284 73.8 
0.0126 -32 -9.83 -2.31 53.7 23.8 7.42 3.71 1.58 0.544 218 75.4 20.1 
0.00584 -9.82 -3.23 -0.787 13.8 6.11 1.91 0.962 0.41 0.142 56.4 19.5 5.2 
0.00183 -2.3 -0.786 -0.196 3.03 1.34 0.417 0.212 0.0898 0.0306 12.4 4.28 1.14 
-0.266 53.9 13.9 3.04 -4.02e+03 -2.55e+03 -973 449 186 57.4 -4.75e+03 -2.31e+03 -706 
0.0199 23.8 6.13 1.34 -2.55e+03 -1.91e+03 -835 198 75.6 22.5 -3.79e+03 -1.93e+03 -604 
0.0696 7.44 1.91 0.419 -973 -834 -417 61.8 22.9 6.71 -1.56e+03 -813 -259 
0.0249 3.72 0.964 0.212 449 197 61.8 -2.44e+03 -1.98e+03 -883 -2.4e+04 -1.3e+04 -4.4e+03 
-0.171 1.59 0.412 0.0902 187 75.7 23 -1.99e+03 -2.03e+03 -1.06e+03 -1.94e+04 -1.17e+04 -4.2e+03 
-0.0307 0.547 0.142 0.0308 57.6 22.5 6.71 -884 -1.05e+03 -630 -8.57e+03 -5.5e+03 -2.03e+03 
5.2 218 56.6 12.4 -4.76e+03 -3.79e+03 -1.56e+03 -2.41e+04 -1.94e+04 -8.57e+03 -2.66e+05 -1.41e+05 -4.74e+04 
3.41 75.6 19.6 4.29 -2.31e+03 -1.93e+03 -814 -1.3e+04 -1.17e+04 -5.51e+03 -1.41e+05 -8.08e+04 -2.84e+04 
1.64 20.2 5.21 1.14 -706 -604 -259 -4.41e+03 -4.2e+03 -2.03e+03 -4.74e+04 -2.84e+04 -1.05e+04 
S matrix
1 0 0 0 0 0 0 0 0 0 0 0 0 
0 0.0348 0.0107 0.00251 -0.0586 -0.0259 -0.00809 -0.00404 -0.00173 -0.000595 -0.237 -0.0822 -0.0219 
0 0.0107 0.00352 0.000857 -0.0151 -0.00667 -0.00208 -0.00105 -0.000448 -0.000155 -0.0615 -0.0213 -0.00567 
0 0.00251 0.000857 0.000214 -0.00331 -0.00146 -0.000455 -0.00023 -9.81e-05 -3.35e-05 -0.0135 -0.00467 -0.00124 
0 -0.0586 -0.0151 -0.00331 4.39 2.78 1.06 -0.49 -0.204 -0.0627 5.19 2.53 0.771 
0 -0.0259 -0.00667 -0.00146 2.78 2.09 0.913 -0.215 -0.0826 -0.0245 4.14 2.1 0.66 
0 -0.00809 -0.00208 -0.000455 1.06 0.913 0.457 -0.0674 -0.0251 -0.00733 1.71 0.889 0.283 
0 -0.00404 -0.00105 -0.00023 -0.49 -0.215 -0.0674 2.67 2.17 0.966 26.3 14.2 4.82 
0 -0.00173 -0.000448 -9.81e-05 -0.204 -0.0826 -0.0251 2.17 2.23 1.16 21.3 12.9 4.6 
0 -0.000595 -0.000155 -3.35e-05 -0.0627 -0.0245 -0.00733 0.966 1.16 0.692 9.38 6.03 2.22 
0 -0.237 -0.0615 -0.0135 5.19 4.14 1.71 26.3 21.3 9.38 291 155 51.9 
0 -0.0822 -0.0213 -0.00467 2.53 2.1 0.889 14.2 12.9 6.03 155 88.5 31.1 
0 -0.0219 -0.00567 -0.00124 0.771 0.66 0.283 4.82 4.6 2.22 51.9 31.1 11.5 
H matrix
-919 -0.232 -0.0662 -0.0162 24.2 17.1 3.82 53.1 50.4 9.03 529 284 73.8 
0.0126 -32 -9.83 -2.31 53.7 23.8 7.42 3.71 1.58 0.544 218 75.4 20.1 
0.00584 -9.82 -3.23 -0.787 13.8 6.11 1.91 0.962 0.41 0.142 56.4 19.5 5.2 
0.00183 -2.3 -0.786 -0.196 3.03 1.34 0.417 0.212 0.0898 0.0306 12.4 4.28 1.14 
-0.266 53.9 13.9 3.04 -4.02e+03 -2.55e+03 -973 449 186 57.4 -4.75e+03 -2.31e+03 -706 
0.0199 23.8 6.13 1.34 -2.55e+03 -1.91e+03 -835 198 75.6 22.5 -3.79e+03 -1.93e+03 -604 
0.0696 7.44 1.91 0.419 -973 -834 -417 61.8 22.9 6.71 -1.56e+03 -813 -259 
0.0249 3.72 0.964 0.212 449 197 61.8 -2.44e+03 -1.98e+03 -883 -2.4e+04 -1.3e+04 -4.4e+03 
-0.171 1.59 0.412 0.0902 187 75.7 23 -1.99e+03 -2.03e+03 -1.06e+03 -1.94e+04 -1.17e+04 -4.2e+03 
-0.0307 0.547 0.142 0.0308 57.6 22.5 6.71 -884 -1.05e+03 -630 -8.57e+03 -5.5e+03 -2.03e+03 
5.2 218 56.6 12.4 -4.76e+03 -3.79e+03 -1.56e+03 -2.41e+04 -1.94e+04 -8.57e+03 -2.66e+05 -1.41e+05 -4.74e+04 
3.41 75.6 19.6 4.29 -2.31e+03 -1.93e+03 -814 -1.3e+04 -1.17e+04 -5.51e+03 -1.41e+05 -8.08e+04 -2.84e+04 
1.64 20.2 5.21 1.14 -706 -604 -259 -4.41e+03 -4.2e+03 -2.03e+03 -4.74e+04 -2.84e+04 -1.05e+04 
S matrix
1 0 0 0 0 0 0 0 0 0 0 0 0 
0 0.0348 0.0107 0.00251 -0.0586 -0.0259 -0.00809 -0.00404 -0.00173 -0.000595 -0.237 -0.0822 -0.0219 
0 0.0107 0.00352 0.000857 -0.0151 -0.00667 -0.00208 -0.00105 -0.000448 -0.000155 -0.0615 -0.0213 -0.00567 
0 0.00251 0.000857 0.000214 -0.00331 -0.00146 -0.000455 -0.00023 -9.81e-05 -3.35e-05 -0.0135 -0.00467 -0.00124 
0 -0.0586 -0.0151 -0.00331 4.39 2.78 1.06 -0.49 -0.204 -0.0627 5.19 2.53 0.771 
0 -0.0259 -0.00667 -0.00146 2.78 2.09 0.913 -0.215 -0.0826 -0.0245 4.14 2.1 0.66 
0 -0.00809 -0.00208 -0.000455 1.06 0.913 0.457 -0.0674 -0.0251 -0.00733 1.71 0.889 0.283 
0 -0.00404 -0.00105 -0.00023 -0.49 -0.215 -0.0674 2.67 2.17 0.966 26.3 14.2 4.82 
0 -0.00173 -0.000448 -9.81e-05 -0.204 -0.0826 -0.0251 2.17 2.23 1.16 21.3 12.9 4.6 
0 -0.000595 -0.000155 -3.35e-05 -0.0627 -0.0245 -0.00733 0.966 1.16 0.692 9.38 6.03 2.22 
0 -0.237 -0.0615 -0.0135 5.19 4.14 1.71 26.3 21.3 9.38 291 155 51.9 
0 -0.0822 -0.0213 -0.00467 2.53 2.1 0.889 14.2 12.9 6.03 155 88.5 31.1 
0 -0.0219 -0.00567 -0.00124 0.771 0.66 0.283 4.82 4.6 2.22 51.9 31.1 11.5 
H matrix
-919 -0.232 -0.0662 -0.0162 24.2 17.1 3.82 53.1 50.4 9.03 529 284 73.8 
0.0126 -32 -9.83 -2.31 53.7 23.8 7.42 3.71 1.58 0.544 218 75.4 20.1 
0.00584 -9.82 -3.23 -0.787 13.8 6.11 1.91 0.962 0.41 0.142 56.4 19.5 5.2 
0.00183 -2.3 -0.786 -0.196 3.03 1.34 0.417 0.212 0.0898 0.0306 12.4 4.28 1.14 
-0.266 53.9 13.9 3.04 -4.02e+03 -2.55e+03 -973 449 186 57.4 -4.75e+03 -2.31e+03 -706 
0.0199 23.8 6.13 1.34 -2.55e+03 -1.91e+03 -835 198 75.6 22.5 -3.79e+03 -1.93e+03 -604 
0.0696 7.44 1.91 0.419 -973 -834 -417 61.8 22.9 6.71 -1.56e+03 -813 -259 
0.0249 3.72 0.964 0.212 449 197 61.8 -2.44e+03 -1.98e+03 -883 -2.4e+04 -1.3e+04 -4.4e+03 
-0.171 1.59 0.412 0.0902 187 75.7 23 -1.99e+03 -2.03e+03 -1.06e+03 -1.94e+04 -1.17e+04 -4.2e+03 
-0.0307 0.547 0.142 0.0308 57.6 22.5 6.71 -884 -1.05e+03 -630 -8.57e+03 -5.5e+03 -2.03e+03 
5.2 218 56.6 12.4 -4.76e+03 -3.79e+03 -1.56e+03 -2.41e+04 -1.94e+04 -8.57e+03 -2.66e+05 -1.41e+05 -4.74e+04 
3.41 75.6 19.6 4.29 -2.31e+03 -1.93e+03 -814 -1.3e+04 -1.17e+04 -5.51e+03 -1.41e+05 -8.08e+04 -2.84e+04 
1.64 20.2 5.21 1.14 -706 -604 -259 -4.41e+03 -4.2e+03 -2.03e+03 -4.74e+04 -2.84e+04 -1.05e+04 
S matrix
1 0 0 0 0 0 0 0 0 0 0 0 0 
0 0.0348 0.0107 0.00251 -0.0586 -0.0259 -0.00809 -0.00404 -0.00173 -0.000595 -0.237 -0.0822 -0.0219 
0 0.0107 0.00352 0.000857 -0.0151 -0.00667 -0.00208 -0.00105 -0.000448 -0.000155 -0.0615 -0.0213 -0.00567 
0 0.00251 0.000857 0.000214 -0.00331 -0.00146 -0.000455 -0.00023 -9.81e-05 -3.35e-05 -0.0135 -0.00467 -0.00124 
0 -0.0586 -0.0151 -0.00331 4.39 2.78 1.06 -0.49 -0.204 -0.0627 5.19 2.53 0.771 
0 -0.0259 -0.00667 -0.00146 2.78 2.09 0.913 -0.215 -0.0826 -0.0245 4.14 2.1 0.66 
0 -0.00809 -0.00208 -0.000455 1.06 0.913 0.457 -0.0674 -0.0251 -0.00733 1.71 0.889 0.283 
0 -0.00404 -0.00105 -0.00023 -0.49 -0.215 -0.0674 2.67 2.17 0.966 26.3 14.2 4.82 
0 -0.00173 -0.000448 -9.81e-05 -0.204 -0.0826 -0.0251 2.17 2.23 1.16 21.3 12.9 4.6 
0 -0.000595 -0.000155 -3.35e-05 -0.0627 -0.0245 -0.00733 0.966 1.16 0.692 9.38 6.03 2.22 
0 -0.237 -0.0615 -0.0135 5.19 4.14 1.71 26.3 21.3 9.38 291 155 51.9 
0 -0.0822 -0.0213 -0.00467 2.53 2.1 0.889 14.2 12.9 6.03 155 88.5 31.1 
0 -0.0219 -0.00567 -0.00124 0.771 0.66 0.283 4.82 4.6 2.22 51.9 31.1 11.5 
H matrix
-919 -0.232 -0.0662 -0.0162 24.2 17.1 3.82 53.1 50.4 9.03 529 284 73.8 
0.0126 -32 -9.83 -2.31 53.7 23.8 7.42 3.71 1.58 0.544 218 75.4 20.1 
0.00584 -9.82 -3.23 -0.787 13.8 6.11 1.91 0.962 0.41 0.142 56.4 19.5 5.2 
0.00183 -2.3 -0.786 -0.196 3.03 1.34 0.417 0.212 0.0898 0.0306 12.4 4.28 1.14 
-0.266 53.9 13.9 3.04 -4.02e+03 -2.55e+03 -973 449 186 57.4 -4.75e+03 -2.31e+03 -706 
0.0199 23.8 6.13 1.34 -2.55e+03 -1.91e+03 -835 198 75.6 22.5 -3.79e+03 -1.93e+03 -604 
0.0696 7.44 1.91 0.419 -973 -834 -417 61.8 22.9 6.71 -1.56e+03 -813 -259 
0.0249 3.72 0.964 0.212 449 197 61.8 -2.44e+03 -1.98e+03 -883 -2.4e+04 -1.3e+04 -4.4e+03 
-0.171 1.59 0.412 0.0902 187 75.7 23 -1.99e+03 -2.03e+03 -1.06e+03 -1.94e+04 -1.17e+04 -4.2e+03 
-0.0307 0.547 0.142 0.0308 57.6 22.5 6.71 -884 -1.05e+03 -630 -8.57e+03 -5.5e+03 -2.03e+03 
5.2 218 56.6 12.4 -4.76e+03 -3.79e+03 -1.56e+03 -2.41e+04 -1.94e+04 -8.57e+03 -2.66e+05 -1.41e+05 -4.74e+04 
3.41 75.6 19.6 4.29 -2.31e+03 -1.93e+03 -814 -1.3e+04 -1.17e+04 -5.51e+03 -1.41e+05 -8.08e+04 -2.84e+04 
1.64 20.2 5.21 1.14 -706 -604 -259 -4.41e+03 -4.2e+03 -2.03e+03 -4.74e+04 -2.84e+04 -1.05e+04 
S matrix
1 0 0 0 0 0 0 0 0 0 0 0 0 
0 0.0348 0.0107 0.00251 -0.0586 -0.0259 -0.00809 -0.00404 -0.00173 -0.000595 -0.237 -0.0822 -0.0219 
0 0.0107 0.00352 0.000857 -0.0151 -0.00667 -0.00208 -0.00105 -0.000448 -0.000155 -0.0615 -0.0213 -0.00567 
0 0.00251 0.000857 0.000214 -0.00331 -0.00146 -0.000455 -0.00023 -9.81e-05 -3.35e-05 -0.0135 -0.00467 -0.00124 
0 -0.0586 -0.0151 -0.00331 4.39 2.78 1.06 -0.49 -0.204 -0.0627 5.19 2.53 0.771 
0 -0.0259 -0.00667 -0.00146 2.78 2.09 0.913 -0.215 -0.0826 -0.0245 4.14 2.1 0.66 
0 -0.00809 -0.00208 -0.000455 1.06 0.913 0.457 -0.0674 -0.0251 -0.00733 1.71 0.889 0.283 
0 -0.00404 -0.00105 -0.00023 -0.49 -0.215 -0.0674 2.67 2.17 0.966 26.3 14.2 4.82 
0 -0.00173 -0.000448 -9.81e-05 -0.204 -0.0826 -0.0251 2.17 2.23 1.16 21.3 12.9 4.6 
0 -0.000595 -0.000155 -3.35e-05 -0.0627 -0.0245 -0.00733 0.966 1.16 0.692 9.38 6.03 2.22 
0 -0.237 -0.0615 -0.0135 5.19 4.14 1.71 26.3 21.3 9.38 291 155 51.9 
0 -0.0822 -0.0213 -0.00467 2.53 2.1 0.889 14.2 12.9 6.03 155 88.5 31.1 
0 -0.0219 -0.00567 -0.00124 0.771 0.66 0.283 4.82 4.6 2.22 51.9 31.1 11.5 
H matrix
-919 -0.232 -0.0662 -0.0162 24.2 17.1 3.82 53.1 50.4 9.03 529 284 73.8 
S matrix
1 0 0 0 0 0 0 0 0 0 0 0 0 
0 0.0348 0.0107 0.00251 -0.0586 -0.0259 -0.00809 -0.00404 -0.00173 -0.000595 -0.237 -0.0822 -0.0219 
0 0.0107 0.00352 0.000857 -0.0151 -0.00667 -0.00208 -0.00105 -0.000448 -0.000155 -0.0615 -0.0213 -0.00567 
0 0.00251 0.000857 0.000214 -0.00331 -0.00146 -0.000455 -0.00023 -9.81e-05 -3.35e-05 -0.0135 -0.00467 -0.00124 
0 -0.0586 -0.0151 -0.00331 4.39 2.78 1.06 -0.49 -0.204 -0.0627 5.19 2.53 0.771 
0 -0.0259 -0.00667 -0.00146 2.78 2.09 0.913 -0.215 -0.0826 -0.0245 4.14 2.1 0.66 
0 -0.00809 -0.00208 -0.000455 1.06 0.913 0.457 -0.0674 -0.0251 -0.00733 1.71 0.889 0.283 
0 -0.00404 -0.00105 -0.00023 -0.49 -0.215 -0.0674 2.67 2.17 0.966 26.3 14.2 4.82 
0 -0.00173 -0.000448 -9.81e-05 -0.204 -0.0826 -0.0251 2.17 2.23 1.16 21.3 12.9 4.6 
0 -0.000595 -0.000155 -3.35e-05 -0.0627 -0.0245 -0.00733 0.966 1.16 0.692 9.38 6.03 2.22 
0 -0.237 -0.0615 -0.0135 5.19 4.14 1.71 26.3 21.3 9.38 291 155 51.9 
0 -0.0822 -0.0213 -0.00467 2.53 2.1 0.889 14.2 12.9 6.03 155 88.5 31.1 
0 -0.0219 -0.00567 -0.00124 0.771 0.66 0.283 4.82 4.6 2.22 51.9 31.1 11.5 
H matrix
-919 -0.232 -0.0662 -0.0162 24.2 17.1 3.82 53.1 50.4 9.03 529 284 73.8 
0.0126 -32 -9.83 -2.31 53.7 23.8 7.42 3.71 1.58 0.544 218 75.4 20.1 
0.00584 -9.82 -3.23 -0.787 13.8 6.11 1.91 0.962 0.41 0.142 56.4 19.5 5.2 
0.00183 -2.3 -0.786 -0.196 3.03 1.34 0.417 0.212 0.0898 0.0306 12.4 4.28 1.14 
-0.266 53.9 13.9 3.04 -4.02e+03 -2.55e+03 -973 449 186 57.4 -4.75e+03 -2.31e+03 -706 
0.0199 23.8 6.13 1.34 -2.55e+03 -1.91e+03 -835 198 75.6 22.5 -3.79e+03 -1.93e+03 -604 
0.0696 7.44 1.91 0.419 -973 -834 -417 61.8 22.9 6.71 -1.56e+03 -813 -259 
0.0249 3.72 0.964 0.212 449 197 61.8 -2.44e+03 -1.98e+03 -883 -2.4e+04 -1.3e+04 -4.4e+03 
-0.171 1.59 0.412 0.0902 187 75.7 23 -1.99e+03 -2.03e+03 -1.06e+03 -1.94e+04 -1.17e+04 -4.2e+03 
-0.0307 0.547 0.142 0.0308 57.6 22.5 6.71 -884 -1.05e+03 -630 -8.57e+03 -5.5e+03 -2.03e+03 
5.2 218 56.6 12.4 -4.76e+03 -3.79e+03 -1.56e+03 -2.41e+04 -1.94e+04 -8.57e+03 -2.66e+05 -1.41e+05 -4.74e+04 
3.41 75.6 19.6 4.29 -2.31e+03 -1.93e+03 -814 -1.3e+04 -1.17e+04 -5.51e+03 -1.41e+05 -8.08e+04 -2.84e+04 
1.64 20.2 5.21 1.14 -706 -604 -259 -4.41e+03 -4.2e+03 -2.03e+03 -4.74e+04 -2.84e+04 -1.05e+04 
S matrix
1 0 0 0 0 0 0 0 0 0 0 0 0 
0 0.0348 0.0107 0.00251 -0.0586 -0.0259 -0.00809 -0.00404 -0.00173 -0.000595 -0.237 -0.0822 -0.0219 
0 0.0107 0.00352 0.000857 -0.0151 -0.00667 -0.00208 -0.00105 -0.000448 -0.000155 -0.0615 -0.0213 -0.00567 
0 0.00251 0.000857 0.000214 -0.00331 -0.00146 -0.000455 -0.00023 -9.81e-05 -3.35e-05 -0.0135 -0.00467 -0.00124 
0 -0.0586 -0.0151 -0.00331 4.39 2.78 1.06 -0.49 -0.204 -0.0627 5.19 2.53 0.771 
0 -0.0259 -0.00667 -0.00146 2.78 2.09 0.913 -0.215 -0.0826 -0.0245 4.14 2.1 0.66 
0 -0.00809 -0.00208 -0.000455 1.06 0.913 0.457 -0.0674 -0.0251 -0.00733 1.71 0.889 0.283 
0 -0.00404 -0.00105 -0.00023 -0.49 -0.215 -0.0674 2.67 2.17 0.966 26.3 14.2 4.82 
0 -0.00173 -0.000448 -9.81e-05 -0.204 -0.0826 -0.0251 2.17 2.23 1.16 21.3 12.9 4.6 
0 -0.000595 -0.000155 -3.35e-05 -0.0627 -0.0245 -0.00733 0.966 1.16 0.692 9.38 6.03 2.22 
0 -0.237 -0.0615 -0.0135 5.19 4.14 1.71 26.3 21.3 9.38 291 155 51.9 
0 -0.0822 -0.0213 -0.00467 2.53 2.1 0.889 14.2 12.9 6.03 155 88.5 31.1 
0 -0.0219 -0.00567 -0.00124 0.771 0.66 0.283 4.82 4.6 2.22 51.9 31.1 11.5 
H matrix
-919 -0.232 -0.0662 -0.0162 24.2 17.1 3.82 53.1 50.4 9.03 529 284 73.8 
0.0126 -32 -9.83 -2.31 53.7 23.8 7.42 3.71 1.58 0.544 218 75.4 20.1 
0.00584 -9.82 -3.23 -0.787 13.8 6.11 1.91 0.962 0.41 0.142 56.4 19.5 5.2 
0.00183 -2.3 -0.786 -0.196 3.03 1.34 0.417 0.212 0.0898 0.0306 12.4 4.28 1.14 
-0.266 53.9 13.9 3.04 -4.02e+03 -2.55e+03 -973 449 186 57.4 -4.75e+03 -2.31e+03 -706 
0.0199 23.8 6.13 1.34 -2.55e+03 -1.91e+03 -835 198 75.6 22.5 -3.79e+03 -1.93e+03 -604 
0.0696 7.44 1.91 0.419 -973 -834 -417 61.8 22.9 6.71 -1.56e+03 -813 -259 
0.0249 3.72 0.964 0.212 449 197 61.8 -2.44e+03 -1.98e+03 -883 -2.4e+04 -1.3e+04 -4.4e+03 
