--------------------------------------------------------------------------
[[33371,1],8]: A high-performance Open MPI point-to-point messaging module
was unable to find any relevant network interfaces:

Module: OpenFabrics (openib)
  Host: golub229

Another transport will be used instead, although this may result in
lower performance.
--------------------------------------------------------------------------
0: output to qwalk_000_ct.linear.o
cutoff 9.59706
 total centers 271
0: cell volume 1430.02
11: cell volume 1430.02
15: cell volume 1430.02
6: cell volume 1430.02
7: cell volume 1430.02
9: cell volume 1430.02
18: cell volume 1430.02
9: elsu 6.48894
9: alpha 0.770542
18: elsu 6.48894
18: alpha 0.770542
15: elsu 6.48894
15: alpha 0.770542
6: elsu 6.48894
6: alpha 0.770542
7: elsu 6.48894
7: alpha 0.770542
**Warning** atom 4 is out of the simulation cell.  Putting it inside.
**Warning** atom 5 is out of the simulation cell.  Putting it inside.
**Warning** atom 6 is out of the simulation cell.  Putting it inside.
**Warning** atom 8 is out of the simulation cell.  Putting it inside.
**Warning** atom 10 is out of the simulation cell.  Putting it inside.
**Warning** atom 12 is out of the simulation cell.  Putting it inside.
**Warning** atom 13 is out of the simulation cell.  Putting it inside.
0: elsu 6.48894
0: alpha 0.770542
19: cell volume 1430.02
19: elsu 6.48894
19: alpha 0.770542
4: cell volume 1430.02
4: elsu 6.48894
4: alpha 0.770542
11: elsu 6.48894
11: alpha 0.770542
17: cell volume 1430.02
17: elsu 6.48894
17: alpha 0.770542
3: cell volume 1430.02
3: elsu 6.48894
3: alpha 0.770542
5: cell volume 1430.02
5: elsu 6.48894
5: alpha 0.770542
14: cell volume 1430.02
14: elsu 6.48894
14: alpha 0.770542
16: cell volume 1430.02
16: elsu 6.48894
16: alpha 0.770542
20: cell volume 1430.02
20: elsu 6.48894
20: alpha 0.770542
21: cell volume 1430.02
21: elsu 6.48894
21: alpha 0.770542
2: cell volume 1430.02
2: elsu 6.48894
2: alpha 0.770542
22: cell volume 1430.02
22: elsu 6.48894
22: alpha 0.770542
23: cell volume 1430.02
23: elsu 6.48894
23: alpha 0.770542
1: cell volume 1430.02
1: elsu 6.48894
1: alpha 0.770542
8: cell volume 1430.02
8: elsu 6.48894
8: alpha 0.770542
10: cell volume 1430.02
10: elsu 6.48894
10: alpha 0.770542
12: cell volume 1430.02
12: elsu 6.48894
12: alpha 0.770542
13: cell volume 1430.02
13: elsu 6.48894
13: alpha 0.770542
7: real space ion-ion 0.0258213
7: reciprocal space ion 377.807
9: real space ion-ion 0.0258213
2: real space ion-ion 0.0258213
3: real space ion-ion 0.0258213
6: real space ion-ion 0.0258213
Ewald sum using 2491 reciprocal points
9: reciprocal space ion 377.807
0: real space ion-ion 0.0258213
17: real space ion-ion 0.0258213
2: reciprocal space ion 377.807
4: real space ion-ion 0.0258213
3: reciprocal space ion 377.807
5: real space ion-ion 0.0258213
0: reciprocal space ion 377.807
8: real space ion-ion 0.0258213
10: real space ion-ion 0.0258213
6: reciprocal space ion 377.807
17: reciprocal space ion 377.807
5: reciprocal space ion 377.807
4: reciprocal space ion 377.807
16: real space ion-ion 0.0258213
23: real space ion-ion 0.0258213
10: reciprocal space ion 377.807
1: real space ion-ion 0.0258213
8: reciprocal space ion 377.807
11: real space ion-ion 0.0258213
23: reciprocal space ion 377.807
22: real space ion-ion 0.0258213
16: reciprocal space ion 377.807
13: real space ion-ion 0.0258213
1: reciprocal space ion 377.807
11: reciprocal space ion 377.807
22: reciprocal space ion 377.807
13: reciprocal space ion 377.807
20: real space ion-ion 0.0258213
20: reciprocal space ion 377.807
15: real space ion-ion 0.0258213
15: reciprocal space ion 377.807
18: real space ion-ion 0.0258213
18: reciprocal space ion 377.807
14: real space ion-ion 0.0258213
14: reciprocal space ion 377.807
12: real space ion-ion 0.0258213
12: reciprocal space ion 377.807
19: real space ion-ion 0.0258213
19: reciprocal space ion 377.807
21: real space ion-ion 0.0258213
21: reciprocal space ion 377.807
Could not open qwalk_000_ct.linear.config. Generating configurations from scratch
[golub229:191514] 23 more processes have sent help message help-mpi-btl-base.txt / btl:no-nics
[golub229:191514] Set MCA parameter "orte_base_help_aggregate" to 0 to see all help / error messages
13: Timestep is 0.4
9: Timestep is 0.4
23: Timestep is 0.4
0: Timestep is 0.4
11: Timestep is 0.4
19: Timestep is 0.4
17: Timestep is 0.4
12: Timestep is 0.4
6: Timestep is 0.4
15: Timestep is 0.4
20: Timestep is 0.4
10: Timestep is 0.4
5: Timestep is 0.4
21: Timestep is 0.4
16: Timestep is 0.4
22: Timestep is 0.4
14: Timestep is 0.4
3: Timestep is 0.4
2: Timestep is 0.4
18: Timestep is 0.4
8: Timestep is 0.4
7: Timestep is 0.4
1: Timestep is 0.4
4: Timestep is 0.4
1: Write took 0 seconds
1: Write took 0 seconds
1: Write took 0 seconds
1: Write took 0 seconds
1: Write took 0 seconds
1: Write took 0 seconds
1: Write took 0 seconds
1: Write took 0 seconds
1: Write took 0 seconds
1: Write took 0 seconds
1: Write took 0 seconds
1: Write took 0 seconds
1: Write took 0 seconds
1: Write took 0 seconds
1: Write took 0 seconds
1: Write took 0 seconds
1: Write took 0 seconds
1: Write took 0 seconds
1: Write took 0 seconds
1: Write took 0 seconds
S matrix
1 0 0 0 0 0 0 0 0 0 0 0 0 
0 0.0339 0.0104 0.00244 -0.0566 -0.0251 -0.00785 -0.00452 -0.00204 -0.000745 -0.236 -0.0822 -0.0219 
0 0.0104 0.00342 0.000833 -0.0145 -0.00644 -0.00201 -0.00119 -0.000541 -0.000198 -0.0614 -0.0214 -0.00569 
0 0.00244 0.000833 0.000208 -0.00319 -0.00141 -0.000441 -0.000264 -0.000119 -4.32e-05 -0.0135 -0.00469 -0.00125 
0 -0.0566 -0.0145 -0.00319 4.33 2.75 1.05 -0.483 -0.205 -0.0646 5.04 2.44 0.744 
0 -0.0251 -0.00644 -0.00141 2.75 2.07 0.906 -0.21 -0.0824 -0.0253 4.06 2.06 0.647 
0 -0.00785 -0.00201 -0.000441 1.05 0.906 0.454 -0.0656 -0.0249 -0.00763 1.68 0.874 0.278 
0 -0.00452 -0.00119 -0.000264 -0.483 -0.21 -0.0656 2.76 2.23 0.985 27.2 14.6 4.94 
0 -0.00204 -0.000541 -0.000119 -0.205 -0.0824 -0.0249 2.23 2.26 1.17 21.8 13.1 4.66 
0 -0.000745 -0.000198 -4.32e-05 -0.0646 -0.0253 -0.00763 0.985 1.17 0.694 9.56 6.1 2.24 
0 -0.236 -0.0614 -0.0135 5.04 4.06 1.68 27.2 21.8 9.56 300 159 53.1 
0 -0.0822 -0.0214 -0.00469 2.44 2.06 0.874 14.6 13.1 6.1 159 90.2 31.6 
0 -0.0219 -0.00569 -0.00125 0.744 0.647 0.278 4.94 4.66 2.24 53.1 31.6 11.6 
H matrix
-919 -0.231 -0.0654 -0.016 23.7 16.9 3.75 53.3 50.2 8.97 530 282 73.2 
0.0129 -31.1 -9.56 -2.24 51.9 23 7.19 4.15 1.86 0.679 216 75.3 20.1 
S matrix
1 0 0 0 0 0 0 0 0 0 0 0 0 
0 0.0339 0.0104 0.00244 -0.0566 -0.0251 -0.00785 -0.00452 -0.00204 -0.000745 -0.236 -0.0822 -0.0219 
0 0.0104 0.00342 0.000833 -0.0145 -0.00644 -0.00201 -0.00119 -0.000541 -0.000198 -0.0614 -0.0214 -0.00569 
0 0.00244 0.000833 0.000208 -0.00319 -0.00141 -0.000441 -0.000264 -0.000119 -4.32e-05 -0.0135 -0.00469 -0.00125 
0 -0.0566 -0.0145 -0.00319 4.33 2.75 1.05 -0.483 -0.205 -0.0646 5.04 2.44 0.744 
0 -0.0251 -0.00644 -0.00141 2.75 2.07 0.906 -0.21 -0.0824 -0.0253 4.06 2.06 0.647 
0 -0.00785 -0.00201 -0.000441 1.05 0.906 0.454 -0.0656 -0.0249 -0.00763 1.68 0.874 0.278 
0 -0.00452 -0.00119 -0.000264 -0.483 -0.21 -0.0656 2.76 2.23 0.985 27.2 14.6 4.94 
0 -0.00204 -0.000541 -0.000119 -0.205 -0.0824 -0.0249 2.23 2.26 1.17 21.8 13.1 4.66 
0 -0.000745 -0.000198 -4.32e-05 -0.0646 -0.0253 -0.00763 0.985 1.17 0.694 9.56 6.1 2.24 
0 -0.236 -0.0614 -0.0135 5.04 4.06 1.68 27.2 21.8 9.56 300 159 53.1 
0 -0.0822 -0.0214 -0.00469 2.44 2.06 0.874 14.6 13.1 6.1 159 90.2 31.6 
0 -0.0219 -0.00569 -0.00125 0.744 0.647 0.278 4.94 4.66 2.24 53.1 31.6 11.6 
H matrix
-919 -0.231 -0.0654 -0.016 23.7 16.9 3.75 53.3 50.2 8.97 530 282 73.2 
0.0129 -31.1 -9.56 -2.24 51.9 23 7.19 4.15 1.86 0.679 216 75.3 20.1 
0.0058 -9.55 -3.14 -0.765 13.3 5.9 1.85 1.1 0.495 0.181 56.3 19.6 5.22 
0.00181 -2.24 -0.764 -0.191 2.92 1.29 0.404 0.242 0.109 0.0394 12.4 4.3 1.14 
-0.248 52 13.4 2.93 -3.96e+03 -2.52e+03 -962 443 188 59.1 -4.61e+03 -2.24e+03 -681 
0.0531 23.1 5.92 1.3 -2.52e+03 -1.9e+03 -828 193 75.4 23.1 -3.72e+03 -1.89e+03 -592 
0.0629 7.22 1.85 0.406 -963 -827 -414 60.2 22.8 6.98 -1.53e+03 -799 -255 
-0.528 4.15 1.1 0.243 443 193 60.1 -2.52e+03 -2.03e+03 -899 -2.49e+04 -1.34e+04 -4.51e+03 
-0.685 1.87 0.497 0.109 188 75.5 22.8 -2.04e+03 -2.06e+03 -1.07e+03 -1.99e+04 -1.19e+04 -4.25e+03 
-0.331 0.684 0.182 0.0397 59.3 23.1 6.99 -900 -1.06e+03 -632 -8.73e+03 -5.56e+03 -2.04e+03 
-0.194 217 56.4 12.4 -4.61e+03 -3.72e+03 -1.53e+03 -2.49e+04 -1.99e+04 -8.73e+03 -2.75e+05 -1.45e+05 -4.84e+04 
0.461 75.5 19.6 4.32 -2.24e+03 -1.89e+03 -799 -1.34e+04 -1.19e+04 -5.57e+03 -1.45e+05 -8.22e+04 -2.88e+04 
0.762 20.1 5.23 1.15 -681 -592 -255 -4.52e+03 -4.25e+03 -2.04e+03 -4.85e+04 -2.88e+04 -1.06e+04 
S matrix
1 0 0 0 0 0 0 0 0 0 0 0 0 
0 0.0339 0.0104 0.00244 -0.0566 -0.0251 -0.00785 -0.00452 -0.00204 -0.000745 -0.236 -0.0822 -0.0219 
0 0.0104 0.00342 0.000833 -0.0145 -0.00644 -0.00201 -0.00119 -0.000541 -0.000198 -0.0614 -0.0214 -0.00569 
0 0.00244 0.000833 0.000208 -0.00319 -0.00141 -0.000441 -0.000264 -0.000119 -4.32e-05 -0.0135 -0.00469 -0.00125 
0 -0.0566 -0.0145 -0.00319 4.33 2.75 1.05 -0.483 -0.205 -0.0646 5.04 2.44 0.744 
0 -0.0251 -0.00644 -0.00141 2.75 2.07 0.906 -0.21 -0.0824 -0.0253 4.06 2.06 0.647 
0 -0.00785 -0.00201 -0.000441 1.05 0.906 0.454 -0.0656 -0.0249 -0.00763 1.68 0.874 0.278 
0 -0.00452 -0.00119 -0.000264 -0.483 -0.21 -0.0656 2.76 2.23 0.985 27.2 14.6 4.94 
0 -0.00204 -0.000541 -0.000119 -0.205 -0.0824 -0.0249 2.23 2.26 1.17 21.8 13.1 4.66 
0 -0.000745 -0.000198 -4.32e-05 -0.0646 -0.0253 -0.00763 0.985 1.17 0.694 9.56 6.1 2.24 
0 -0.236 -0.0614 -0.0135 5.04 4.06 1.68 27.2 21.8 9.56 300 159 53.1 
0 -0.0822 -0.0214 -0.00469 2.44 2.06 0.874 14.6 13.1 6.1 159 90.2 31.6 
0 -0.0219 -0.00569 -0.00125 0.744 0.647 0.278 4.94 4.66 2.24 53.1 31.6 11.6 
H matrix
-919 -0.231 -0.0654 -0.016 23.7 16.9 3.75 53.3 50.2 8.97 530 282 73.2 
0.0129 -31.1 -9.56 -2.24 51.9 23 7.19 4.15 1.86 0.679 216 75.3 20.1 
0.0058 -9.55 -3.14 -0.765 13.3 5.9 1.85 1.1 0.495 0.181 56.3 19.6 5.22 
0.00181 -2.24 -0.764 -0.191 2.92 1.29 0.404 0.242 0.109 0.0394 12.4 4.3 1.14 
-0.248 52 13.4 2.93 -3.96e+03 -2.52e+03 -962 443 188 59.1 -4.61e+03 -2.24e+03 -681 
0.0531 23.1 5.92 1.3 -2.52e+03 -1.9e+03 -828 193 75.4 23.1 -3.72e+03 -1.89e+03 -592 
0.0629 7.22 1.85 0.406 -963 -827 -414 60.2 22.8 6.98 -1.53e+03 -799 -255 
-0.528 4.15 1.1 0.243 443 193 60.1 -2.52e+03 -2.03e+03 -899 -2.49e+04 -1.34e+04 -4.51e+03 
-0.685 1.87 0.497 0.109 188 75.5 22.8 -2.04e+03 -2.06e+03 -1.07e+03 -1.99e+04 -1.19e+04 -4.25e+03 
-0.331 0.684 0.182 0.0397 59.3 23.1 6.99 -900 -1.06e+03 -632 -8.73e+03 -5.56e+03 -2.04e+03 
-0.194 217 56.4 12.4 -4.61e+03 -3.72e+03 -1.53e+03 -2.49e+04 -1.99e+04 -8.73e+03 -2.75e+05 -1.45e+05 -4.84e+04 
0.461 75.5 19.6 4.32 -2.24e+03 -1.89e+03 -799 -1.34e+04 -1.19e+04 -5.57e+03 -1.45e+05 -8.22e+04 -2.88e+04 
0.762 20.1 5.23 1.15 -681 -592 -255 -4.52e+03 -4.25e+03 -2.04e+03 -4.85e+04 -2.88e+04 -1.06e+04 
S matrix
1 0 0 0 0 0 0 0 0 0 0 0 0 
0 0.0339 0.0104 0.00244 -0.0566 -0.0251 -0.00785 -0.00452 -0.00204 -0.000745 -0.236 -0.0822 -0.0219 
0 0.0104 0.00342 0.000833 -0.0145 -0.00644 -0.00201 -0.00119 -0.000541 -0.000198 -0.0614 -0.0214 -0.00569 
0 0.00244 0.000833 0.000208 -0.00319 -0.00141 -0.000441 -0.000264 -0.000119 -4.32e-05 -0.0135 -0.00469 -0.00125 
0 -0.0566 -0.0145 -0.00319 4.33 2.75 1.05 -0.483 -0.205 -0.0646 5.04 2.44 0.744 
0 -0.0251 -0.00644 -0.00141 2.75 2.07 0.906 -0.21 -0.0824 -0.0253 4.06 2.06 0.647 
0 -0.00785 -0.00201 -0.000441 1.05 0.906 0.454 -0.0656 -0.0249 -0.00763 1.68 0.874 0.278 
0 -0.00452 -0.00119 -0.000264 -0.483 -0.21 -0.0656 2.76 2.23 0.985 27.2 14.6 4.94 
0 -0.00204 -0.000541 -0.000119 -0.205 -0.0824 -0.0249 2.23 2.26 1.17 21.8 13.1 4.66 
0 -0.000745 -0.000198 -4.32e-05 -0.0646 -0.0253 -0.00763 0.985 1.17 0.694 9.56 6.1 2.24 
0 -0.236 -0.0614 -0.0135 5.04 4.06 1.68 27.2 21.8 9.56 300 159 53.1 
0 -0.0822 -0.0214 -0.00469 2.44 2.06 0.874 14.6 13.1 6.1 159 90.2 31.6 
0 -0.0219 -0.00569 -0.00125 0.744 0.647 0.278 4.94 4.66 2.24 53.1 31.6 11.6 
H matrix
-919 -0.231 -0.0654 -0.016 23.7 16.9 3.75 53.3 50.2 8.97 530 282 73.2 
0.0129 -31.1 -9.56 -2.24 51.9 23 7.19 4.15 1.86 0.679 216 75.3 20.1 
0.0058 -9.55 -3.14 -0.765 13.3 5.9 1.85 1.1 0.495 0.181 56.3 19.6 5.22 
0.00181 -2.24 -0.764 -0.191 2.92 1.29 0.404 0.242 0.109 0.0394 12.4 4.3 1.14 
-0.248 52 13.4 2.93 -3.96e+03 -2.52e+03 -962 443 188 59.1 -4.61e+03 -2.24e+03 -681 
0.0531 23.1 5.92 1.3 -2.52e+03 -1.9e+03 -828 193 75.4 23.1 -3.72e+03 -1.89e+03 -592 
0.0629 7.22 1.85 0.406 -963 -827 -414 60.2 22.8 6.98 -1.53e+03 -799 -255 
-0.528 4.15 1.1 0.243 443 193 60.1 -2.52e+03 -2.03e+03 -899 -2.49e+04 -1.34e+04 -4.51e+03 
-0.685 1.87 0.497 0.109 188 75.5 22.8 -2.04e+03 -2.06e+03 -1.07e+03 -1.99e+04 -1.19e+04 -4.25e+03 
-0.331 0.684 0.182 0.0397 59.3 23.1 6.99 -900 -1.06e+03 -632 -8.73e+03 -5.56e+03 -2.04e+03 
-0.194 217 56.4 12.4 -4.61e+03 -3.72e+03 -1.53e+03 -2.49e+04 -1.99e+04 -8.73e+03 -2.75e+05 -1.45e+05 -4.84e+04 
0.461 75.5 19.6 4.32 -2.24e+03 -1.89e+03 -799 -1.34e+04 -1.19e+04 -5.57e+03 -1.45e+05 -8.22e+04 -2.88e+04 
0.762 20.1 5.23 1.15 -681 -592 -255 -4.52e+03 -4.25e+03 -2.04e+03 -4.85e+04 -2.88e+04 -1.06e+04 
S matrix
1 0 0 0 0 0 0 0 0 0 0 0 0 
0 0.0339 0.0104 0.00244 -0.0566 -0.0251 -0.00785 -0.00452 -0.00204 -0.000745 -0.236 -0.0822 -0.0219 
0 0.0104 0.00342 0.000833 -0.0145 -0.00644 -0.00201 -0.00119 -0.000541 -0.000198 -0.0614 -0.0214 -0.00569 
0 0.00244 0.000833 0.000208 -0.00319 -0.00141 -0.000441 -0.000264 -0.000119 -4.32e-05 -0.0135 -0.00469 -0.00125 
0 -0.0566 -0.0145 -0.00319 4.33 2.75 1.05 -0.483 -0.205 -0.0646 5.04 2.44 0.744 
0 -0.0251 -0.00644 -0.00141 2.75 2.07 0.906 -0.21 -0.0824 -0.0253 4.06 2.06 0.647 
0 -0.00785 -0.00201 -0.000441 1.05 0.906 0.454 -0.0656 -0.0249 -0.00763 1.68 0.874 0.278 
0 -0.00452 -0.00119 -0.000264 -0.483 -0.21 -0.0656 2.76 2.23 0.985 27.2 14.6 4.94 
0 -0.00204 -0.000541 -0.000119 -0.205 -0.0824 -0.0249 2.23 2.26 1.17 21.8 13.1 4.66 
0 -0.000745 -0.000198 -4.32e-05 -0.0646 -0.0253 -0.00763 0.985 1.17 0.694 9.56 6.1 2.24 
0 -0.236 -0.0614 -0.0135 5.04 4.06 1.68 27.2 21.8 9.56 300 159 53.1 
0 -0.0822 -0.0214 -0.00469 2.44 2.06 0.874 14.6 13.1 6.1 159 90.2 31.6 
0 -0.0219 -0.00569 -0.00125 0.744 0.647 0.278 4.94 4.66 2.24 53.1 31.6 11.6 
H matrix
-919 -0.231 -0.0654 -0.016 23.7 16.9 3.75 53.3 50.2 8.97 530 282 73.2 
0.0129 -31.1 -9.56 -2.24 51.9 23 7.19 4.15 1.86 0.679 216 75.3 20.1 
0.0058 -9.55 -3.14 -0.765 13.3 5.9 1.85 1.1 0.495 0.181 56.3 19.6 5.22 
0.00181 -2.24 -0.764 -0.191 2.92 1.29 0.404 0.242 0.109 0.0394 12.4 4.3 1.14 
-0.248 52 13.4 2.93 -3.96e+03 -2.52e+03 -962 443 188 59.1 -4.61e+03 -2.24e+03 -681 
0.0531 23.1 5.92 1.3 -2.52e+03 -1.9e+03 -828 193 75.4 23.1 -3.72e+03 -1.89e+03 -592 
0.0629 7.22 1.85 0.406 -963 -827 -414 60.2 22.8 6.98 -1.53e+03 -799 -255 
-0.528 4.15 1.1 0.243 443 193 60.1 -2.52e+03 -2.03e+03 -899 -2.49e+04 -1.34e+04 -4.51e+03 
-0.685 1.87 0.497 0.109 188 75.5 22.8 -2.04e+03 -2.06e+03 -1.07e+03 -1.99e+04 -1.19e+04 -4.25e+03 
-0.331 0.684 0.182 0.0397 59.3 23.1 6.99 -900 -1.06e+03 -632 -8.73e+03 -5.56e+03 -2.04e+03 
-0.194 217 56.4 12.4 -4.61e+03 -3.72e+03 -1.53e+03 -2.49e+04 -1.99e+04 -8.73e+03 -2.75e+05 -1.45e+05 -4.84e+04 
0.461 75.5 19.6 4.32 -2.24e+03 -1.89e+03 -799 -1.34e+04 -1.19e+04 -5.57e+03 -1.45e+05 -8.22e+04 -2.88e+04 
0.762 20.1 5.23 1.15 -681 -592 -255 -4.52e+03 -4.25e+03 -2.04e+03 -4.85e+04 -2.88e+04 -1.06e+04 
0.0058 -9.55 -3.14 -0.765 13.3 5.9 1.85 1.1 0.495 0.181 56.3 19.6 5.22 
0.00181 -2.24 -0.764 -0.191 2.92 1.29 0.404 0.242 0.109 0.0394 12.4 4.3 1.14 
-0.248 52 13.4 2.93 -3.96e+03 -2.52e+03 -962 443 188 59.1 -4.61e+03 -2.24e+03 -681 
0.0531 23.1 5.92 1.3 -2.52e+03 -1.9e+03 -828 193 75.4 23.1 -3.72e+03 -1.89e+03 -592 
0.0629 7.22 1.85 0.406 -963 -827 -414 60.2 22.8 6.98 -1.53e+03 -799 -255 
-0.528 4.15 1.1 0.243 443 193 60.1 -2.52e+03 -2.03e+03 -899 -2.49e+04 -1.34e+04 -4.51e+03 
-0.685 1.87 0.497 0.109 188 75.5 22.8 -2.04e+03 -2.06e+03 -1.07e+03 -1.99e+04 -1.19e+04 -4.25e+03 
-0.331 0.684 0.182 0.0397 59.3 23.1 6.99 -900 -1.06e+03 -632 -8.73e+03 -5.56e+03 -2.04e+03 
-0.194 217 56.4 12.4 -4.61e+03 -3.72e+03 -1.53e+03 -2.49e+04 -1.99e+04 -8.73e+03 -2.75e+05 -1.45e+05 -4.84e+04 
0.461 75.5 19.6 4.32 -2.24e+03 -1.89e+03 -799 -1.34e+04 -1.19e+04 -5.57e+03 -1.45e+05 -8.22e+04 -2.88e+04 
0.762 20.1 5.23 1.15 -681 -592 -255 -4.52e+03 -4.25e+03 -2.04e+03 -4.85e+04 -2.88e+04 -1.06e+04 
S matrix
1 0 0 0 0 0 0 0 0 0 0 0 0 
0 0.0339 0.0104 0.00244 -0.0566 -0.0251 -0.00785 -0.00452 -0.00204 -0.000745 -0.236 -0.0822 -0.0219 
0 0.0104 0.00342 0.000833 -0.0145 -0.00644 -0.00201 -0.00119 -0.000541 -0.000198 -0.0614 -0.0214 -0.00569 
0 0.00244 0.000833 0.000208 -0.00319 -0.00141 -0.000441 -0.000264 -0.000119 -4.32e-05 -0.0135 -0.00469 -0.00125 
0 -0.0566 -0.0145 -0.00319 4.33 2.75 1.05 -0.483 -0.205 -0.0646 5.04 2.44 0.744 
0 -0.0251 -0.00644 -0.00141 2.75 2.07 0.906 -0.21 -0.0824 -0.0253 4.06 2.06 0.647 
0 -0.00785 -0.00201 -0.000441 1.05 0.906 0.454 -0.0656 -0.0249 -0.00763 1.68 0.874 0.278 
0 -0.00452 -0.00119 -0.000264 -0.483 -0.21 -0.0656 2.76 2.23 0.985 27.2 14.6 4.94 
0 -0.00204 -0.000541 -0.000119 -0.205 -0.0824 -0.0249 2.23 2.26 1.17 21.8 13.1 4.66 
0 -0.000745 -0.000198 -4.32e-05 -0.0646 -0.0253 -0.00763 0.985 1.17 0.694 9.56 6.1 2.24 
0 -0.236 -0.0614 -0.0135 5.04 4.06 1.68 27.2 21.8 9.56 300 159 53.1 
0 -0.0822 -0.0214 -0.00469 2.44 2.06 0.874 14.6 13.1 6.1 159 90.2 31.6 
0 -0.0219 -0.00569 -0.00125 0.744 0.647 0.278 4.94 4.66 2.24 53.1 31.6 11.6 
H matrix
-919 -0.231 -0.0654 -0.016 23.7 16.9 3.75 53.3 50.2 8.97 530 282 73.2 
0.0129 -31.1 -9.56 -2.24 51.9 23 7.19 4.15 1.86 0.679 216 75.3 20.1 
0.0058 -9.55 -3.14 -0.765 13.3 5.9 1.85 1.1 0.495 0.181 56.3 19.6 5.22 
0.00181 -2.24 -0.764 -0.191 2.92 1.29 0.404 0.242 0.109 0.0394 12.4 4.3 1.14 
-0.248 52 13.4 2.93 -3.96e+03 -2.52e+03 -962 443 188 59.1 -4.61e+03 -2.24e+03 -681 
0.0531 23.1 5.92 1.3 -2.52e+03 -1.9e+03 -828 193 75.4 23.1 -3.72e+03 -1.89e+03 -592 
0.0629 7.22 1.85 0.406 -963 -827 -414 60.2 22.8 6.98 -1.53e+03 -799 -255 
-0.528 4.15 1.1 0.243 443 193 60.1 -2.52e+03 -2.03e+03 -899 -2.49e+04 -1.34e+04 -4.51e+03 
-0.685 1.87 0.497 0.109 188 75.5 22.8 -2.04e+03 -2.06e+03 -1.07e+03 -1.99e+04 -1.19e+04 -4.25e+03 
-0.331 0.684 0.182 0.0397 59.3 23.1 6.99 -900 -1.06e+03 -632 -8.73e+03 -5.56e+03 -2.04e+03 
-0.194 217 56.4 12.4 -4.61e+03 -3.72e+03 -1.53e+03 -2.49e+04 -1.99e+04 -8.73e+03 -2.75e+05 -1.45e+05 -4.84e+04 
0.461 75.5 19.6 4.32 -2.24e+03 -1.89e+03 -799 -1.34e+04 -1.19e+04 -5.57e+03 -1.45e+05 -8.22e+04 -2.88e+04 
0.762 20.1 5.23 1.15 -681 -592 -255 -4.52e+03 -4.25e+03 -2.04e+03 -4.85e+04 -2.88e+04 -1.06e+04 
S matrix
1 0 0 0 0 0 0 0 0 0 0 0 0 
0 0.0339 0.0104 0.00244 -0.0566 -0.0251 -0.00785 -0.00452 -0.00204 -0.000745 -0.236 -0.0822 -0.0219 
0 0.0104 0.00342 0.000833 -0.0145 -0.00644 -0.00201 -0.00119 -0.000541 -0.000198 -0.0614 -0.0214 -0.00569 
0 0.00244 0.000833 0.000208 -0.00319 -0.00141 -0.000441 -0.000264 -0.000119 -4.32e-05 -0.0135 -0.00469 -0.00125 
0 -0.0566 -0.0145 -0.00319 4.33 2.75 1.05 -0.483 -0.205 -0.0646 5.04 2.44 0.744 
0 -0.0251 -0.00644 -0.00141 2.75 2.07 0.906 -0.21 -0.0824 -0.0253 4.06 2.06 0.647 
0 -0.00785 -0.00201 -0.000441 1.05 0.906 0.454 -0.0656 -0.0249 -0.00763 1.68 0.874 0.278 
0 -0.00452 -0.00119 -0.000264 -0.483 -0.21 -0.0656 2.76 2.23 0.985 27.2 14.6 4.94 
0 -0.00204 -0.000541 -0.000119 -0.205 -0.0824 -0.0249 2.23 2.26 1.17 21.8 13.1 4.66 
0 -0.000745 -0.000198 -4.32e-05 -0.0646 -0.0253 -0.00763 0.985 1.17 0.694 9.56 6.1 2.24 
0 -0.236 -0.0614 -0.0135 5.04 4.06 1.68 27.2 21.8 9.56 300 159 53.1 
0 -0.0822 -0.0214 -0.00469 2.44 2.06 0.874 14.6 13.1 6.1 159 90.2 31.6 
0 -0.0219 -0.00569 -0.00125 0.744 0.647 0.278 4.94 4.66 2.24 53.1 31.6 11.6 
H matrix
-919 -0.231 -0.0654 -0.016 23.7 16.9 3.75 53.3 50.2 8.97 530 282 73.2 
0.0129 -31.1 -9.56 -2.24 51.9 23 7.19 4.15 1.86 0.679 216 75.3 20.1 
0.0058 -9.55 -3.14 -0.765 13.3 5.9 1.85 1.1 0.495 0.181 56.3 19.6 5.22 
0.00181 -2.24 -0.764 -0.191 2.92 1.29 0.404 0.242 0.109 0.0394 12.4 4.3 1.14 
-0.248 52 13.4 2.93 -3.96e+03 -2.52e+03 -962 443 188 59.1 -4.61e+03 -2.24e+03 -681 
0.0531 23.1 5.92 1.3 -2.52e+03 -1.9e+03 -828 193 75.4 23.1 -3.72e+03 -1.89e+03 -592 
0.0629 7.22 1.85 0.406 -963 -827 -414 60.2 22.8 6.98 -1.53e+03 -799 -255 
-0.528 4.15 1.1 0.243 443 193 60.1 -2.52e+03 -2.03e+03 -899 -2.49e+04 -1.34e+04 -4.51e+03 
-0.685 1.87 0.497 0.109 188 75.5 22.8 -2.04e+03 -2.06e+03 -1.07e+03 -1.99e+04 -1.19e+04 -4.25e+03 
-0.331 0.684 0.182 0.0397 59.3 23.1 6.99 -900 -1.06e+03 -632 -8.73e+03 -5.56e+03 -2.04e+03 
-0.194 217 56.4 12.4 -4.61e+03 -3.72e+03 -1.53e+03 -2.49e+04 -1.99e+04 -8.73e+03 -2.75e+05 -1.45e+05 -4.84e+04 
0.461 75.5 19.6 4.32 -2.24e+03 -1.89e+03 -799 -1.34e+04 -1.19e+04 -5.57e+03 -1.45e+05 -8.22e+04 -2.88e+04 
S matrix
1 0 0 0 0 0 0 0 0 0 0 0 0 
0 0.0339 0.0104 0.00244 -0.0566 -0.0251 -0.00785 -0.00452 -0.00204 -0.000745 -0.236 -0.0822 -0.0219 
0 0.0104 0.00342 0.000833 -0.0145 -0.00644 -0.00201 -0.00119 -0.000541 -0.000198 -0.0614 -0.0214 -0.00569 
0 0.00244 0.000833 0.000208 -0.00319 -0.00141 -0.000441 -0.000264 -0.000119 -4.32e-05 -0.0135 -0.00469 -0.00125 
0 -0.0566 -0.0145 -0.00319 4.33 2.75 1.05 -0.483 -0.205 -0.0646 5.04 2.44 0.744 
0 -0.0251 -0.00644 -0.00141 2.75 2.07 0.906 -0.21 -0.0824 -0.0253 4.06 2.06 0.647 
0 -0.00785 -0.00201 -0.000441 1.05 0.906 0.454 -0.0656 -0.0249 -0.00763 1.68 0.874 0.278 
0 -0.00452 -0.00119 -0.000264 -0.483 -0.21 -0.0656 2.76 2.23 0.985 27.2 14.6 4.94 
0 -0.00204 -0.000541 -0.000119 -0.205 -0.0824 -0.0249 2.23 2.26 1.17 21.8 13.1 4.66 
0 -0.000745 -0.000198 -4.32e-05 -0.0646 -0.0253 -0.00763 0.985 1.17 0.694 9.56 6.1 2.24 
0 -0.236 -0.0614 -0.0135 5.04 4.06 1.68 27.2 21.8 9.56 300 159 53.1 
0 -0.0822 -0.0214 -0.00469 2.44 2.06 0.874 14.6 13.1 6.1 159 90.2 31.6 
0 -0.0219 -0.00569 -0.00125 0.744 0.647 0.278 4.94 4.66 2.24 53.1 31.6 11.6 
H matrix
-919 -0.231 -0.0654 -0.016 23.7 16.9 3.75 53.3 50.2 8.97 530 282 73.2 
0.0129 -31.1 -9.56 -2.24 51.9 23 7.19 4.15 1.86 0.679 216 75.3 20.1 
0.0058 -9.55 -3.14 -0.765 13.3 5.9 1.85 1.1 0.495 0.181 56.3 19.6 5.22 
0.00181 -2.24 -0.764 -0.191 2.92 1.29 0.404 0.242 0.109 0.0394 12.4 4.3 1.14 
-0.248 52 13.4 2.93 -3.96e+03 -2.52e+03 -962 443 188 59.1 -4.61e+03 -2.24e+03 -681 
0.0531 23.1 5.92 1.3 -2.52e+03 -1.9e+03 -828 193 75.4 23.1 -3.72e+03 -1.89e+03 -592 
0.0629 7.22 1.85 0.406 -963 -827 -414 60.2 22.8 6.98 -1.53e+03 -799 -255 
-0.528 4.15 1.1 0.243 443 193 60.1 -2.52e+03 -2.03e+03 -899 -2.49e+04 -1.34e+04 -4.51e+03 
-0.685 1.87 0.497 0.109 188 75.5 22.8 -2.04e+03 -2.06e+03 -1.07e+03 -1.99e+04 -1.19e+04 -4.25e+03 
-0.331 0.684 0.182 0.0397 59.3 23.1 6.99 -900 -1.06e+03 -632 -8.73e+03 -5.56e+03 -2.04e+03 
-0.194 217 56.4 12.4 -4.61e+03 -3.72e+03 -1.53e+03 -2.49e+04 -1.99e+04 -8.73e+03 -2.75e+05 -1.45e+05 -4.84e+04 
0.461 75.5 19.6 4.32 -2.24e+03 -1.89e+03 -799 -1.34e+04 -1.19e+04 -5.57e+03 -1.45e+05 -8.22e+04 -2.88e+04 
0.762 20.1 5.23 1.15 -681 -592 -255 -4.52e+03 -4.25e+03 -2.04e+03 -4.85e+04 -2.88e+04 -1.06e+04 
S matrix
1 0 0 0 0 0 0 0 0 0 0 0 0 
0 0.0339 0.0104 0.00244 -0.0566 -0.0251 -0.00785 -0.00452 -0.00204 -0.000745 -0.236 -0.0822 -0.0219 
0 0.0104 0.00342 0.000833 -0.0145 -0.00644 -0.00201 -0.00119 -0.000541 -0.000198 -0.0614 -0.0214 -0.00569 
0 0.00244 0.000833 0.000208 -0.00319 -0.00141 -0.000441 -0.000264 -0.000119 -4.32e-05 -0.0135 -0.00469 -0.00125 
0 -0.0566 -0.0145 -0.00319 4.33 2.75 1.05 -0.483 -0.205 -0.0646 5.04 2.44 0.744 
0 -0.0251 -0.00644 -0.00141 2.75 2.07 0.906 -0.21 -0.0824 -0.0253 4.06 2.06 0.647 
0 -0.00785 -0.00201 -0.000441 1.05 0.906 0.454 -0.0656 -0.0249 -0.00763 1.68 0.874 0.278 
0 -0.00452 -0.00119 -0.000264 -0.483 -0.21 -0.0656 2.76 2.23 0.985 27.2 14.6 4.94 
0 -0.00204 -0.000541 -0.000119 -0.205 -0.0824 -0.0249 2.23 2.26 1.17 21.8 13.1 4.66 
0 -0.000745 -0.000198 -4.32e-05 -0.0646 -0.0253 -0.00763 0.985 1.17 0.694 9.56 6.1 2.24 
0 -0.236 -0.0614 -0.0135 5.04 4.06 1.68 27.2 21.8 9.56 300 159 53.1 
0 -0.0822 -0.0214 -0.00469 2.44 2.06 0.874 14.6 13.1 6.1 159 90.2 31.6 
0 -0.0219 -0.00569 -0.00125 0.744 0.647 0.278 4.94 4.66 2.24 53.1 31.6 11.6 
H matrix
-919 -0.231 -0.0654 -0.016 23.7 16.9 3.75 53.3 50.2 8.97 530 282 73.2 
0.0129 -31.1 -9.56 -2.24 51.9 23 7.19 4.15 1.86 0.679 216 75.3 20.1 
0.0058 -9.55 -3.14 -0.765 13.3 5.9 1.85 1.1 0.495 0.181 56.3 19.6 5.22 
0.00181 -2.24 -0.764 -0.191 2.92 1.29 0.404 0.242 0.109 0.0394 12.4 4.3 1.14 
-0.248 52 13.4 2.93 -3.96e+03 -2.52e+03 -962 443 188 59.1 -4.61e+03 -2.24e+03 -681 
0.0531 23.1 5.92 1.3 -2.52e+03 -1.9e+03 -828 193 75.4 23.1 -3.72e+03 -1.89e+03 -592 
0.0629 7.22 1.85 0.406 -963 -827 -414 60.2 22.8 6.98 -1.53e+03 -799 -255 
-0.528 4.15 1.1 0.243 443 193 60.1 -2.52e+03 -2.03e+03 -899 -2.49e+04 -1.34e+04 -4.51e+03 
-0.685 1.87 0.497 0.109 188 75.5 22.8 -2.04e+03 -2.06e+03 -1.07e+03 -1.99e+04 -1.19e+04 -4.25e+03 
-0.331 0.684 0.182 0.0397 59.3 23.1 6.99 -900 -1.06e+03 -632 -8.73e+03 -5.56e+03 -2.04e+03 
-0.194 217 56.4 12.4 -4.61e+03 -3.72e+03 -1.53e+03 -2.49e+04 -1.99e+04 -8.73e+03 -2.75e+05 -1.45e+05 -4.84e+04 
0.461 75.5 19.6 4.32 -2.24e+03 -1.89e+03 -799 -1.34e+04 -1.19e+04 -5.57e+03 -1.45e+05 -8.22e+04 -2.88e+04 
0.762 20.1 5.23 1.15 -681 -592 -255 -4.52e+03 -4.25e+03 -2.04e+03 -4.85e+04 -2.88e+04 -1.06e+04 
S matrix
1 0 0 0 0 0 0 0 0 0 0 0 0 
0 0.0339 0.0104 0.00244 -0.0566 -0.0251 -0.00785 -0.00452 -0.00204 -0.000745 -0.236 -0.0822 -0.0219 
0 0.0104 0.00342 0.000833 -0.0145 -0.00644 -0.00201 -0.00119 -0.000541 -0.000198 -0.0614 -0.0214 -0.00569 
0 0.00244 0.000833 0.000208 -0.00319 -0.00141 -0.000441 -0.000264 -0.000119 -4.32e-05 -0.0135 -0.00469 -0.00125 
0 -0.0566 -0.0145 -0.00319 4.33 2.75 1.05 -0.483 -0.205 -0.0646 5.04 2.44 0.744 
0 -0.0251 -0.00644 -0.00141 2.75 2.07 0.906 -0.21 -0.0824 -0.0253 4.06 2.06 0.647 
0 -0.00785 -0.00201 -0.000441 1.05 0.906 0.454 -0.0656 -0.0249 -0.00763 1.68 0.874 0.278 
0 -0.00452 -0.00119 -0.000264 -0.483 -0.21 -0.0656 2.76 2.23 0.985 27.2 14.6 4.94 
0 -0.00204 -0.000541 -0.000119 -0.205 -0.0824 -0.0249 2.23 2.26 1.17 21.8 13.1 4.66 
0 -0.000745 -0.000198 -4.32e-05 -0.0646 -0.0253 -0.00763 0.985 1.17 0.694 9.56 6.1 2.24 
0 -0.236 -0.0614 -0.0135 5.04 4.06 1.68 27.2 21.8 9.56 300 159 53.1 
0 -0.0822 -0.0214 -0.00469 2.44 2.06 0.874 14.6 13.1 6.1 159 90.2 31.6 
0 -0.0219 -0.00569 -0.00125 0.744 0.647 0.278 4.94 4.66 2.24 53.1 31.6 11.6 
H matrix
-919 -0.231 -0.0654 -0.016 23.7 16.9 3.75 53.3 50.2 8.97 530 282 73.2 
0.0129 -31.1 -9.56 -2.24 51.9 23 7.19 4.15 1.86 0.679 216 75.3 20.1 
0.0058 -9.55 -3.14 -0.765 13.3 5.9 1.85 1.1 0.495 0.181 56.3 19.6 5.22 
0.00181 -2.24 -0.764 -0.191 2.92 1.29 0.404 0.242 0.109 0.0394 12.4 4.3 1.14 
-0.248 52 13.4 2.93 -3.96e+03 -2.52e+03 -962 443 188 59.1 -4.61e+03 -2.24e+03 -681 
0.0531 23.1 5.92 1.3 -2.52e+03 -1.9e+03 -828 193 75.4 23.1 -3.72e+03 -1.89e+03 -592 
0.0629 7.22 1.85 0.406 -963 -827 -414 60.2 22.8 6.98 -1.53e+03 -799 -255 
-0.528 4.15 1.1 0.243 443 193 60.1 -2.52e+03 -2.03e+03 -899 -2.49e+04 -1.34e+04 -4.51e+03 
-0.685 1.87 0.497 0.109 188 75.5 22.8 -2.04e+03 -2.06e+03 -1.07e+03 -1.99e+04 -1.19e+04 -4.25e+03 
-0.331 0.684 0.182 0.0397 59.3 23.1 6.99 -900 -1.06e+03 -632 -8.73e+03 -5.56e+03 -2.04e+03 
-0.194 217 56.4 12.4 -4.61e+03 -3.72e+03 -1.53e+03 -2.49e+04 -1.99e+04 -8.73e+03 -2.75e+05 -1.45e+05 -4.84e+04 
0.461 75.5 19.6 4.32 -2.24e+03 -1.89e+03 -799 -1.34e+04 -1.19e+04 -5.57e+03 -1.45e+05 -8.22e+04 -2.88e+04 
0.762 20.1 5.23 1.15 -681 -592 -255 -4.52e+03 -4.25e+03 -2.04e+03 -4.85e+04 -2.88e+04 -1.06e+04 
S matrix
1 0 0 0 0 0 0 0 0 0 0 0 0 
0 0.0339 0.0104 0.00244 -0.0566 -0.0251 -0.00785 -0.00452 -0.00204 -0.000745 -0.236 -0.0822 -0.0219 
0 0.0104 0.00342 0.000833 -0.0145 -0.00644 -0.00201 -0.00119 -0.000541 -0.000198 -0.0614 -0.0214 -0.00569 
0 0.00244 0.000833 0.000208 -0.00319 -0.00141 -0.000441 -0.000264 -0.000119 -4.32e-05 -0.0135 -0.00469 -0.00125 
0 -0.0566 -0.0145 -0.00319 4.33 2.75 1.05 -0.483 -0.205 -0.0646 5.04 2.44 0.744 
0 -0.0251 -0.00644 -0.00141 2.75 2.07 0.906 -0.21 -0.0824 -0.0253 4.06 2.06 0.647 
0 -0.00785 -0.00201 -0.000441 1.05 0.906 0.454 -0.0656 -0.0249 -0.00763 1.68 0.874 0.278 
0 -0.00452 -0.00119 -0.000264 -0.483 -0.21 -0.0656 2.76 2.23 0.985 27.2 14.6 4.94 
0 -0.00204 -0.000541 -0.000119 -0.205 -0.0824 -0.0249 2.23 2.26 1.17 21.8 13.1 4.66 
0 -0.000745 -0.000198 -4.32e-05 -0.0646 -0.0253 -0.00763 0.985 1.17 0.694 9.56 6.1 2.24 
0 -0.236 -0.0614 -0.0135 5.04 4.06 1.68 27.2 21.8 9.56 300 159 53.1 
0 -0.0822 -0.0214 -0.00469 2.44 2.06 0.874 14.6 13.1 6.1 159 90.2 31.6 
0 -0.0219 -0.00569 -0.00125 0.744 0.647 0.278 4.94 4.66 2.24 53.1 31.6 11.6 
H matrix
-919 -0.231 -0.0654 -0.016 23.7 16.9 3.75 53.3 50.2 8.97 530 282 73.2 
0.0129 -31.1 -9.56 -2.24 51.9 23 7.19 4.15 1.86 0.679 216 75.3 20.1 
0.0058 -9.55 -3.14 -0.765 13.3 5.9 1.85 1.1 0.495 0.181 56.3 19.6 5.22 
0.00181 -2.24 -0.764 -0.191 2.92 1.29 0.404 0.242 0.109 0.0394 12.4 4.3 1.14 
-0.248 52 13.4 2.93 -3.96e+03 -2.52e+03 -962 443 188 59.1 -4.61e+03 -2.24e+03 -681 
0.0531 23.1 5.92 1.3 -2.52e+03 -1.9e+03 -828 193 75.4 23.1 -3.72e+03 -1.89e+03 -592 
0.0629 7.22 1.85 0.406 -963 -827 -414 60.2 22.8 6.98 -1.53e+03 -799 -255 
-0.528 4.15 1.1 0.243 443 193 60.1 -2.52e+03 -2.03e+03 -899 -2.49e+04 -1.34e+04 -4.51e+03 
-0.685 1.87 0.497 0.109 188 75.5 22.8 -2.04e+03 -2.06e+03 -1.07e+03 -1.99e+04 -1.19e+04 -4.25e+03 
-0.331 0.684 0.182 0.0397 59.3 23.1 6.99 -900 -1.06e+03 -632 -8.73e+03 -5.56e+03 -2.04e+03 
-0.194 217 56.4 12.4 -4.61e+03 -3.72e+03 -1.53e+03 -2.49e+04 -1.99e+04 -8.73e+03 -2.75e+05 -1.45e+05 -4.84e+04 
0.461 75.5 19.6 4.32 -2.24e+03 -1.89e+03 -799 -1.34e+04 -1.19e+04 -5.57e+03 -1.45e+05 -8.22e+04 -2.88e+04 
0.762 20.1 5.23 1.15 -681 -592 -255 -4.52e+03 -4.25e+03 -2.04e+03 -4.85e+04 -2.88e+04 -1.06e+04 
S matrix
1 0 0 0 0 0 0 0 0 0 0 0 0 
0 0.0339 0.0104 0.00244 -0.0566 -0.0251 -0.00785 -0.00452 -0.00204 -0.000745 -0.236 -0.0822 -0.0219 
0 0.0104 0.00342 0.000833 -0.0145 -0.00644 -0.00201 -0.00119 -0.000541 -0.000198 -0.0614 -0.0214 -0.00569 
0 0.00244 0.000833 0.000208 -0.00319 -0.00141 -0.000441 -0.000264 -0.000119 -4.32e-05 -0.0135 -0.00469 -0.00125 
0 -0.0566 -0.0145 -0.00319 4.33 2.75 1.05 -0.483 -0.205 -0.0646 5.04 2.44 0.744 
0 -0.0251 -0.00644 -0.00141 2.75 2.07 0.906 -0.21 -0.0824 -0.0253 4.06 2.06 0.647 
0 -0.00785 -0.00201 -0.000441 1.05 0.906 0.454 -0.0656 -0.0249 -0.00763 1.68 0.874 0.278 
0 -0.00452 -0.00119 -0.000264 -0.483 -0.21 -0.0656 2.76 2.23 0.985 27.2 14.6 4.94 
0 -0.00204 -0.000541 -0.000119 -0.205 -0.0824 -0.0249 2.23 2.26 1.17 21.8 13.1 4.66 
0 -0.000745 -0.000198 -4.32e-05 -0.0646 -0.0253 -0.00763 0.985 1.17 0.694 9.56 6.1 2.24 
0 -0.236 -0.0614 -0.0135 5.04 4.06 1.68 27.2 21.8 9.56 300 159 53.1 
0 -0.0822 -0.0214 -0.00469 2.44 2.06 0.874 14.6 13.1 6.1 159 90.2 31.6 
0 -0.0219 -0.00569 -0.00125 0.744 0.647 0.278 4.94 4.66 2.24 53.1 31.6 11.6 
H matrix
-919 -0.231 -0.0654 -0.016 23.7 16.9 3.75 53.3 50.2 8.97 530 282 73.2 
0.0129 -31.1 -9.56 -2.24 51.9 23 7.19 4.15 1.86 0.679 216 75.3 20.1 
0.0058 -9.55 -3.14 -0.765 13.3 5.9 1.85 1.1 0.495 0.181 56.3 19.6 5.22 
0.00181 -2.24 -0.764 -0.191 2.92 1.29 0.404 0.242 0.109 0.0394 12.4 4.3 1.14 
-0.248 52 13.4 2.93 -3.96e+03 -2.52e+03 -962 443 188 59.1 -4.61e+03 -2.24e+03 -681 
0.0531 23.1 5.92 1.3 -2.52e+03 -1.9e+03 -828 193 75.4 23.1 -3.72e+03 -1.89e+03 -592 
0.0629 7.22 1.85 0.406 -963 -827 -414 60.2 22.8 6.98 -1.53e+03 -799 -255 
-0.528 4.15 1.1 0.243 443 193 60.1 -2.52e+03 -2.03e+03 -899 -2.49e+04 -1.34e+04 -4.51e+03 
-0.685 1.87 0.497 0.109 188 75.5 22.8 -2.04e+03 -2.06e+03 -1.07e+03 -1.99e+04 -1.19e+04 -4.25e+03 
-0.331 0.684 0.182 0.0397 59.3 23.1 6.99 -900 -1.06e+03 -632 -8.73e+03 -5.56e+03 -2.04e+03 
-0.194 217 56.4 12.4 -4.61e+03 -3.72e+03 -1.53e+03 -2.49e+04 -1.99e+04 -8.73e+03 -2.75e+05 -1.45e+05 -4.84e+04 
0.461 75.5 19.6 4.32 -2.24e+03 -1.89e+03 -799 -1.34e+04 -1.19e+04 -5.57e+03 -1.45e+05 -8.22e+04 -2.88e+04 
0.762 20.1 5.23 1.15 -681 -592 -255 -4.52e+03 -4.25e+03 -2.04e+03 -4.85e+04 -2.88e+04 -1.06e+04 
S matrix
1 0 0 0 0 0 0 0 0 0 0 0 0 
0 0.0339 0.0104 0.00244 -0.0566 -0.0251 -0.00785 -0.00452 -0.00204 -0.000745 -0.236 -0.0822 -0.0219 
0 0.0104 0.00342 0.000833 -0.0145 -0.00644 -0.00201 -0.00119 -0.000541 -0.000198 -0.0614 -0.0214 -0.00569 
0 0.00244 0.000833 0.000208 -0.00319 -0.00141 -0.000441 -0.000264 -0.000119 -4.32e-05 -0.0135 -0.00469 -0.00125 
0 -0.0566 -0.0145 -0.00319 4.33 2.75 1.05 -0.483 -0.205 -0.0646 5.04 2.44 0.744 
0 -0.0251 -0.00644 -0.00141 2.75 2.07 0.906 -0.21 -0.0824 -0.0253 4.06 2.06 0.647 
0 -0.00785 -0.00201 -0.000441 1.05 0.906 0.454 -0.0656 -0.0249 -0.00763 1.68 0.874 0.278 
0 -0.00452 -0.00119 -0.000264 -0.483 -0.21 -0.0656 2.76 2.23 0.985 27.2 14.6 4.94 
0 -0.00204 -0.000541 -0.000119 -0.205 -0.0824 -0.0249 2.23 2.26 1.17 21.8 13.1 4.66 
0 -0.000745 -0.000198 -4.32e-05 -0.0646 -0.0253 -0.00763 0.985 1.17 0.694 9.56 6.1 2.24 
0 -0.236 -0.0614 -0.0135 5.04 4.06 1.68 27.2 21.8 9.56 300 159 53.1 
0 -0.0822 -0.0214 -0.00469 2.44 2.06 0.874 14.6 13.1 6.1 159 90.2 31.6 
0 -0.0219 -0.00569 -0.00125 0.744 0.647 0.278 4.94 4.66 2.24 53.1 31.6 11.6 
H matrix
-919 -0.231 -0.0654 -0.016 23.7 16.9 3.75 53.3 50.2 8.97 530 282 73.2 
0.0129 -31.1 -9.56 -2.24 51.9 23 7.19 4.15 1.86 0.679 216 75.3 20.1 
0.0058 -9.55 -3.14 -0.765 13.3 5.9 1.85 1.1 0.495 0.181 56.3 19.6 5.22 
0.00181 -2.24 -0.764 -0.191 2.92 1.29 0.404 0.242 0.109 0.0394 12.4 4.3 1.14 
-0.248 52 13.4 2.93 -3.96e+03 -2.52e+03 -962 443 188 59.1 -4.61e+03 -2.24e+03 -681 
0.0531 23.1 5.92 1.3 -2.52e+03 -1.9e+03 -828 193 75.4 23.1 -3.72e+03 -1.89e+03 -592 
0.0629 7.22 1.85 0.406 -963 -827 -414 60.2 22.8 6.98 -1.53e+03 -799 -255 
-0.528 4.15 1.1 0.243 443 193 60.1 -2.52e+03 -2.03e+03 -899 -2.49e+04 -1.34e+04 -4.51e+03 
-0.685 1.87 0.497 0.109 188 75.5 22.8 -2.04e+03 -2.06e+03 -1.07e+03 -1.99e+04 -1.19e+04 -4.25e+03 
-0.331 0.684 0.182 0.0397 59.3 23.1 6.99 -900 -1.06e+03 -632 -8.73e+03 -5.56e+03 -2.04e+03 
-0.194 217 56.4 12.4 -4.61e+03 -3.72e+03 -1.53e+03 -2.49e+04 -1.99e+04 -8.73e+03 -2.75e+05 -1.45e+05 -4.84e+04 
0.461 75.5 19.6 4.32 -2.24e+03 -1.89e+03 -799 -1.34e+04 -1.19e+04 -5.57e+03 -1.45e+05 -8.22e+04 -2.88e+04 
0.762 20.1 5.23 1.15 -681 -592 -255 -4.52e+03 -4.25e+03 -2.04e+03 -4.85e+04 -2.88e+04 -1.06e+04 
S matrix
1 0 0 0 0 0 0 0 0 0 0 0 0 
0 0.0339 0.0104 0.00244 -0.0566 -0.0251 -0.00785 -0.00452 -0.00204 -0.000745 -0.236 -0.0822 -0.0219 
0 0.0104 0.00342 0.000833 -0.0145 -0.00644 -0.00201 -0.00119 -0.000541 -0.000198 -0.0614 -0.0214 -0.00569 
0 0.00244 0.000833 0.000208 -0.00319 -0.00141 -0.000441 -0.000264 -0.000119 -4.32e-05 -0.0135 -0.00469 -0.00125 
0 -0.0566 -0.0145 -0.00319 4.33 2.75 1.05 -0.483 -0.205 -0.0646 5.04 2.44 0.744 
0 -0.0251 -0.00644 -0.00141 2.75 2.07 0.906 -0.21 -0.0824 -0.0253 4.06 2.06 0.647 
0 -0.00785 -0.00201 -0.000441 1.05 0.906 0.454 -0.0656 -0.0249 -0.00763 1.68 0.874 0.278 
0 -0.00452 -0.00119 -0.000264 -0.483 -0.21 -0.0656 2.76 2.23 0.985 27.2 14.6 4.94 
0 -0.00204 -0.000541 -0.000119 -0.205 -0.0824 -0.0249 2.23 2.26 1.17 21.8 13.1 4.66 
0 -0.000745 -0.000198 -4.32e-05 -0.0646 -0.0253 -0.00763 0.985 1.17 0.694 9.56 6.1 2.24 
0 -0.236 -0.0614 -0.0135 5.04 4.06 1.68 27.2 21.8 9.56 300 159 53.1 
0 -0.0822 -0.0214 -0.00469 2.44 2.06 0.874 14.6 13.1 6.1 159 90.2 31.6 
0 -0.0219 -0.00569 -0.00125 0.744 0.647 0.278 4.94 4.66 2.24 53.1 31.6 11.6 
H matrix
-919 -0.231 -0.0654 -0.016 23.7 16.9 3.75 53.3 50.2 8.97 530 282 73.2 
0.0129 -31.1 -9.56 -2.24 51.9 23 7.19 4.15 1.86 0.679 216 75.3 20.1 
0.0058 -9.55 -3.14 -0.765 13.3 5.9 1.85 1.1 0.495 0.181 56.3 19.6 5.22 
0.00181 -2.24 -0.764 -0.191 2.92 1.29 0.404 0.242 0.109 0.0394 12.4 4.3 1.14 
-0.248 52 13.4 2.93 -3.96e+03 -2.52e+03 -962 443 188 59.1 -4.61e+03 -2.24e+03 -681 
0.0531 23.1 5.92 1.3 -2.52e+03 -1.9e+03 -828 193 75.4 23.1 -3.72e+03 -1.89e+03 -592 
0.0629 7.22 1.85 0.406 -963 -827 -414 60.2 22.8 6.98 -1.53e+03 -799 -255 
-0.528 4.15 1.1 0.243 443 193 60.1 -2.52e+03 -2.03e+03 -899 -2.49e+04 -1.34e+04 -4.51e+03 
-0.685 1.87 0.497 0.109 188 75.5 22.8 -2.04e+03 -2.06e+03 -1.07e+03 -1.99e+04 -1.19e+04 -4.25e+03 
-0.331 0.684 0.182 0.0397 59.3 23.1 6.99 -900 -1.06e+03 -632 -8.73e+03 -5.56e+03 -2.04e+03 
-0.194 217 56.4 12.4 -4.61e+03 -3.72e+03 -1.53e+03 -2.49e+04 -1.99e+04 -8.73e+03 -2.75e+05 -1.45e+05 -4.84e+04 
0.461 75.5 19.6 4.32 -2.24e+03 -1.89e+03 -799 -1.34e+04 -1.19e+04 -5.57e+03 -1.45e+05 -8.22e+04 -2.88e+04 
0.762 20.1 5.23 1.15 -681 -592 -255 -4.52e+03 -4.25e+03 -2.04e+03 -4.85e+04 -2.88e+04 -1.06e+04 
0.762 20.1 5.23 1.15 -681 -592 -255 -4.52e+03 -4.25e+03 -2.04e+03 -4.85e+04 -2.88e+04 -1.06e+04 
proportions significant
S0 1
S 0.08333333333
H0 1
enderiv 1
H 0.08333333333
energy derivative -0.2434321281 +/- 7.650671314e-05
energy derivative -0.07121913148 +/- 3.139335795e-05
energy derivative -0.01783231392 +/- 9.281843086e-06
energy derivative 23.96439864 +/- 0.002284268531
energy derivative 16.80303625 +/- 0.004136642451
energy derivative 3.688984405 +/- 0.003347739466
energy derivative 53.87536823 +/- 0.003610718794
energy derivative 50.86806536 +/- 0.007556245854
energy derivative 9.300854451 +/- 0.007160348492
energy derivative 530.0883288 +/- 0.05621166593
energy derivative 281.7973699 +/- 0.04248182924
energy derivative 72.46780999 +/- 0.0314875212
S matrix
1 0 0 0 0 0 0 0 0 0 0 0 0 
0 0.0339 0.0104 0.00244 -0.0566 -0.0251 -0.00785 -0.00452 -0.00204 -0.000745 -0.236 -0.0822 -0.0219 
0 0.0104 0.00342 0.000833 -0.0145 -0.00644 -0.00201 -0.00119 -0.000541 -0.000198 -0.0614 -0.0214 -0.00569 
0 0.00244 0.000833 0.000208 -0.00319 -0.00141 -0.000441 -0.000264 -0.000119 -4.32e-05 -0.0135 -0.00469 -0.00125 
0 -0.0566 -0.0145 -0.00319 4.33 2.75 1.05 -0.483 -0.205 -0.0646 5.04 2.44 0.744 
0 -0.0251 -0.00644 -0.00141 2.75 2.07 0.906 -0.21 -0.0824 -0.0253 4.06 2.06 0.647 
0 -0.00785 -0.00201 -0.000441 1.05 0.906 0.454 -0.0656 -0.0249 -0.00763 1.68 0.874 0.278 
0 -0.00452 -0.00119 -0.000264 -0.483 -0.21 -0.0656 2.76 2.23 0.985 27.2 14.6 4.94 
0 -0.00204 -0.000541 -0.000119 -0.205 -0.0824 -0.0249 2.23 2.26 1.17 21.8 13.1 4.66 
0 -0.000745 -0.000198 -4.32e-05 -0.0646 -0.0253 -0.00763 0.985 1.17 0.694 9.56 6.1 2.24 
0 -0.236 -0.0614 -0.0135 5.04 4.06 1.68 27.2 21.8 9.56 300 159 53.1 
0 -0.0822 -0.0214 -0.00469 2.44 2.06 0.874 14.6 13.1 6.1 159 90.2 31.6 
0 -0.0219 -0.00569 -0.00125 0.744 0.647 0.278 4.94 4.66 2.24 53.1 31.6 11.6 
H matrix
-919 -0.231 -0.0654 -0.016 23.7 16.9 3.75 53.3 50.2 8.97 530 282 73.2 
0.0129 -31.1 -9.56 -2.24 51.9 23 7.19 4.15 1.86 0.679 216 75.3 20.1 
0.0058 -9.55 -3.14 -0.765 13.3 5.9 1.85 1.1 0.495 0.181 56.3 19.6 5.22 
0.00181 -2.24 -0.764 -0.191 2.92 1.29 0.404 0.242 0.109 0.0394 12.4 4.3 1.14 
-0.248 52 13.4 2.93 -3.96e+03 -2.52e+03 -962 443 188 59.1 -4.61e+03 -2.24e+03 -681 
S matrix
1 0 0 0 0 0 0 0 0 0 0 0 0 
0 0.0339 0.0104 0.00244 -0.0566 -0.0251 -0.00785 -0.00452 -0.00204 -0.000745 -0.236 -0.0822 -0.0219 
0 0.0104 0.00342 0.000833 -0.0145 -0.00644 -0.00201 -0.00119 -0.000541 -0.000198 -0.0614 -0.0214 -0.00569 
0 0.00244 0.000833 0.000208 -0.00319 -0.00141 -0.000441 -0.000264 -0.000119 -4.32e-05 -0.0135 -0.00469 -0.00125 
0 -0.0566 -0.0145 -0.00319 4.33 2.75 1.05 -0.483 -0.205 -0.0646 5.04 2.44 0.744 
0 -0.0251 -0.00644 -0.00141 2.75 2.07 0.906 -0.21 -0.0824 -0.0253 4.06 2.06 0.647 
0 -0.00785 -0.00201 -0.000441 1.05 0.906 0.454 -0.0656 -0.0249 -0.00763 1.68 0.874 0.278 
0 -0.00452 -0.00119 -0.000264 -0.483 -0.21 -0.0656 2.76 2.23 0.985 27.2 14.6 4.94 
0 -0.00204 -0.000541 -0.000119 -0.205 -0.0824 -0.0249 2.23 2.26 1.17 21.8 13.1 4.66 
0 -0.000745 -0.000198 -4.32e-05 -0.0646 -0.0253 -0.00763 0.985 1.17 0.694 9.56 6.1 2.24 
0 -0.236 -0.0614 -0.0135 5.04 4.06 1.68 27.2 21.8 9.56 300 159 53.1 
S matrix
1 0 0 0 0 0 0 0 0 0 0 0 0 
0 0.0339 0.0104 0.00244 -0.0566 -0.0251 -0.00785 -0.00452 -0.00204 -0.000745 -0.236 -0.0822 -0.0219 
0 0.0104 0.00342 0.000833 -0.0145 -0.00644 -0.00201 -0.00119 -0.000541 -0.000198 -0.0614 -0.0214 -0.00569 
0 0.00244 0.000833 0.000208 -0.00319 -0.00141 -0.000441 -0.000264 -0.000119 -4.32e-05 -0.0135 -0.00469 -0.00125 
0 -0.0566 -0.0145 -0.00319 4.33 2.75 1.05 -0.483 -0.205 -0.0646 5.04 2.44 0.744 
0 -0.0251 -0.00644 -0.00141 2.75 2.07 0.906 -0.21 -0.0824 -0.0253 4.06 2.06 0.647 
