--------------------------------------------------------------------------
[[18795,1],15]: A high-performance Open MPI point-to-point messaging module
was unable to find any relevant network interfaces:

Module: OpenFabrics (openib)
  Host: golub219

Another transport will be used instead, although this may result in
lower performance.
--------------------------------------------------------------------------
0: output to qwalk_000.linear.o
cutoff 9.59706
19: cell volume 1430.02
 total centers 271
0: cell volume 1430.02
**Warning** atom 4 is out of the simulation cell.  Putting it inside.
**Warning** atom 5 is out of the simulation cell.  Putting it inside.
**Warning** atom 6 is out of the simulation cell.  Putting it inside.
**Warning** atom 8 is out of the simulation cell.  Putting it inside.
**Warning** atom 10 is out of the simulation cell.  Putting it inside.
**Warning** atom 12 is out of the simulation cell.  Putting it inside.
**Warning** atom 13 is out of the simulation cell.  Putting it inside.
0: elsu 6.48894
0: alpha 0.770542
2: cell volume 1430.02
2: elsu 6.48894
2: alpha 0.770542
3: cell volume 1430.02
7: cell volume 1430.02
7: elsu 6.48894
7: alpha 0.770542
11: cell volume 1430.02
11: elsu 6.48894
11: alpha 0.770542
12: cell volume 1430.02
13: cell volume 1430.02
3: elsu 6.48894
3: alpha 0.770542
13: elsu 6.48894
13: alpha 0.770542
14: cell volume 1430.02
15: cell volume 1430.02
16: cell volume 1430.02
18: cell volume 1430.02
1: cell volume 1430.02
4: cell volume 1430.02
5: cell volume 1430.02
9: cell volume 1430.02
8: cell volume 1430.02
14: elsu 6.48894
14: alpha 0.770542
15: elsu 6.48894
15: alpha 0.770542
16: elsu 6.48894
16: alpha 0.770542
19: elsu 6.48894
19: alpha 0.770542
1: elsu 6.48894
1: alpha 0.770542
4: elsu 6.48894
4: alpha 0.770542
9: elsu 6.48894
9: alpha 0.770542
5: elsu 6.48894
5: alpha 0.770542
12: elsu 6.48894
12: alpha 0.770542
18: elsu 6.48894
18: alpha 0.770542
17: cell volume 1430.02
17: elsu 6.48894
17: alpha 0.770542
6: cell volume 1430.02
6: elsu 6.48894
6: alpha 0.770542
10: cell volume 1430.02
10: elsu 6.48894
10: alpha 0.770542
8: elsu 6.48894
8: alpha 0.770542
11: real space ion-ion 0.0258213
12: real space ion-ion 0.0258213
18: real space ion-ion 0.0258213
16: real space ion-ion 0.0258213
19: real space ion-ion 0.0258213
11: reciprocal space ion 377.807
12: reciprocal space ion 377.807
19: reciprocal space ion 377.807
16: reciprocal space ion 377.807
18: reciprocal space ion 377.807
17: real space ion-ion 0.0258213
17: reciprocal space ion 377.807
3: real space ion-ion 0.0258213
13: real space ion-ion 0.0258213
14: real space ion-ion 0.0258213
3: reciprocal space ion 377.807
14: reciprocal space ion 377.807
13: reciprocal space ion 377.807
6: real space ion-ion 0.0258213
6: reciprocal space ion 377.807
1: real space ion-ion 0.0258213
1: reciprocal space ion 377.807
15: real space ion-ion 0.0258213
15: reciprocal space ion 377.807
9: real space ion-ion 0.0258213
9: reciprocal space ion 377.807
8: real space ion-ion 0.0258213
8: reciprocal space ion 377.807
Ewald sum using 2491 reciprocal points
0: real space ion-ion 0.0258213
0: reciprocal space ion 377.807
7: real space ion-ion 0.0258213
7: reciprocal space ion 377.807
2: real space ion-ion 0.0258213
2: reciprocal space ion 377.807
4: real space ion-ion 0.0258213
4: reciprocal space ion 377.807
5: real space ion-ion 0.0258213
5: reciprocal space ion 377.807
10: real space ion-ion 0.0258213
10: reciprocal space ion 377.807
Could not open qwalk_000.linear.config. Generating configurations from scratch
[golub219:65107] 19 more processes have sent help message help-mpi-btl-base.txt / btl:no-nics
[golub219:65107] Set MCA parameter "orte_base_help_aggregate" to 0 to see all help / error messages
12: Timestep is 0.418
8: Timestep is 0.418
19: Timestep is 0.418
18: Timestep is 0.418
17: Timestep is 0.418
2: Timestep is 0.418
13: Timestep is 0.418
10: Timestep is 0.418
9: Timestep is 0.418
4: Timestep is 0.418
3: Timestep is 0.418
5: Timestep is 0.418
14: Timestep is 0.418
11: Timestep is 0.418
1: Timestep is 0.418
16: Timestep is 0.418
0: Timestep is 0.418
15: Timestep is 0.418
7: Timestep is 0.418
6: Timestep is 0.418
1: Write took 0 seconds
1: Write took 0 seconds
1: Write took 0 seconds
1: Write took 0 seconds
1: Write took 0 seconds
1: Write took 0 seconds
1: Write took 0 seconds
1: Write took 0 seconds
1: Write took 0 seconds
1: Write took 0 seconds
1: Write took 0 seconds
1: Write took 0 seconds
1: Write took 0 seconds
1: Write took 0 seconds
1: Write took 0 seconds
1: Write took 0 seconds
1: Write took 0 seconds
1: Write took 0 seconds
1: Write took 0 seconds
1: Write took 0 seconds
S matrix
1 0 0 0 0 0 0 0 0 0 0 0 0 
0 0.0349 0.0107 0.00252 -0.0594 -0.0267 -0.00847 -0.00431 -0.00176 -0.000504 -0.243 -0.0846 -0.0225 
0 0.0107 0.00354 0.000862 -0.0153 -0.00689 -0.00219 -0.00111 -0.000429 -0.00011 -0.063 -0.0219 -0.00582 
0 0.00252 0.000862 0.000215 -0.00336 -0.00151 -0.000482 -0.000245 -9.24e-05 -2.17e-05 -0.0139 -0.00482 -0.00128 
0 -0.0594 -0.0153 -0.00336 4.4 2.79 1.07 -0.497 -0.211 -0.0661 5.16 2.5 0.76 
0 -0.0267 -0.00689 -0.00151 2.79 2.1 0.917 -0.221 -0.0866 -0.0262 4.12 2.09 0.654 
0 -0.00847 -0.00219 -0.000482 1.07 0.917 0.459 -0.0698 -0.0263 -0.00763 1.7 0.883 0.282 
0 -0.00431 -0.00111 -0.000245 -0.497 -0.221 -0.0698 2.67 2.18 0.967 26.4 14.3 4.83 
0 -0.00176 -0.000429 -9.24e-05 -0.211 -0.0866 -0.0263 2.18 2.23 1.16 21.3 12.9 4.6 
0 -0.000504 -0.00011 -2.17e-05 -0.0661 -0.0262 -0.00763 0.967 1.16 0.693 9.39 6.04 2.22 
0 -0.243 -0.063 -0.0139 5.16 4.12 1.7 26.4 21.3 9.39 292 155 52 
0 -0.0846 -0.0219 -0.00482 2.5 2.09 0.883 14.3 12.9 6.04 155 88.6 31.1 
0 -0.0225 -0.00582 -0.00128 0.76 0.654 0.282 4.83 4.6 2.22 52 31.1 11.5 
H matrix
-919 -0.233 -0.0664 -0.0163 24.2 17.1 3.82 53.1 50.4 9.05 529 284 73.8 
0.0121 -32.1 -9.88 -2.32 54.5 24.5 7.76 3.96 1.61 0.461 223 77.6 20.7 
0.00556 -9.87 -3.25 -0.792 14 6.32 2.01 1.02 0.393 0.101 57.8 20.1 5.33 
0.00174 -2.31 -0.791 -0.198 3.08 1.39 0.442 0.224 0.0847 0.0199 12.7 4.42 1.17 
-0.284 54.6 14.1 3.09 -4.04e+03 -2.56e+03 -978 456 193 60.6 -4.72e+03 -2.29e+03 -696 
0.0117 24.6 6.34 1.39 -2.56e+03 -1.92e+03 -838 202 79.3 24 -3.77e+03 -1.91e+03 -599 
0.068 7.79 2.02 0.444 -979 -838 -418 64 24.1 6.98 -1.55e+03 -808 -258 
0.0187 3.96 1.02 0.225 456 202 63.9 -2.45e+03 -1.99e+03 -884 -2.41e+04 -1.3e+04 -4.41e+03 
-0.179 1.61 0.394 0.0849 193 79.4 24.1 -1.99e+03 -2.03e+03 -1.06e+03 -1.95e+04 -1.17e+04 -4.2e+03 
-0.0357 0.463 0.101 0.02 60.7 24 7 -885 -1.06e+03 -631 -8.57e+03 -5.5e+03 -2.03e+03 
5.08 223 58 12.8 -4.73e+03 -3.78e+03 -1.55e+03 -2.41e+04 -1.94e+04 -8.58e+03 -2.67e+05 -1.41e+05 -4.74e+04 
3.34 77.8 20.1 4.44 -2.29e+03 -1.91e+03 -808 -1.31e+04 -1.17e+04 -5.51e+03 -1.42e+05 -8.09e+04 -2.84e+04 
1.62 20.7 5.35 1.18 -696 -599 -258 -4.42e+03 -4.2e+03 -2.03e+03 -4.75e+04 -2.84e+04 -1.05e+04 
S matrix
1 0 0 0 0 0 0 0 0 0 0 0 0 
0 0.0349 0.0107 0.00252 -0.0594 -0.0267 -0.00847 -0.00431 -0.00176 -0.000504 -0.243 -0.0846 -0.0225 
0 0.0107 0.00354 0.000862 -0.0153 -0.00689 -0.00219 -0.00111 -0.000429 -0.00011 -0.063 -0.0219 -0.00582 
0 0.00252 0.000862 0.000215 -0.00336 -0.00151 -0.000482 -0.000245 -9.24e-05 -2.17e-05 -0.0139 -0.00482 -0.00128 
0 -0.0594 -0.0153 -0.00336 4.4 2.79 1.07 -0.497 -0.211 -0.0661 5.16 2.5 0.76 
0 -0.0267 -0.00689 -0.00151 2.79 2.1 0.917 -0.221 -0.0866 -0.0262 4.12 2.09 0.654 
0 -0.00847 -0.00219 -0.000482 1.07 0.917 0.459 -0.0698 -0.0263 -0.00763 1.7 0.883 0.282 
0 -0.00431 -0.00111 -0.000245 -0.497 -0.221 -0.0698 2.67 2.18 0.967 26.4 14.3 4.83 
0 -0.00176 -0.000429 -9.24e-05 -0.211 -0.0866 -0.0263 2.18 2.23 1.16 21.3 12.9 4.6 
0 -0.000504 -0.00011 -2.17e-05 -0.0661 -0.0262 -0.00763 0.967 1.16 0.693 9.39 6.04 2.22 
0 -0.243 -0.063 -0.0139 5.16 4.12 1.7 26.4 21.3 9.39 292 155 52 
0 -0.0846 -0.0219 -0.00482 2.5 2.09 0.883 14.3 12.9 6.04 155 88.6 31.1 
0 -0.0225 -0.00582 -0.00128 0.76 0.654 0.282 4.83 4.6 2.22 52 31.1 11.5 
H matrix
-919 -0.233 -0.0664 -0.0163 24.2 17.1 3.82 53.1 50.4 9.05 529 284 73.8 
0.0121 -32.1 -9.88 -2.32 54.5 24.5 7.76 3.96 1.61 0.461 223 77.6 20.7 
0.00556 -9.87 -3.25 -0.792 14 6.32 2.01 1.02 0.393 0.101 57.8 20.1 5.33 
0.00174 -2.31 -0.791 -0.198 3.08 1.39 0.442 0.224 0.0847 0.0199 12.7 4.42 1.17 
-0.284 54.6 14.1 3.09 -4.04e+03 -2.56e+03 -978 456 193 60.6 -4.72e+03 -2.29e+03 -696 
0.0117 24.6 6.34 1.39 -2.56e+03 -1.92e+03 -838 202 79.3 24 -3.77e+03 -1.91e+03 -599 
0.068 7.79 2.02 0.444 -979 -838 -418 64 24.1 6.98 -1.55e+03 -808 -258 
0.0187 3.96 1.02 0.225 456 202 63.9 -2.45e+03 -1.99e+03 -884 -2.41e+04 -1.3e+04 -4.41e+03 
-0.179 1.61 0.394 0.0849 193 79.4 24.1 -1.99e+03 -2.03e+03 -1.06e+03 -1.95e+04 -1.17e+04 -4.2e+03 
-0.0357 0.463 0.101 0.02 60.7 24 7 -885 -1.06e+03 -631 -8.57e+03 -5.5e+03 -2.03e+03 
5.08 223 58 12.8 -4.73e+03 -3.78e+03 -1.55e+03 -2.41e+04 -1.94e+04 -8.58e+03 -2.67e+05 -1.41e+05 -4.74e+04 
3.34 77.8 20.1 4.44 -2.29e+03 -1.91e+03 -808 -1.31e+04 -1.17e+04 -5.51e+03 -1.42e+05 -8.09e+04 -2.84e+04 
1.62 20.7 5.35 1.18 -696 -599 -258 -4.42e+03 -4.2e+03 -2.03e+03 -4.75e+04 -2.84e+04 -1.05e+04 
S matrix
1 0 0 0 0 0 0 0 0 0 0 0 0 
0 0.0349 0.0107 0.00252 -0.0594 -0.0267 -0.00847 -0.00431 -0.00176 -0.000504 -0.243 -0.0846 -0.0225 
0 0.0107 0.00354 0.000862 -0.0153 -0.00689 -0.00219 -0.00111 -0.000429 -0.00011 -0.063 -0.0219 -0.00582 
0 0.00252 0.000862 0.000215 -0.00336 -0.00151 -0.000482 -0.000245 -9.24e-05 -2.17e-05 -0.0139 -0.00482 -0.00128 
0 -0.0594 -0.0153 -0.00336 4.4 2.79 1.07 -0.497 -0.211 -0.0661 5.16 2.5 0.76 
0 -0.0267 -0.00689 -0.00151 2.79 2.1 0.917 -0.221 -0.0866 -0.0262 4.12 2.09 0.654 
S matrix
1 0 0 0 0 0 0 0 0 0 0 0 0 
0 0.0349 0.0107 0.00252 -0.0594 -0.0267 -0.00847 -0.00431 -0.00176 -0.000504 -0.243 -0.0846 -0.0225 
0 0.0107 0.00354 0.000862 -0.0153 -0.00689 -0.00219 -0.00111 -0.000429 -0.00011 -0.063 -0.0219 -0.00582 
0 0.00252 0.000862 0.000215 -0.00336 -0.00151 -0.000482 -0.000245 -9.24e-05 -2.17e-05 -0.0139 -0.00482 -0.00128 
0 -0.0594 -0.0153 -0.00336 4.4 2.79 1.07 -0.497 -0.211 -0.0661 5.16 2.5 0.76 
0 -0.0267 -0.00689 -0.00151 2.79 2.1 0.917 -0.221 -0.0866 -0.0262 4.12 2.09 0.654 
0 -0.00847 -0.00219 -0.000482 1.07 0.917 0.459 -0.0698 -0.0263 -0.00763 1.7 0.883 0.282 
0 -0.00847 -0.00219 -0.000482 1.07 0.917 0.459 -0.0698 -0.0263 -0.00763 1.7 0.883 0.282 
0 -0.00431 -0.00111 -0.000245 -0.497 -0.221 -0.0698 2.67 2.18 0.967 26.4 14.3 4.83 
0 -0.00176 -0.000429 -9.24e-05 -0.211 -0.0866 -0.0263 2.18 2.23 1.16 21.3 12.9 4.6 
0 -0.000504 -0.00011 -2.17e-05 -0.0661 -0.0262 -0.00763 0.967 1.16 0.693 9.39 6.04 2.22 
0 -0.243 -0.063 -0.0139 5.16 4.12 1.7 26.4 21.3 9.39 292 155 52 
0 -0.0846 -0.0219 -0.00482 2.5 2.09 0.883 14.3 12.9 6.04 155 88.6 31.1 
0 -0.0225 -0.00582 -0.00128 0.76 0.654 0.282 4.83 4.6 2.22 52 31.1 11.5 
H matrix
-919 -0.233 -0.0664 -0.0163 24.2 17.1 3.82 53.1 50.4 9.05 529 284 73.8 
0.0121 -32.1 -9.88 -2.32 54.5 24.5 7.76 3.96 1.61 0.461 223 77.6 20.7 
0 -0.00431 -0.00111 -0.000245 -0.497 -0.221 -0.0698 2.67 2.18 0.967 26.4 14.3 4.83 
0 -0.00176 -0.000429 -9.24e-05 -0.211 -0.0866 -0.0263 2.18 2.23 1.16 21.3 12.9 4.6 
0 -0.000504 -0.00011 -2.17e-05 -0.0661 -0.0262 -0.00763 0.967 1.16 0.693 9.39 6.04 2.22 
0 -0.243 -0.063 -0.0139 5.16 4.12 1.7 26.4 21.3 9.39 292 155 52 
0 -0.0846 -0.0219 -0.00482 2.5 2.09 0.883 14.3 12.9 6.04 155 88.6 31.1 
0 -0.0225 -0.00582 -0.00128 0.76 0.654 0.282 4.83 4.6 2.22 52 31.1 11.5 
H matrix
-919 -0.233 -0.0664 -0.0163 24.2 17.1 3.82 53.1 50.4 9.05 529 284 73.8 
0.0121 -32.1 -9.88 -2.32 54.5 24.5 7.76 3.96 1.61 0.461 223 77.6 20.7 
0.00556 -9.87 -3.25 -0.792 14 6.32 2.01 1.02 0.393 0.101 57.8 20.1 5.33 
0.00556 -9.87 -3.25 -0.792 14 6.32 2.01 1.02 0.393 0.101 57.8 20.1 5.33 
0.00174 -2.31 -0.791 -0.198 3.08 1.39 0.442 0.224 0.0847 0.0199 12.7 4.42 1.17 
-0.284 54.6 14.1 3.09 -4.04e+03 -2.56e+03 -978 456 193 60.6 -4.72e+03 -2.29e+03 -696 
0.0117 24.6 6.34 1.39 -2.56e+03 -1.92e+03 -838 202 79.3 24 -3.77e+03 -1.91e+03 -599 
0.068 7.79 2.02 0.444 -979 -838 -418 64 24.1 6.98 -1.55e+03 -808 -258 
0.00174 -2.31 -0.791 -0.198 3.08 1.39 0.442 0.224 0.0847 0.0199 12.7 4.42 1.17 
-0.284 54.6 14.1 3.09 -4.04e+03 -2.56e+03 -978 456 193 60.6 -4.72e+03 -2.29e+03 -696 
0.0117 24.6 6.34 1.39 -2.56e+03 -1.92e+03 -838 202 79.3 24 -3.77e+03 -1.91e+03 -599 
0.068 7.79 2.02 0.444 -979 -838 -418 64 24.1 6.98 -1.55e+03 -808 -258 
0.0187 3.96 1.02 0.225 456 202 63.9 -2.45e+03 -1.99e+03 -884 -2.41e+04 -1.3e+04 -4.41e+03 
-0.179 1.61 0.394 0.0849 193 79.4 24.1 -1.99e+03 -2.03e+03 -1.06e+03 -1.95e+04 -1.17e+04 -4.2e+03 
-0.0357 0.463 0.101 0.02 60.7 24 7 -885 -1.06e+03 -631 -8.57e+03 -5.5e+03 -2.03e+03 
5.08 223 58 12.8 -4.73e+03 -3.78e+03 -1.55e+03 -2.41e+04 -1.94e+04 -8.58e+03 -2.67e+05 -1.41e+05 -4.74e+04 
3.34 77.8 20.1 4.44 -2.29e+03 -1.91e+03 -808 -1.31e+04 -1.17e+04 -5.51e+03 -1.42e+05 -8.09e+04 -2.84e+04 
1.62 20.7 5.35 1.18 -696 -599 -258 -4.42e+03 -4.2e+03 -2.03e+03 -4.75e+04 -2.84e+04 -1.05e+04 
0.0187 3.96 1.02 0.225 456 202 63.9 -2.45e+03 -1.99e+03 -884 -2.41e+04 -1.3e+04 -4.41e+03 
-0.179 1.61 0.394 0.0849 193 79.4 24.1 -1.99e+03 -2.03e+03 -1.06e+03 -1.95e+04 -1.17e+04 -4.2e+03 
-0.0357 0.463 0.101 0.02 60.7 24 7 -885 -1.06e+03 -631 -8.57e+03 -5.5e+03 -2.03e+03 
5.08 223 58 12.8 -4.73e+03 -3.78e+03 -1.55e+03 -2.41e+04 -1.94e+04 -8.58e+03 -2.67e+05 -1.41e+05 -4.74e+04 
3.34 77.8 20.1 4.44 -2.29e+03 -1.91e+03 -808 -1.31e+04 -1.17e+04 -5.51e+03 -1.42e+05 -8.09e+04 -2.84e+04 
1.62 20.7 5.35 1.18 -696 -599 -258 -4.42e+03 -4.2e+03 -2.03e+03 -4.75e+04 -2.84e+04 -1.05e+04 
S matrix
1 0 0 0 0 0 0 0 0 0 0 0 0 
0 0.0349 0.0107 0.00252 -0.0594 -0.0267 -0.00847 -0.00431 -0.00176 -0.000504 -0.243 -0.0846 -0.0225 
0 0.0107 0.00354 0.000862 -0.0153 -0.00689 -0.00219 -0.00111 -0.000429 -0.00011 -0.063 -0.0219 -0.00582 
0 0.00252 0.000862 0.000215 -0.00336 -0.00151 -0.000482 -0.000245 -9.24e-05 -2.17e-05 -0.0139 -0.00482 -0.00128 
0 -0.0594 -0.0153 -0.00336 4.4 2.79 1.07 -0.497 -0.211 -0.0661 5.16 2.5 0.76 
0 -0.0267 -0.00689 -0.00151 2.79 2.1 0.917 -0.221 -0.0866 -0.0262 4.12 2.09 0.654 
0 -0.00847 -0.00219 -0.000482 1.07 0.917 0.459 -0.0698 -0.0263 -0.00763 1.7 0.883 0.282 
0 -0.00431 -0.00111 -0.000245 -0.497 -0.221 -0.0698 2.67 2.18 0.967 26.4 14.3 4.83 
0 -0.00176 -0.000429 -9.24e-05 -0.211 -0.0866 -0.0263 2.18 2.23 1.16 21.3 12.9 4.6 
0 -0.000504 -0.00011 -2.17e-05 -0.0661 -0.0262 -0.00763 0.967 1.16 0.693 9.39 6.04 2.22 
0 -0.243 -0.063 -0.0139 5.16 4.12 1.7 26.4 21.3 9.39 292 155 52 
0 -0.0846 -0.0219 -0.00482 2.5 2.09 0.883 14.3 12.9 6.04 155 88.6 31.1 
0 -0.0225 -0.00582 -0.00128 0.76 0.654 0.282 4.83 4.6 2.22 52 31.1 11.5 
H matrix
-919 -0.233 -0.0664 -0.0163 24.2 17.1 3.82 53.1 50.4 9.05 529 284 73.8 
0.0121 -32.1 -9.88 -2.32 54.5 24.5 7.76 3.96 1.61 0.461 223 77.6 20.7 
0.00556 -9.87 -3.25 -0.792 14 6.32 2.01 1.02 0.393 0.101 57.8 20.1 5.33 
0.00174 -2.31 -0.791 -0.198 3.08 1.39 0.442 0.224 0.0847 0.0199 12.7 4.42 1.17 
-0.284 54.6 14.1 3.09 -4.04e+03 -2.56e+03 -978 456 193 60.6 -4.72e+03 -2.29e+03 -696 
0.0117 24.6 6.34 1.39 -2.56e+03 -1.92e+03 -838 202 79.3 24 -3.77e+03 -1.91e+03 -599 
0.068 7.79 2.02 0.444 -979 -838 -418 64 24.1 6.98 -1.55e+03 -808 -258 
S matrix
1 0 0 0 0 0 0 0 0 0 0 0 0 
0 0.0349 0.0107 0.00252 -0.0594 -0.0267 -0.00847 -0.00431 -0.00176 -0.000504 -0.243 -0.0846 -0.0225 
0 0.0107 0.00354 0.000862 -0.0153 -0.00689 -0.00219 -0.00111 -0.000429 -0.00011 -0.063 -0.0219 -0.00582 
S matrix
1 0 0 0 0 0 0 0 0 0 0 0 0 
0 0.0349 0.0107 0.00252 -0.0594 -0.0267 -0.00847 -0.00431 -0.00176 -0.000504 -0.243 -0.0846 -0.0225 
0 0.0107 0.00354 0.000862 -0.0153 -0.00689 -0.00219 -0.00111 -0.000429 -0.00011 -0.063 -0.0219 -0.00582 
0 0.00252 0.000862 0.000215 -0.00336 -0.00151 -0.000482 -0.000245 -9.24e-05 -2.17e-05 -0.0139 -0.00482 -0.00128 
0 -0.0594 -0.0153 -0.00336 4.4 2.79 1.07 -0.497 -0.211 -0.0661 5.16 2.5 0.76 
0 -0.0267 -0.00689 -0.00151 2.79 2.1 0.917 -0.221 -0.0866 -0.0262 4.12 2.09 0.654 
0 -0.00847 -0.00219 -0.000482 1.07 0.917 0.459 -0.0698 -0.0263 -0.00763 1.7 0.883 0.282 
0 -0.00431 -0.00111 -0.000245 -0.497 -0.221 -0.0698 2.67 2.18 0.967 26.4 14.3 4.83 
0 -0.00176 -0.000429 -9.24e-05 -0.211 -0.0866 -0.0263 2.18 2.23 1.16 21.3 12.9 4.6 
0 -0.000504 -0.00011 -2.17e-05 -0.0661 -0.0262 -0.00763 0.967 1.16 0.693 9.39 6.04 2.22 
0 -0.243 -0.063 -0.0139 5.16 4.12 1.7 26.4 21.3 9.39 292 155 52 
S matrix
1 0 0 0 0 0 0 0 0 0 0 0 0 
0 0.0349 0.0107 0.00252 -0.0594 -0.0267 -0.00847 -0.00431 -0.00176 -0.000504 -0.243 -0.0846 -0.0225 
0 0.0107 0.00354 0.000862 -0.0153 -0.00689 -0.00219 -0.00111 -0.000429 -0.00011 -0.063 -0.0219 -0.00582 
0 0.00252 0.000862 0.000215 -0.00336 -0.00151 -0.000482 -0.000245 -9.24e-05 -2.17e-05 -0.0139 -0.00482 -0.00128 
0 -0.0594 -0.0153 -0.00336 4.4 2.79 1.07 -0.497 -0.211 -0.0661 5.16 2.5 0.76 
0 -0.0267 -0.00689 -0.00151 2.79 2.1 0.917 -0.221 -0.0866 -0.0262 4.12 2.09 0.654 
0 -0.00847 -0.00219 -0.000482 1.07 0.917 0.459 -0.0698 -0.0263 -0.00763 1.7 0.883 0.282 
S matrix
1 0 0 0 0 0 0 0 0 0 0 0 0 
0 0.0349 0.0107 0.00252 -0.0594 -0.0267 -0.00847 -0.00431 -0.00176 -0.000504 -0.243 -0.0846 -0.0225 
0 0.0107 0.00354 0.000862 -0.0153 -0.00689 -0.00219 -0.00111 -0.000429 -0.00011 -0.063 -0.0219 -0.00582 
0 0.00252 0.000862 0.000215 -0.00336 -0.00151 -0.000482 -0.000245 -9.24e-05 -2.17e-05 -0.0139 -0.00482 -0.00128 
0 -0.0594 -0.0153 -0.00336 4.4 2.79 1.07 -0.497 -0.211 -0.0661 5.16 2.5 0.76 
0 -0.0267 -0.00689 -0.00151 2.79 2.1 0.917 -0.221 -0.0866 -0.0262 4.12 2.09 0.654 
0 -0.00847 -0.00219 -0.000482 1.07 0.917 0.459 -0.0698 -0.0263 -0.00763 1.7 0.883 0.282 
S matrix
1 0 0 0 0 0 0 0 0 0 0 0 0 
0 0.0349 0.0107 0.00252 -0.0594 -0.0267 -0.00847 -0.00431 -0.00176 -0.000504 -0.243 -0.0846 -0.0225 
0 0.0107 0.00354 0.000862 -0.0153 -0.00689 -0.00219 -0.00111 -0.000429 -0.00011 -0.063 -0.0219 -0.00582 
0 0.00252 0.000862 0.000215 -0.00336 -0.00151 -0.000482 -0.000245 -9.24e-05 -2.17e-05 -0.0139 -0.00482 -0.00128 
0 -0.0594 -0.0153 -0.00336 4.4 2.79 1.07 -0.497 -0.211 -0.0661 5.16 2.5 0.76 
0 -0.0267 -0.00689 -0.00151 2.79 2.1 0.917 -0.221 -0.0866 -0.0262 4.12 2.09 0.654 
0 -0.00847 -0.00219 -0.000482 1.07 0.917 0.459 -0.0698 -0.0263 -0.00763 1.7 0.883 0.282 
0 -0.00431 -0.00111 -0.000245 -0.497 -0.221 -0.0698 2.67 2.18 0.967 26.4 14.3 4.83 
0 -0.00176 -0.000429 -9.24e-05 -0.211 -0.0866 -0.0263 2.18 2.23 1.16 21.3 12.9 4.6 
0 -0.000504 -0.00011 -2.17e-05 -0.0661 -0.0262 -0.00763 0.967 1.16 0.693 9.39 6.04 2.22 
0 -0.243 -0.063 -0.0139 5.16 4.12 1.7 26.4 21.3 9.39 292 155 52 
0.0187 3.96 1.02 0.225 456 202 63.9 -2.45e+03 -1.99e+03 -884 -2.41e+04 -1.3e+04 -4.41e+03 
-0.179 1.61 0.394 0.0849 193 79.4 24.1 -1.99e+03 -2.03e+03 -1.06e+03 -1.95e+04 -1.17e+04 -4.2e+03 
-0.0357 0.463 0.101 0.02 60.7 24 7 -885 -1.06e+03 -631 -8.57e+03 -5.5e+03 -2.03e+03 
5.08 223 58 12.8 -4.73e+03 -3.78e+03 -1.55e+03 -2.41e+04 -1.94e+04 -8.58e+03 -2.67e+05 -1.41e+05 -4.74e+04 
3.34 77.8 20.1 4.44 -2.29e+03 -1.91e+03 -808 -1.31e+04 -1.17e+04 -5.51e+03 -1.42e+05 -8.09e+04 -2.84e+04 
1.62 20.7 5.35 1.18 -696 -599 -258 -4.42e+03 -4.2e+03 -2.03e+03 -4.75e+04 -2.84e+04 -1.05e+04 
0 0.00252 0.000862 0.000215 -0.00336 -0.00151 -0.000482 -0.000245 -9.24e-05 -2.17e-05 -0.0139 -0.00482 -0.00128 
0 -0.0594 -0.0153 -0.00336 4.4 2.79 1.07 -0.497 -0.211 -0.0661 5.16 2.5 0.76 
0 -0.0267 -0.00689 -0.00151 2.79 2.1 0.917 -0.221 -0.0866 -0.0262 4.12 2.09 0.654 
0 -0.00847 -0.00219 -0.000482 1.07 0.917 0.459 -0.0698 -0.0263 -0.00763 1.7 0.883 0.282 
0 -0.00431 -0.00111 -0.000245 -0.497 -0.221 -0.0698 2.67 2.18 0.967 26.4 14.3 4.83 
0 -0.00176 -0.000429 -9.24e-05 -0.211 -0.0866 -0.0263 2.18 2.23 1.16 21.3 12.9 4.6 
0 -0.000504 -0.00011 -2.17e-05 -0.0661 -0.0262 -0.00763 0.967 1.16 0.693 9.39 6.04 2.22 
0 -0.243 -0.063 -0.0139 5.16 4.12 1.7 26.4 21.3 9.39 292 155 52 
0 -0.0846 -0.0219 -0.00482 2.5 2.09 0.883 14.3 12.9 6.04 155 88.6 31.1 
0 -0.0225 -0.00582 -0.00128 0.76 0.654 0.282 4.83 4.6 2.22 52 31.1 11.5 
H matrix
S matrix
1 0 0 0 0 0 0 0 0 0 0 0 0 
0 0.0349 0.0107 0.00252 -0.0594 -0.0267 -0.00847 -0.00431 -0.00176 -0.000504 -0.243 -0.0846 -0.0225 
0 0.0107 0.00354 0.000862 -0.0153 -0.00689 -0.00219 -0.00111 -0.000429 -0.00011 -0.063 -0.0219 -0.00582 
0 0.00252 0.000862 0.000215 -0.00336 -0.00151 -0.000482 -0.000245 -9.24e-05 -2.17e-05 -0.0139 -0.00482 -0.00128 
0 -0.0594 -0.0153 -0.00336 4.4 2.79 1.07 -0.497 -0.211 -0.0661 5.16 2.5 0.76 
0 -0.0267 -0.00689 -0.00151 2.79 2.1 0.917 -0.221 -0.0866 -0.0262 4.12 2.09 0.654 
0 -0.00847 -0.00219 -0.000482 1.07 0.917 0.459 -0.0698 -0.0263 -0.00763 1.7 0.883 0.282 
0 -0.00431 -0.00111 -0.000245 -0.497 -0.221 -0.0698 2.67 2.18 0.967 26.4 14.3 4.83 
0 -0.00176 -0.000429 -9.24e-05 -0.211 -0.0866 -0.0263 2.18 2.23 1.16 21.3 12.9 4.6 
0 -0.000504 -0.00011 -2.17e-05 -0.0661 -0.0262 -0.00763 0.967 1.16 0.693 9.39 6.04 2.22 
0 -0.00431 -0.00111 -0.000245 -0.497 -0.221 -0.0698 2.67 2.18 0.967 26.4 14.3 4.83 
0 -0.00176 -0.000429 -9.24e-05 -0.211 -0.0866 -0.0263 2.18 2.23 1.16 21.3 12.9 4.6 
0 -0.000504 -0.00011 -2.17e-05 -0.0661 -0.0262 -0.00763 0.967 1.16 0.693 9.39 6.04 2.22 
0 -0.243 -0.063 -0.0139 5.16 4.12 1.7 26.4 21.3 9.39 292 155 52 
0 -0.0846 -0.0219 -0.00482 2.5 2.09 0.883 14.3 12.9 6.04 155 88.6 31.1 
0 -0.0225 -0.00582 -0.00128 0.76 0.654 0.282 4.83 4.6 2.22 52 31.1 11.5 
H matrix
-919 -0.233 -0.0664 -0.0163 24.2 17.1 3.82 53.1 50.4 9.05 529 284 73.8 
0.0121 -32.1 -9.88 -2.32 54.5 24.5 7.76 3.96 1.61 0.461 223 77.6 20.7 
0 -0.00431 -0.00111 -0.000245 -0.497 -0.221 -0.0698 2.67 2.18 0.967 26.4 14.3 4.83 
0 -0.00176 -0.000429 -9.24e-05 -0.211 -0.0866 -0.0263 2.18 2.23 1.16 21.3 12.9 4.6 
0 -0.000504 -0.00011 -2.17e-05 -0.0661 -0.0262 -0.00763 0.967 1.16 0.693 9.39 6.04 2.22 
0 -0.243 -0.063 -0.0139 5.16 4.12 1.7 26.4 21.3 9.39 292 155 52 
0 -0.0846 -0.0219 -0.00482 2.5 2.09 0.883 14.3 12.9 6.04 155 88.6 31.1 
0 -0.0225 -0.00582 -0.00128 0.76 0.654 0.282 4.83 4.6 2.22 52 31.1 11.5 
H matrix
-919 -0.233 -0.0664 -0.0163 24.2 17.1 3.82 53.1 50.4 9.05 529 284 73.8 
0.0121 -32.1 -9.88 -2.32 54.5 24.5 7.76 3.96 1.61 0.461 223 77.6 20.7 
0.00556 -9.87 -3.25 -0.792 14 6.32 2.01 1.02 0.393 0.101 57.8 20.1 5.33 
0 -0.0846 -0.0219 -0.00482 2.5 2.09 0.883 14.3 12.9 6.04 155 88.6 31.1 
0 -0.0225 -0.00582 -0.00128 0.76 0.654 0.282 4.83 4.6 2.22 52 31.1 11.5 
H matrix
-919 -0.233 -0.0664 -0.0163 24.2 17.1 3.82 53.1 50.4 9.05 529 284 73.8 
0.0121 -32.1 -9.88 -2.32 54.5 24.5 7.76 3.96 1.61 0.461 223 77.6 20.7 
0.00556 -9.87 -3.25 -0.792 14 6.32 2.01 1.02 0.393 0.101 57.8 20.1 5.33 
0.00174 -2.31 -0.791 -0.198 3.08 1.39 0.442 0.224 0.0847 0.0199 12.7 4.42 1.17 
-0.284 54.6 14.1 3.09 -4.04e+03 -2.56e+03 -978 456 193 60.6 -4.72e+03 -2.29e+03 -696 
0.0117 24.6 6.34 1.39 -2.56e+03 -1.92e+03 -838 202 79.3 24 -3.77e+03 -1.91e+03 -599 
-919 -0.233 -0.0664 -0.0163 24.2 17.1 3.82 53.1 50.4 9.05 529 284 73.8 
0.0121 -32.1 -9.88 -2.32 54.5 24.5 7.76 3.96 1.61 0.461 223 77.6 20.7 
0.00556 -9.87 -3.25 -0.792 14 6.32 2.01 1.02 0.393 0.101 57.8 20.1 5.33 
0.00174 -2.31 -0.791 -0.198 3.08 1.39 0.442 0.224 0.0847 0.0199 12.7 4.42 1.17 
-0.284 54.6 14.1 3.09 -4.04e+03 -2.56e+03 -978 456 193 60.6 -4.72e+03 -2.29e+03 -696 
0.0117 24.6 6.34 1.39 -2.56e+03 -1.92e+03 -838 202 79.3 24 -3.77e+03 -1.91e+03 -599 
0.068 7.79 2.02 0.444 -979 -838 -418 64 24.1 6.98 -1.55e+03 -808 -258 
0 -0.243 -0.063 -0.0139 5.16 4.12 1.7 26.4 21.3 9.39 292 155 52 
0 -0.0846 -0.0219 -0.00482 2.5 2.09 0.883 14.3 12.9 6.04 155 88.6 31.1 
0 -0.0225 -0.00582 -0.00128 0.76 0.654 0.282 4.83 4.6 2.22 52 31.1 11.5 
H matrix
-919 -0.233 -0.0664 -0.0163 24.2 17.1 3.82 53.1 50.4 9.05 529 284 73.8 
0.0121 -32.1 -9.88 -2.32 54.5 24.5 7.76 3.96 1.61 0.461 223 77.6 20.7 
0.00556 -9.87 -3.25 -0.792 14 6.32 2.01 1.02 0.393 0.101 57.8 20.1 5.33 
0.00174 -2.31 -0.791 -0.198 3.08 1.39 0.442 0.224 0.0847 0.0199 12.7 4.42 1.17 
-0.284 54.6 14.1 3.09 -4.04e+03 -2.56e+03 -978 456 193 60.6 -4.72e+03 -2.29e+03 -696 
0.0117 24.6 6.34 1.39 -2.56e+03 -1.92e+03 -838 202 79.3 24 -3.77e+03 -1.91e+03 -599 
0.068 7.79 2.02 0.444 -979 -838 -418 64 24.1 6.98 -1.55e+03 -808 -258 
0.0187 3.96 1.02 0.225 456 202 63.9 -2.45e+03 -1.99e+03 -884 -2.41e+04 -1.3e+04 -4.41e+03 
-0.179 1.61 0.394 0.0849 193 79.4 24.1 -1.99e+03 -2.03e+03 -1.06e+03 -1.95e+04 -1.17e+04 -4.2e+03 
-0.0357 0.463 0.101 0.02 60.7 24 7 -885 -1.06e+03 -631 -8.57e+03 -5.5e+03 -2.03e+03 
S matrix
1 0 0 0 0 0 0 0 0 0 0 0 0 
0 0.0349 0.0107 0.00252 -0.0594 -0.0267 -0.00847 -0.00431 -0.00176 -0.000504 -0.243 -0.0846 -0.0225 
0 0.0107 0.00354 0.000862 -0.0153 -0.00689 -0.00219 -0.00111 -0.000429 -0.00011 -0.063 -0.0219 -0.00582 
0 0.00252 0.000862 0.000215 -0.00336 -0.00151 -0.000482 -0.000245 -9.24e-05 -2.17e-05 -0.0139 -0.00482 -0.00128 
0 -0.0594 -0.0153 -0.00336 4.4 2.79 1.07 -0.497 -0.211 -0.0661 5.16 2.5 0.76 
0 -0.0267 -0.00689 -0.00151 2.79 2.1 0.917 -0.221 -0.0866 -0.0262 4.12 2.09 0.654 
0 -0.00847 -0.00219 -0.000482 1.07 0.917 0.459 -0.0698 -0.0263 -0.00763 1.7 0.883 0.282 
0 -0.00431 -0.00111 -0.000245 -0.497 -0.221 -0.0698 2.67 2.18 0.967 26.4 14.3 4.83 
0 -0.00176 -0.000429 -9.24e-05 -0.211 -0.0866 -0.0263 2.18 2.23 1.16 21.3 12.9 4.6 
0 -0.000504 -0.00011 -2.17e-05 -0.0661 -0.0262 -0.00763 0.967 1.16 0.693 9.39 6.04 2.22 
0 -0.243 -0.063 -0.0139 5.16 4.12 1.7 26.4 21.3 9.39 292 155 52 
0 -0.0846 -0.0219 -0.00482 2.5 2.09 0.883 14.3 12.9 6.04 155 88.6 31.1 
0 -0.0225 -0.00582 -0.00128 0.76 0.654 0.282 4.83 4.6 2.22 52 31.1 11.5 
H matrix
-919 -0.233 -0.0664 -0.0163 24.2 17.1 3.82 53.1 50.4 9.05 529 284 73.8 
0.0121 -32.1 -9.88 -2.32 54.5 24.5 7.76 3.96 1.61 0.461 223 77.6 20.7 
S matrix
1 0 0 0 0 0 0 0 0 0 0 0 0 
0 0.0349 0.0107 0.00252 -0.0594 -0.0267 -0.00847 -0.00431 -0.00176 -0.000504 -0.243 -0.0846 -0.0225 
0 0.0107 0.00354 0.000862 -0.0153 -0.00689 -0.00219 -0.00111 -0.000429 -0.00011 -0.063 -0.0219 -0.00582 
0 0.00252 0.000862 0.000215 -0.00336 -0.00151 -0.000482 -0.000245 -9.24e-05 -2.17e-05 -0.0139 -0.00482 -0.00128 
0 -0.0594 -0.0153 -0.00336 4.4 2.79 1.07 -0.497 -0.211 -0.0661 5.16 2.5 0.76 
0 -0.0267 -0.00689 -0.00151 2.79 2.1 0.917 -0.221 -0.0866 -0.0262 4.12 2.09 0.654 
0 -0.00847 -0.00219 -0.000482 1.07 0.917 0.459 -0.0698 -0.0263 -0.00763 1.7 0.883 0.282 
0 -0.00431 -0.00111 -0.000245 -0.497 -0.221 -0.0698 2.67 2.18 0.967 26.4 14.3 4.83 
0 -0.00176 -0.000429 -9.24e-05 -0.211 -0.0866 -0.0263 2.18 2.23 1.16 21.3 12.9 4.6 
0 -0.000504 -0.00011 -2.17e-05 -0.0661 -0.0262 -0.00763 0.967 1.16 0.693 9.39 6.04 2.22 
0 -0.243 -0.063 -0.0139 5.16 4.12 1.7 26.4 21.3 9.39 292 155 52 
0 -0.0846 -0.0219 -0.00482 2.5 2.09 0.883 14.3 12.9 6.04 155 88.6 31.1 
0 -0.0225 -0.00582 -0.00128 0.76 0.654 0.282 4.83 4.6 2.22 52 31.1 11.5 
H matrix
-919 -0.233 -0.0664 -0.0163 24.2 17.1 3.82 53.1 50.4 9.05 529 284 73.8 
0.0121 -32.1 -9.88 -2.32 54.5 24.5 7.76 3.96 1.61 0.461 223 77.6 20.7 
0.00556 -9.87 -3.25 -0.792 14 6.32 2.01 1.02 0.393 0.101 57.8 20.1 5.33 
0.00174 -2.31 -0.791 -0.198 3.08 1.39 0.442 0.224 0.0847 0.0199 12.7 4.42 1.17 
-0.284 54.6 14.1 3.09 -4.04e+03 -2.56e+03 -978 456 193 60.6 -4.72e+03 -2.29e+03 -696 
0.0117 24.6 6.34 1.39 -2.56e+03 -1.92e+03 -838 202 79.3 24 -3.77e+03 -1.91e+03 -599 
0.068 7.79 2.02 0.444 -979 -838 -418 64 24.1 6.98 -1.55e+03 -808 -258 
0.0187 3.96 1.02 0.225 456 202 63.9 -2.45e+03 -1.99e+03 -884 -2.41e+04 -1.3e+04 -4.41e+03 
0 -0.0846 -0.0219 -0.00482 2.5 2.09 0.883 14.3 12.9 6.04 155 88.6 31.1 
0 -0.0225 -0.00582 -0.00128 0.76 0.654 0.282 4.83 4.6 2.22 52 31.1 11.5 
H matrix
-919 -0.233 -0.0664 -0.0163 24.2 17.1 3.82 53.1 50.4 9.05 529 284 73.8 
0.0121 -32.1 -9.88 -2.32 54.5 24.5 7.76 3.96 1.61 0.461 223 77.6 20.7 
0.00556 -9.87 -3.25 -0.792 14 6.32 2.01 1.02 0.393 0.101 57.8 20.1 5.33 
0.00174 -2.31 -0.791 -0.198 3.08 1.39 0.442 0.224 0.0847 0.0199 12.7 4.42 1.17 
-0.284 54.6 14.1 3.09 -4.04e+03 -2.56e+03 -978 456 193 60.6 -4.72e+03 -2.29e+03 -696 
0.0117 24.6 6.34 1.39 -2.56e+03 -1.92e+03 -838 202 79.3 24 -3.77e+03 -1.91e+03 -599 
0.068 7.79 2.02 0.444 -979 -838 -418 64 24.1 6.98 -1.55e+03 -808 -258 
0.0187 3.96 1.02 0.225 456 202 63.9 -2.45e+03 -1.99e+03 -884 -2.41e+04 -1.3e+04 -4.41e+03 
-0.179 1.61 0.394 0.0849 193 79.4 24.1 -1.99e+03 -2.03e+03 -1.06e+03 -1.95e+04 -1.17e+04 -4.2e+03 
-0.0357 0.463 0.101 0.02 60.7 24 7 -885 -1.06e+03 -631 -8.57e+03 -5.5e+03 -2.03e+03 
5.08 223 58 12.8 -4.73e+03 -3.78e+03 -1.55e+03 -2.41e+04 -1.94e+04 -8.58e+03 -2.67e+05 -1.41e+05 -4.74e+04 
3.34 77.8 20.1 4.44 -2.29e+03 -1.91e+03 -808 -1.31e+04 -1.17e+04 -5.51e+03 -1.42e+05 -8.09e+04 -2.84e+04 
1.62 20.7 5.35 1.18 -696 -599 -258 -4.42e+03 -4.2e+03 -2.03e+03 -4.75e+04 -2.84e+04 -1.05e+04 
5.08 223 58 12.8 -4.73e+03 -3.78e+03 -1.55e+03 -2.41e+04 -1.94e+04 -8.58e+03 -2.67e+05 -1.41e+05 -4.74e+04 
3.34 77.8 20.1 4.44 -2.29e+03 -1.91e+03 -808 -1.31e+04 -1.17e+04 -5.51e+03 -1.42e+05 -8.09e+04 -2.84e+04 
1.62 20.7 5.35 1.18 -696 -599 -258 -4.42e+03 -4.2e+03 -2.03e+03 -4.75e+04 -2.84e+04 -1.05e+04 
0.00556 -9.87 -3.25 -0.792 14 6.32 2.01 1.02 0.393 0.101 57.8 20.1 5.33 
0.00174 -2.31 -0.791 -0.198 3.08 1.39 0.442 0.224 0.0847 0.0199 12.7 4.42 1.17 
-0.284 54.6 14.1 3.09 -4.04e+03 -2.56e+03 -978 456 193 60.6 -4.72e+03 -2.29e+03 -696 
0.0117 24.6 6.34 1.39 -2.56e+03 -1.92e+03 -838 202 79.3 24 -3.77e+03 -1.91e+03 -599 
0.068 7.79 2.02 0.444 -979 -838 -418 64 24.1 6.98 -1.55e+03 -808 -258 
0.0187 3.96 1.02 0.225 456 202 63.9 -2.45e+03 -1.99e+03 -884 -2.41e+04 -1.3e+04 -4.41e+03 
-0.179 1.61 0.394 0.0849 193 79.4 24.1 -1.99e+03 -2.03e+03 -1.06e+03 -1.95e+04 -1.17e+04 -4.2e+03 
-0.0357 0.463 0.101 0.02 60.7 24 7 -885 -1.06e+03 -631 -8.57e+03 -5.5e+03 -2.03e+03 
5.08 223 58 12.8 -4.73e+03 -3.78e+03 -1.55e+03 -2.41e+04 -1.94e+04 -8.58e+03 -2.67e+05 -1.41e+05 -4.74e+04 
-0.179 1.61 0.394 0.0849 193 79.4 24.1 -1.99e+03 -2.03e+03 -1.06e+03 -1.95e+04 -1.17e+04 -4.2e+03 
-0.0357 0.463 0.101 0.02 60.7 24 7 -885 -1.06e+03 -631 -8.57e+03 -5.5e+03 -2.03e+03 
5.08 223 58 12.8 -4.73e+03 -3.78e+03 -1.55e+03 -2.41e+04 -1.94e+04 -8.58e+03 -2.67e+05 -1.41e+05 -4.74e+04 
3.34 77.8 20.1 4.44 -2.29e+03 -1.91e+03 -808 -1.31e+04 -1.17e+04 -5.51e+03 -1.42e+05 -8.09e+04 -2.84e+04 
1.62 20.7 5.35 1.18 -696 -599 -258 -4.42e+03 -4.2e+03 -2.03e+03 -4.75e+04 -2.84e+04 -1.05e+04 
0.0187 3.96 1.02 0.225 456 202 63.9 -2.45e+03 -1.99e+03 -884 -2.41e+04 -1.3e+04 -4.41e+03 
-0.179 1.61 0.394 0.0849 193 79.4 24.1 -1.99e+03 -2.03e+03 -1.06e+03 -1.95e+04 -1.17e+04 -4.2e+03 
-0.0357 0.463 0.101 0.02 60.7 24 7 -885 -1.06e+03 -631 -8.57e+03 -5.5e+03 -2.03e+03 
5.08 223 58 12.8 -4.73e+03 -3.78e+03 -1.55e+03 -2.41e+04 -1.94e+04 -8.58e+03 -2.67e+05 -1.41e+05 -4.74e+04 
3.34 77.8 20.1 4.44 -2.29e+03 -1.91e+03 -808 -1.31e+04 -1.17e+04 -5.51e+03 -1.42e+05 -8.09e+04 -2.84e+04 
1.62 20.7 5.35 1.18 -696 -599 -258 -4.42e+03 -4.2e+03 -2.03e+03 -4.75e+04 -2.84e+04 -1.05e+04 
0.00556 -9.87 -3.25 -0.792 14 6.32 2.01 1.02 0.393 0.101 57.8 20.1 5.33 
0.00174 -2.31 -0.791 -0.198 3.08 1.39 0.442 0.224 0.0847 0.0199 12.7 4.42 1.17 
-0.284 54.6 14.1 3.09 -4.04e+03 -2.56e+03 -978 456 193 60.6 -4.72e+03 -2.29e+03 -696 
0.0117 24.6 6.34 1.39 -2.56e+03 -1.92e+03 -838 202 79.3 24 -3.77e+03 -1.91e+03 -599 
0.068 7.79 2.02 0.444 -979 -838 -418 64 24.1 6.98 -1.55e+03 -808 -258 
0.0187 3.96 1.02 0.225 456 202 63.9 -2.45e+03 -1.99e+03 -884 -2.41e+04 -1.3e+04 -4.41e+03 
-0.179 1.61 0.394 0.0849 193 79.4 24.1 -1.99e+03 -2.03e+03 -1.06e+03 -1.95e+04 -1.17e+04 -4.2e+03 
-0.0357 0.463 0.101 0.02 60.7 24 7 -885 -1.06e+03 -631 -8.57e+03 -5.5e+03 -2.03e+03 
5.08 223 58 12.8 -4.73e+03 -3.78e+03 -1.55e+03 -2.41e+04 -1.94e+04 -8.58e+03 -2.67e+05 -1.41e+05 -4.74e+04 
3.34 77.8 20.1 4.44 -2.29e+03 -1.91e+03 -808 -1.31e+04 -1.17e+04 -5.51e+03 -1.42e+05 -8.09e+04 -2.84e+04 
1.62 20.7 5.35 1.18 -696 -599 -258 -4.42e+03 -4.2e+03 -2.03e+03 -4.75e+04 -2.84e+04 -1.05e+04 
0.00174 -2.31 -0.791 -0.198 3.08 1.39 0.442 0.224 0.0847 0.0199 12.7 4.42 1.17 
-0.284 54.6 14.1 3.09 -4.04e+03 -2.56e+03 -978 456 193 60.6 -4.72e+03 -2.29e+03 -696 
0.0117 24.6 6.34 1.39 -2.56e+03 -1.92e+03 -838 202 79.3 24 -3.77e+03 -1.91e+03 -599 
0.068 7.79 2.02 0.444 -979 -838 -418 64 24.1 6.98 -1.55e+03 -808 -258 
0.0187 3.96 1.02 0.225 456 202 63.9 -2.45e+03 -1.99e+03 -884 -2.41e+04 -1.3e+04 -4.41e+03 
-0.179 1.61 0.394 0.0849 193 79.4 24.1 -1.99e+03 -2.03e+03 -1.06e+03 -1.95e+04 -1.17e+04 -4.2e+03 
-0.0357 0.463 0.101 0.02 60.7 24 7 -885 -1.06e+03 -631 -8.57e+03 -5.5e+03 -2.03e+03 
5.08 223 58 12.8 -4.73e+03 -3.78e+03 -1.55e+03 -2.41e+04 -1.94e+04 -8.58e+03 -2.67e+05 -1.41e+05 -4.74e+04 
3.34 77.8 20.1 4.44 -2.29e+03 -1.91e+03 -808 -1.31e+04 -1.17e+04 -5.51e+03 -1.42e+05 -8.09e+04 -2.84e+04 
1.62 20.7 5.35 1.18 -696 -599 -258 -4.42e+03 -4.2e+03 -2.03e+03 -4.75e+04 -2.84e+04 -1.05e+04 
0.068 7.79 2.02 0.444 -979 -838 -418 64 24.1 6.98 -1.55e+03 -808 -258 
0.0187 3.96 1.02 0.225 456 202 63.9 -2.45e+03 -1.99e+03 -884 -2.41e+04 -1.3e+04 -4.41e+03 
-0.179 1.61 0.394 0.0849 193 79.4 24.1 -1.99e+03 -2.03e+03 -1.06e+03 -1.95e+04 -1.17e+04 -4.2e+03 
-0.0357 0.463 0.101 0.02 60.7 24 7 -885 -1.06e+03 -631 -8.57e+03 -5.5e+03 -2.03e+03 
5.08 223 58 12.8 -4.73e+03 -3.78e+03 -1.55e+03 -2.41e+04 -1.94e+04 -8.58e+03 -2.67e+05 -1.41e+05 -4.74e+04 
3.34 77.8 20.1 4.44 -2.29e+03 -1.91e+03 -808 -1.31e+04 -1.17e+04 -5.51e+03 -1.42e+05 -8.09e+04 -2.84e+04 
1.62 20.7 5.35 1.18 -696 -599 -258 -4.42e+03 -4.2e+03 -2.03e+03 -4.75e+04 -2.84e+04 -1.05e+04 
3.34 77.8 20.1 4.44 -2.29e+03 -1.91e+03 -808 -1.31e+04 -1.17e+04 -5.51e+03 -1.42e+05 -8.09e+04 -2.84e+04 
1.62 20.7 5.35 1.18 -696 -599 -258 -4.42e+03 -4.2e+03 -2.03e+03 -4.75e+04 -2.84e+04 -1.05e+04 
S matrix
1 0 0 0 0 0 0 0 0 0 0 0 0 
0 0.0349 0.0107 0.00252 -0.0594 -0.0267 -0.00847 -0.00431 -0.00176 -0.000504 -0.243 -0.0846 -0.0225 
0 0.0107 0.00354 0.000862 -0.0153 -0.00689 -0.00219 -0.00111 -0.000429 -0.00011 -0.063 -0.0219 -0.00582 
0 0.00252 0.000862 0.000215 -0.00336 -0.00151 -0.000482 -0.000245 -9.24e-05 -2.17e-05 -0.0139 -0.00482 -0.00128 
0 -0.0594 -0.0153 -0.00336 4.4 2.79 1.07 -0.497 -0.211 -0.0661 5.16 2.5 0.76 
0 -0.0267 -0.00689 -0.00151 2.79 2.1 0.917 -0.221 -0.0866 -0.0262 4.12 2.09 0.654 
0 -0.00847 -0.00219 -0.000482 1.07 0.917 0.459 -0.0698 -0.0263 -0.00763 1.7 0.883 0.282 
0 -0.00431 -0.00111 -0.000245 -0.497 -0.221 -0.0698 2.67 2.18 0.967 26.4 14.3 4.83 
0 -0.00176 -0.000429 -9.24e-05 -0.211 -0.0866 -0.0263 2.18 2.23 1.16 21.3 12.9 4.6 
0 -0.000504 -0.00011 -2.17e-05 -0.0661 -0.0262 -0.00763 0.967 1.16 0.693 9.39 6.04 2.22 
0 -0.243 -0.063 -0.0139 5.16 4.12 1.7 26.4 21.3 9.39 292 155 52 
0 -0.0846 -0.0219 -0.00482 2.5 2.09 0.883 14.3 12.9 6.04 155 88.6 31.1 
0 -0.0225 -0.00582 -0.00128 0.76 0.654 0.282 4.83 4.6 2.22 52 31.1 11.5 
H matrix
-919 -0.233 -0.0664 -0.0163 24.2 17.1 3.82 53.1 50.4 9.05 529 284 73.8 
0.0121 -32.1 -9.88 -2.32 54.5 24.5 7.76 3.96 1.61 0.461 223 77.6 20.7 
0.00556 -9.87 -3.25 -0.792 14 6.32 2.01 1.02 0.393 0.101 57.8 20.1 5.33 
0.00174 -2.31 -0.791 -0.198 3.08 1.39 0.442 0.224 0.0847 0.0199 12.7 4.42 1.17 
-0.284 54.6 14.1 3.09 -4.04e+03 -2.56e+03 -978 456 193 60.6 -4.72e+03 -2.29e+03 -696 
0.0117 24.6 6.34 1.39 -2.56e+03 -1.92e+03 -838 202 79.3 24 -3.77e+03 -1.91e+03 -599 
0.068 7.79 2.02 0.444 -979 -838 -418 64 24.1 6.98 -1.55e+03 -808 -258 
0.0187 3.96 1.02 0.225 456 202 63.9 -2.45e+03 -1.99e+03 -884 -2.41e+04 -1.3e+04 -4.41e+03 
-0.179 1.61 0.394 0.0849 193 79.4 24.1 -1.99e+03 -2.03e+03 -1.06e+03 -1.95e+04 -1.17e+04 -4.2e+03 
-0.0357 0.463 0.101 0.02 60.7 24 7 -885 -1.06e+03 -631 -8.57e+03 -5.5e+03 -2.03e+03 
S matrix
1 0 0 0 0 0 0 0 0 0 0 0 0 
0 0.0349 0.0107 0.00252 -0.0594 -0.0267 -0.00847 -0.00431 -0.00176 -0.000504 -0.243 -0.0846 -0.0225 
0 0.0107 0.00354 0.000862 -0.0153 -0.00689 -0.00219 -0.00111 -0.000429 -0.00011 -0.063 -0.0219 -0.00582 
0 0.00252 0.000862 0.000215 -0.00336 -0.00151 -0.000482 -0.000245 -9.24e-05 -2.17e-05 -0.0139 -0.00482 -0.00128 
0 -0.0594 -0.0153 -0.00336 4.4 2.79 1.07 -0.497 -0.211 -0.0661 5.16 2.5 0.76 
0 -0.0267 -0.00689 -0.00151 2.79 2.1 0.917 -0.221 -0.0866 -0.0262 4.12 2.09 0.654 
0 -0.00847 -0.00219 -0.000482 1.07 0.917 0.459 -0.0698 -0.0263 -0.00763 1.7 0.883 0.282 
0 -0.00431 -0.00111 -0.000245 -0.497 -0.221 -0.0698 2.67 2.18 0.967 26.4 14.3 4.83 
0 -0.00176 -0.000429 -9.24e-05 -0.211 -0.0866 -0.0263 2.18 2.23 1.16 21.3 12.9 4.6 
0 -0.000504 -0.00011 -2.17e-05 -0.0661 -0.0262 -0.00763 0.967 1.16 0.693 9.39 6.04 2.22 
0 -0.243 -0.063 -0.0139 5.16 4.12 1.7 26.4 21.3 9.39 292 155 52 
0 -0.0846 -0.0219 -0.00482 2.5 2.09 0.883 14.3 12.9 6.04 155 88.6 31.1 
0 -0.0225 -0.00582 -0.00128 0.76 0.654 0.282 4.83 4.6 2.22 52 31.1 11.5 
H matrix
-919 -0.233 -0.0664 -0.0163 24.2 17.1 3.82 53.1 50.4 9.05 529 284 73.8 
0.0121 -32.1 -9.88 -2.32 54.5 24.5 7.76 3.96 1.61 0.461 223 77.6 20.7 
0.00556 -9.87 -3.25 -0.792 14 6.32 2.01 1.02 0.393 0.101 57.8 20.1 5.33 
0.00174 -2.31 -0.791 -0.198 3.08 1.39 0.442 0.224 0.0847 0.0199 12.7 4.42 1.17 
-0.284 54.6 14.1 3.09 -4.04e+03 -2.56e+03 -978 456 193 60.6 -4.72e+03 -2.29e+03 -696 
0.0117 24.6 6.34 1.39 -2.56e+03 -1.92e+03 -838 202 79.3 24 -3.77e+03 -1.91e+03 -599 
0.068 7.79 2.02 0.444 -979 -838 -418 64 24.1 6.98 -1.55e+03 -808 -258 
0.0187 3.96 1.02 0.225 456 202 63.9 -2.45e+03 -1.99e+03 -884 -2.41e+04 -1.3e+04 -4.41e+03 
-0.179 1.61 0.394 0.0849 193 79.4 24.1 -1.99e+03 -2.03e+03 -1.06e+03 -1.95e+04 -1.17e+04 -4.2e+03 
-0.0357 0.463 0.101 0.02 60.7 24 7 -885 -1.06e+03 -631 -8.57e+03 -5.5e+03 -2.03e+03 
S matrix
1 0 0 0 0 0 0 0 0 0 0 0 0 
0 0.0349 0.0107 0.00252 -0.0594 -0.0267 -0.00847 -0.00431 -0.00176 -0.000504 -0.243 -0.0846 -0.0225 
0 0.0107 0.00354 0.000862 -0.0153 -0.00689 -0.00219 -0.00111 -0.000429 -0.00011 -0.063 -0.0219 -0.00582 
0 0.00252 0.000862 0.000215 -0.00336 -0.00151 -0.000482 -0.000245 -9.24e-05 -2.17e-05 -0.0139 -0.00482 -0.00128 
0 -0.0594 -0.0153 -0.00336 4.4 2.79 1.07 -0.497 -0.211 -0.0661 5.16 2.5 0.76 
0 -0.0267 -0.00689 -0.00151 2.79 2.1 0.917 -0.221 -0.0866 -0.0262 4.12 2.09 0.654 
0 -0.00847 -0.00219 -0.000482 1.07 0.917 0.459 -0.0698 -0.0263 -0.00763 1.7 0.883 0.282 
0 -0.00431 -0.00111 -0.000245 -0.497 -0.221 -0.0698 2.67 2.18 0.967 26.4 14.3 4.83 
0 -0.00176 -0.000429 -9.24e-05 -0.211 -0.0866 -0.0263 2.18 2.23 1.16 21.3 12.9 4.6 
0 -0.000504 -0.00011 -2.17e-05 -0.0661 -0.0262 -0.00763 0.967 1.16 0.693 9.39 6.04 2.22 
0 -0.243 -0.063 -0.0139 5.16 4.12 1.7 26.4 21.3 9.39 292 155 52 
0 -0.0846 -0.0219 -0.00482 2.5 2.09 0.883 14.3 12.9 6.04 155 88.6 31.1 
0 -0.0225 -0.00582 -0.00128 0.76 0.654 0.282 4.83 4.6 2.22 52 31.1 11.5 
H matrix
-919 -0.233 -0.0664 -0.0163 24.2 17.1 3.82 53.1 50.4 9.05 529 284 73.8 
0.0121 -32.1 -9.88 -2.32 54.5 24.5 7.76 3.96 1.61 0.461 223 77.6 20.7 
0.00556 -9.87 -3.25 -0.792 14 6.32 2.01 1.02 0.393 0.101 57.8 20.1 5.33 
0.00174 -2.31 -0.791 -0.198 3.08 1.39 0.442 0.224 0.0847 0.0199 12.7 4.42 1.17 
-0.284 54.6 14.1 3.09 -4.04e+03 -2.56e+03 -978 456 193 60.6 -4.72e+03 -2.29e+03 -696 
0.0117 24.6 6.34 1.39 -2.56e+03 -1.92e+03 -838 202 79.3 24 -3.77e+03 -1.91e+03 -599 
0.068 7.79 2.02 0.444 -979 -838 -418 64 24.1 6.98 -1.55e+03 -808 -258 
0.0187 3.96 1.02 0.225 456 202 63.9 -2.45e+03 -1.99e+03 -884 -2.41e+04 -1.3e+04 -4.41e+03 
-0.179 1.61 0.394 0.0849 193 79.4 24.1 -1.99e+03 -2.03e+03 -1.06e+03 -1.95e+04 -1.17e+04 -4.2e+03 
S matrix
1 0 0 0 0 0 0 0 0 0 0 0 0 
0 0.0349 0.0107 0.00252 -0.0594 -0.0267 -0.00847 -0.00431 -0.00176 -0.000504 -0.243 -0.0846 -0.0225 
0 0.0107 0.00354 0.000862 -0.0153 -0.00689 -0.00219 -0.00111 -0.000429 -0.00011 -0.063 -0.0219 -0.00582 
0 0.00252 0.000862 0.000215 -0.00336 -0.00151 -0.000482 -0.000245 -9.24e-05 -2.17e-05 -0.0139 -0.00482 -0.00128 
0 -0.0594 -0.0153 -0.00336 4.4 2.79 1.07 -0.497 -0.211 -0.0661 5.16 2.5 0.76 
0 -0.0267 -0.00689 -0.00151 2.79 2.1 0.917 -0.221 -0.0866 -0.0262 4.12 2.09 0.654 
0 -0.00847 -0.00219 -0.000482 1.07 0.917 0.459 -0.0698 -0.0263 -0.00763 1.7 0.883 0.282 
0 -0.00431 -0.00111 -0.000245 -0.497 -0.221 -0.0698 2.67 2.18 0.967 26.4 14.3 4.83 
0 -0.00176 -0.000429 -9.24e-05 -0.211 -0.0866 -0.0263 2.18 2.23 1.16 21.3 12.9 4.6 
0 -0.000504 -0.00011 -2.17e-05 -0.0661 -0.0262 -0.00763 0.967 1.16 0.693 9.39 6.04 2.22 
0 -0.243 -0.063 -0.0139 5.16 4.12 1.7 26.4 21.3 9.39 292 155 52 
0 -0.0846 -0.0219 -0.00482 2.5 2.09 0.883 14.3 12.9 6.04 155 88.6 31.1 
0 -0.0225 -0.00582 -0.00128 0.76 0.654 0.282 4.83 4.6 2.22 52 31.1 11.5 
H matrix
