--------------------------------------------------------------------------
[[10434,1],7]: A high-performance Open MPI point-to-point messaging module
was unable to find any relevant network interfaces:

Module: OpenFabrics (openib)
  Host: golub219

Another transport will be used instead, although this may result in
lower performance.
--------------------------------------------------------------------------
0: output to qwalk_000.linear.o
cutoff 9.59706
 total centers 271
1: cell volume 1430.02
1: elsu 6.48894
1: alpha 0.770542
3: cell volume 1430.02
4: cell volume 1430.02
4: elsu 6.48894
4: alpha 0.770542
5: cell volume 1430.02
5: elsu 6.48894
5: alpha 0.770542
6: cell volume 1430.02
6: elsu 6.48894
6: alpha 0.770542
7: cell volume 1430.02
7: elsu 6.48894
7: alpha 0.770542
8: cell volume 1430.02
8: elsu 6.48894
8: alpha 0.770542
15: cell volume 1430.02
15: elsu 6.48894
15: alpha 0.770542
17: cell volume 1430.02
17: elsu 6.48894
17: alpha 0.770542
0: cell volume 1430.02
**Warning** atom 4 is out of the simulation cell.  Putting it inside.
**Warning** atom 5 is out of the simulation cell.  Putting it inside.
**Warning** atom 6 is out of the simulation cell.  Putting it inside.
**Warning** atom 8 is out of the simulation cell.  Putting it inside.
**Warning** atom 10 is out of the simulation cell.  Putting it inside.
**Warning** atom 12 is out of the simulation cell.  Putting it inside.
**Warning** atom 13 is out of the simulation cell.  Putting it inside.
0: elsu 6.48894
0: alpha 0.770542
3: elsu 6.48894
3: alpha 0.770542
12: cell volume 1430.02
12: elsu 6.48894
12: alpha 0.770542
13: cell volume 1430.02
13: elsu 6.48894
13: alpha 0.770542
18: cell volume 1430.02
18: elsu 6.48894
18: alpha 0.770542
19: cell volume 1430.02
19: elsu 6.48894
19: alpha 0.770542
2: cell volume 1430.02
2: elsu 6.48894
2: alpha 0.770542
9: cell volume 1430.02
9: elsu 6.48894
9: alpha 0.770542
14: cell volume 1430.02
14: elsu 6.48894
14: alpha 0.770542
16: cell volume 1430.02
16: elsu 6.48894
16: alpha 0.770542
10: cell volume 1430.02
10: elsu 6.48894
10: alpha 0.770542
11: cell volume 1430.02
11: elsu 6.48894
11: alpha 0.770542
5: real space ion-ion 0.0258213
5: reciprocal space ion 377.807
9: real space ion-ion 0.0258213
13: real space ion-ion 0.0258213
2: real space ion-ion 0.0258213
16: real space ion-ion 0.0258213
19: real space ion-ion 0.0258213
13: reciprocal space ion 377.807
2: reciprocal space ion 377.807
8: real space ion-ion 0.0258213
15: real space ion-ion 0.0258213
9: reciprocal space ion 377.807
16: reciprocal space ion 377.807
18: real space ion-ion 0.0258213
18: reciprocal space ion 377.807
19: reciprocal space ion 377.807
8: reciprocal space ion 377.807
15: reciprocal space ion 377.807
17: real space ion-ion 0.0258213
4: real space ion-ion 0.0258213
4: reciprocal space ion 377.807
17: reciprocal space ion 377.807
7: real space ion-ion 0.0258213
10: real space ion-ion 0.0258213
7: reciprocal space ion 377.807
10: reciprocal space ion 377.807
12: real space ion-ion 0.0258213
12: reciprocal space ion 377.807
Ewald sum using 2491 reciprocal points
0: real space ion-ion 0.0258213
0: reciprocal space ion 377.807
6: real space ion-ion 0.0258213
6: reciprocal space ion 377.807
14: real space ion-ion 0.0258213
14: reciprocal space ion 377.807
3: real space ion-ion 0.0258213
3: reciprocal space ion 377.807
11: real space ion-ion 0.0258213
11: reciprocal space ion 377.807
1: real space ion-ion 0.0258213
1: reciprocal space ion 377.807
Could not open qwalk_000.linear.config. Generating configurations from scratch
[golub219:106491] 19 more processes have sent help message help-mpi-btl-base.txt / btl:no-nics
[golub219:106491] Set MCA parameter "orte_base_help_aggregate" to 0 to see all help / error messages
0: Timestep is 0.417
15: Timestep is 0.417
9: Timestep is 0.417
11: Timestep is 0.417
12: Timestep is 0.417
4: Timestep is 0.417
3: Timestep is 0.417
1: Timestep is 0.417
17: Timestep is 0.417
18: Timestep is 0.417
13: Timestep is 0.417
7: Timestep is 0.417
14: Timestep is 0.417
10: Timestep is 0.417
5: Timestep is 0.417
2: Timestep is 0.417
6: Timestep is 0.417
19: Timestep is 0.417
8: Timestep is 0.417
16: Timestep is 0.417
1: Write took 0 seconds
1: Write took 0 seconds
1: Write took 0 seconds
1: Write took 0 seconds
1: Write took 0 seconds
1: Write took 0 seconds
1: Write took 0 seconds
1: Write took 0 seconds
1: Write took 0 seconds
1: Write took 0 seconds
1: Write took 0 seconds
1: Write took 0 seconds
1: Write took 0 seconds
1: Write took 0 seconds
1: Write took 0 seconds
1: Write took 0 seconds
1: Write took 0 seconds
1: Write took 0 seconds
1: Write took 0 seconds
S matrix
1 0 0 0 0 0 0 0 0 0 0 0 0 
0 0.0347 0.0107 0.0025 -0.0567 -0.0245 -0.00747 -0.0033 -0.00116 -0.000365 -0.227 -0.0761 -0.0197 
0 0.0107 0.0035 0.00085 -0.0146 -0.00624 -0.00189 -0.000828 -0.000278 -8.32e-05 -0.0584 -0.0195 -0.00503 
0 0.0025 0.00085 0.000212 -0.00318 -0.00136 -0.000411 -0.000178 -5.72e-05 -1.61e-05 -0.0128 -0.00425 -0.00109 
0 -0.0567 -0.0146 -0.00318 4.14 2.63 1 -0.434 -0.177 -0.054 5.38 2.57 0.778 
0 -0.0245 -0.00624 -0.00136 2.63 1.99 0.874 -0.188 -0.0708 -0.0209 4.17 2.09 0.65 
0 -0.00747 -0.00189 -0.000411 1 0.874 0.441 -0.0585 -0.0216 -0.00634 1.69 0.872 0.276 
0 -0.0033 -0.000828 -0.000178 -0.434 -0.188 -0.0585 2.49 2.01 0.893 24.5 13.2 4.47 
0 -0.00116 -0.000278 -5.72e-05 -0.177 -0.0708 -0.0216 2.01 2.08 1.09 19.7 11.9 4.28 
0 -0.000365 -8.32e-05 -1.61e-05 -0.054 -0.0209 -0.00634 0.893 1.09 0.658 8.63 5.6 2.07 
0 -0.227 -0.0584 -0.0128 5.38 4.17 1.69 24.5 19.7 8.63 272 144 48.1 
0 -0.0761 -0.0195 -0.00425 2.57 2.09 0.872 13.2 11.9 5.6 144 82.3 28.9 
0 -0.0197 -0.00503 -0.00109 0.778 0.65 0.276 4.47 4.28 2.07 48.1 28.9 10.7 
H matrix
-920 -0.239 -0.0679 -0.0166 24.6 17.3 3.86 52.8 50.2 8.91 524 281 72.7 
0.00869 -31.9 -9.79 -2.29 52.1 22.5 6.85 3.03 1.07 0.334 208 69.8 18.1 
0.00457 -9.78 -3.21 -0.781 13.4 5.73 1.74 0.761 0.255 0.0759 53.7 17.9 4.62 
0.00152 -2.29 -0.781 -0.195 2.92 1.25 0.378 0.164 0.0525 0.0147 11.7 3.9 1 
-0.00656 52.2 13.4 2.93 -3.8e+03 -2.41e+03 -919 399 162 49.5 -4.93e+03 -2.35e+03 -713 
0.0676 22.5 5.75 1.25 -2.41e+03 -1.83e+03 -799 173 64.9 19.1 -3.82e+03 -1.91e+03 -595 
0.00164 6.87 1.74 0.379 -920 -799 -402 53.7 19.8 5.8 -1.55e+03 -798 -253 
-0.00588 3.04 0.762 0.164 399 173 53.6 -2.28e+03 -1.84e+03 -816 -2.24e+04 -1.21e+04 -4.09e+03 
0.101 1.07 0.256 0.0527 163 64.9 19.8 -1.84e+03 -1.9e+03 -993 -1.8e+04 -1.09e+04 -3.91e+03 
0.0739 0.335 0.0763 0.0148 49.6 19.2 5.8 -817 -991 -600 -7.89e+03 -5.11e+03 -1.89e+03 
1.67 208 53.8 11.8 -4.94e+03 -3.82e+03 -1.55e+03 -2.25e+04 -1.8e+04 -7.89e+03 -2.49e+05 -1.31e+05 -4.4e+04 
0.865 70 18 3.92 -2.35e+03 -1.91e+03 -798 -1.21e+04 -1.09e+04 -5.12e+03 -1.32e+05 -7.51e+04 -2.64e+04 
0.282 18.1 4.63 1.01 -713 -595 -253 -4.1e+03 -3.91e+03 -1.89e+03 -4.4e+04 -2.64e+04 -9.74e+03 
1: Write took 0 seconds
S matrix
1 0 0 0 0 0 0 0 0 0 0 0 0 
0 0.0347 0.0107 0.0025 -0.0567 -0.0245 -0.00747 -0.0033 -0.00116 -0.000365 -0.227 -0.0761 -0.0197 
0 0.0107 0.0035 0.00085 -0.0146 -0.00624 -0.00189 -0.000828 -0.000278 -8.32e-05 -0.0584 -0.0195 -0.00503 
0 0.0025 0.00085 0.000212 -0.00318 -0.00136 -0.000411 -0.000178 -5.72e-05 -1.61e-05 -0.0128 -0.00425 -0.00109 
0 -0.0567 -0.0146 -0.00318 4.14 2.63 1 -0.434 -0.177 -0.054 5.38 2.57 0.778 
0 -0.0245 -0.00624 -0.00136 2.63 1.99 0.874 -0.188 -0.0708 -0.0209 4.17 2.09 0.65 
0 -0.00747 -0.00189 -0.000411 1 0.874 0.441 -0.0585 -0.0216 -0.00634 1.69 0.872 0.276 
0 -0.0033 -0.000828 -0.000178 -0.434 -0.188 -0.0585 2.49 2.01 0.893 24.5 13.2 4.47 
0 -0.00116 -0.000278 -5.72e-05 -0.177 -0.0708 -0.0216 2.01 2.08 1.09 19.7 11.9 4.28 
0 -0.000365 -8.32e-05 -1.61e-05 -0.054 -0.0209 -0.00634 0.893 1.09 0.658 8.63 5.6 2.07 
0 -0.227 -0.0584 -0.0128 5.38 4.17 1.69 24.5 19.7 8.63 272 144 48.1 
0 -0.0761 -0.0195 -0.00425 2.57 2.09 0.872 13.2 11.9 5.6 144 82.3 28.9 
0 -0.0197 -0.00503 -0.00109 0.778 0.65 0.276 4.47 4.28 2.07 48.1 28.9 10.7 
H matrix
-920 -0.239 -0.0679 -0.0166 24.6 17.3 3.86 52.8 50.2 8.91 524 281 72.7 
0.00869 -31.9 -9.79 -2.29 52.1 22.5 6.85 3.03 1.07 0.334 208 69.8 18.1 
0.00457 -9.78 -3.21 -0.781 13.4 5.73 1.74 0.761 0.255 0.0759 53.7 17.9 4.62 
0.00152 -2.29 -0.781 -0.195 2.92 1.25 0.378 0.164 0.0525 0.0147 11.7 3.9 1 
-0.00656 52.2 13.4 2.93 -3.8e+03 -2.41e+03 -919 399 162 49.5 -4.93e+03 -2.35e+03 -713 
0.0676 22.5 5.75 1.25 -2.41e+03 -1.83e+03 -799 173 64.9 19.1 -3.82e+03 -1.91e+03 -595 
0.00164 6.87 1.74 0.379 -920 -799 -402 53.7 19.8 5.8 -1.55e+03 -798 -253 
-0.00588 3.04 0.762 0.164 399 173 53.6 -2.28e+03 -1.84e+03 -816 -2.24e+04 -1.21e+04 -4.09e+03 
0.101 1.07 0.256 0.0527 163 64.9 19.8 -1.84e+03 -1.9e+03 -993 -1.8e+04 -1.09e+04 -3.91e+03 
0.0739 0.335 0.0763 0.0148 49.6 19.2 5.8 -817 -991 -600 -7.89e+03 -5.11e+03 -1.89e+03 
1.67 208 53.8 11.8 -4.94e+03 -3.82e+03 -1.55e+03 -2.25e+04 -1.8e+04 -7.89e+03 -2.49e+05 -1.31e+05 -4.4e+04 
0.865 70 18 3.92 -2.35e+03 -1.91e+03 -798 -1.21e+04 -1.09e+04 -5.12e+03 -1.32e+05 -7.51e+04 -2.64e+04 
0.282 18.1 4.63 1.01 -713 -595 -253 -4.1e+03 -3.91e+03 -1.89e+03 -4.4e+04 -2.64e+04 -9.74e+03 
S matrix
1 0 0 0 0 0 0 0 0 0 0 0 0 
0 0.0347 0.0107 0.0025 -0.0567 -0.0245 -0.00747 -0.0033 -0.00116 -0.000365 -0.227 -0.0761 -0.0197 
0 0.0107 0.0035 0.00085 -0.0146 -0.00624 -0.00189 -0.000828 -0.000278 -8.32e-05 -0.0584 -0.0195 -0.00503 
0 0.0025 0.00085 0.000212 -0.00318 -0.00136 -0.000411 -0.000178 -5.72e-05 -1.61e-05 -0.0128 -0.00425 -0.00109 
0 -0.0567 -0.0146 -0.00318 4.14 2.63 1 -0.434 -0.177 -0.054 5.38 2.57 0.778 
0 -0.0245 -0.00624 -0.00136 2.63 1.99 0.874 -0.188 -0.0708 -0.0209 4.17 2.09 0.65 
0 -0.00747 -0.00189 -0.000411 1 0.874 0.441 -0.0585 -0.0216 -0.00634 1.69 0.872 0.276 
0 -0.0033 -0.000828 -0.000178 -0.434 -0.188 -0.0585 2.49 2.01 0.893 24.5 13.2 4.47 
0 -0.00116 -0.000278 -5.72e-05 -0.177 -0.0708 -0.0216 2.01 2.08 1.09 19.7 11.9 4.28 
0 -0.000365 -8.32e-05 -1.61e-05 -0.054 -0.0209 -0.00634 0.893 1.09 0.658 8.63 5.6 2.07 
0 -0.227 -0.0584 -0.0128 5.38 4.17 1.69 24.5 19.7 8.63 272 144 48.1 
0 -0.0761 -0.0195 -0.00425 2.57 2.09 0.872 13.2 11.9 5.6 144 82.3 28.9 
0 -0.0197 -0.00503 -0.00109 0.778 0.65 0.276 4.47 4.28 2.07 48.1 28.9 10.7 
H matrix
S matrix
1 0 0 0 0 0 0 0 0 0 0 0 0 
0 0.0347 0.0107 0.0025 -0.0567 -0.0245 -0.00747 -0.0033 -0.00116 -0.000365 -0.227 -0.0761 -0.0197 
0 0.0107 0.0035 0.00085 -0.0146 -0.00624 -0.00189 -0.000828 -0.000278 -8.32e-05 -0.0584 -0.0195 -0.00503 
0 0.0025 0.00085 0.000212 -0.00318 -0.00136 -0.000411 -0.000178 -5.72e-05 -1.61e-05 -0.0128 -0.00425 -0.00109 
0 -0.0567 -0.0146 -0.00318 4.14 2.63 1 -0.434 -0.177 -0.054 5.38 2.57 0.778 
0 -0.0245 -0.00624 -0.00136 2.63 1.99 0.874 -0.188 -0.0708 -0.0209 4.17 2.09 0.65 
0 -0.00747 -0.00189 -0.000411 1 0.874 0.441 -0.0585 -0.0216 -0.00634 1.69 0.872 0.276 
0 -0.0033 -0.000828 -0.000178 -0.434 -0.188 -0.0585 2.49 2.01 0.893 24.5 13.2 4.47 
0 -0.00116 -0.000278 -5.72e-05 -0.177 -0.0708 -0.0216 2.01 2.08 1.09 19.7 11.9 4.28 
0 -0.000365 -8.32e-05 -1.61e-05 -0.054 -0.0209 -0.00634 0.893 1.09 0.658 8.63 5.6 2.07 
0 -0.227 -0.0584 -0.0128 5.38 4.17 1.69 24.5 19.7 8.63 272 144 48.1 
0 -0.0761 -0.0195 -0.00425 2.57 2.09 0.872 13.2 11.9 5.6 144 82.3 28.9 
S matrix
1 0 0 0 0 0 0 0 0 0 0 0 0 
0 0.0347 0.0107 0.0025 -0.0567 -0.0245 -0.00747 -0.0033 -0.00116 -0.000365 -0.227 -0.0761 -0.0197 
0 0.0107 0.0035 0.00085 -0.0146 -0.00624 -0.00189 -0.000828 -0.000278 -8.32e-05 -0.0584 -0.0195 -0.00503 
0 0.0025 0.00085 0.000212 -0.00318 -0.00136 -0.000411 -0.000178 -5.72e-05 -1.61e-05 -0.0128 -0.00425 -0.00109 
0 -0.0567 -0.0146 -0.00318 4.14 2.63 1 -0.434 -0.177 -0.054 5.38 2.57 0.778 
0 -0.0245 -0.00624 -0.00136 2.63 1.99 0.874 -0.188 -0.0708 -0.0209 4.17 2.09 0.65 
0 -0.00747 -0.00189 -0.000411 1 0.874 0.441 -0.0585 -0.0216 -0.00634 1.69 0.872 0.276 
0 -0.0033 -0.000828 -0.000178 -0.434 -0.188 -0.0585 2.49 2.01 0.893 24.5 13.2 4.47 
0 -0.00116 -0.000278 -5.72e-05 -0.177 -0.0708 -0.0216 2.01 2.08 1.09 19.7 11.9 4.28 
0 -0.000365 -8.32e-05 -1.61e-05 -0.054 -0.0209 -0.00634 0.893 1.09 0.658 8.63 5.6 2.07 
0 -0.227 -0.0584 -0.0128 5.38 4.17 1.69 24.5 19.7 8.63 272 144 48.1 
0 -0.0761 -0.0195 -0.00425 2.57 2.09 0.872 13.2 11.9 5.6 144 82.3 28.9 
0 -0.0197 -0.00503 -0.00109 0.778 0.65 0.276 4.47 4.28 2.07 48.1 28.9 10.7 
H matrix
-920 -0.239 -0.0679 -0.0166 24.6 17.3 3.86 52.8 50.2 8.91 524 281 72.7 
0.00869 -31.9 -9.79 -2.29 52.1 22.5 6.85 3.03 1.07 0.334 208 69.8 18.1 
0.00457 -9.78 -3.21 -0.781 13.4 5.73 1.74 0.761 0.255 0.0759 53.7 17.9 4.62 
0.00152 -2.29 -0.781 -0.195 2.92 1.25 0.378 0.164 0.0525 0.0147 11.7 3.9 1 
-0.00656 52.2 13.4 2.93 -3.8e+03 -2.41e+03 -919 399 162 49.5 -4.93e+03 -2.35e+03 -713 
0.0676 22.5 5.75 1.25 -2.41e+03 -1.83e+03 -799 173 64.9 19.1 -3.82e+03 -1.91e+03 -595 
0.00164 6.87 1.74 0.379 -920 -799 -402 53.7 19.8 5.8 -1.55e+03 -798 -253 
-0.00588 3.04 0.762 0.164 399 173 53.6 -2.28e+03 -1.84e+03 -816 -2.24e+04 -1.21e+04 -4.09e+03 
0.101 1.07 0.256 0.0527 163 64.9 19.8 -1.84e+03 -1.9e+03 -993 -1.8e+04 -1.09e+04 -3.91e+03 
0.0739 0.335 0.0763 0.0148 49.6 19.2 5.8 -817 -991 -600 -7.89e+03 -5.11e+03 -1.89e+03 
1.67 208 53.8 11.8 -4.94e+03 -3.82e+03 -1.55e+03 -2.25e+04 -1.8e+04 -7.89e+03 -2.49e+05 -1.31e+05 -4.4e+04 
0.865 70 18 3.92 -2.35e+03 -1.91e+03 -798 -1.21e+04 -1.09e+04 -5.12e+03 -1.32e+05 -7.51e+04 -2.64e+04 
0.282 18.1 4.63 1.01 -713 -595 -253 -4.1e+03 -3.91e+03 -1.89e+03 -4.4e+04 -2.64e+04 -9.74e+03 
S matrix
1 0 0 0 0 0 0 0 0 0 0 0 0 
0 0.0347 0.0107 0.0025 -0.0567 -0.0245 -0.00747 -0.0033 -0.00116 -0.000365 -0.227 -0.0761 -0.0197 
0 0.0107 0.0035 0.00085 -0.0146 -0.00624 -0.00189 -0.000828 -0.000278 -8.32e-05 -0.0584 -0.0195 -0.00503 
0 0.0025 0.00085 0.000212 -0.00318 -0.00136 -0.000411 -0.000178 -5.72e-05 -1.61e-05 -0.0128 -0.00425 -0.00109 
0 -0.0567 -0.0146 -0.00318 4.14 2.63 1 -0.434 -0.177 -0.054 5.38 2.57 0.778 
0 -0.0245 -0.00624 -0.00136 2.63 1.99 0.874 -0.188 -0.0708 -0.0209 4.17 2.09 0.65 
0 -0.00747 -0.00189 -0.000411 1 0.874 0.441 -0.0585 -0.0216 -0.00634 1.69 0.872 0.276 
0 -0.0033 -0.000828 -0.000178 -0.434 -0.188 -0.0585 2.49 2.01 0.893 24.5 13.2 4.47 
0 -0.00116 -0.000278 -5.72e-05 -0.177 -0.0708 -0.0216 2.01 2.08 1.09 19.7 11.9 4.28 
0 -0.000365 -8.32e-05 -1.61e-05 -0.054 -0.0209 -0.00634 0.893 1.09 0.658 8.63 5.6 2.07 
0 -0.227 -0.0584 -0.0128 5.38 4.17 1.69 24.5 19.7 8.63 272 144 48.1 
0 -0.0761 -0.0195 -0.00425 2.57 2.09 0.872 13.2 11.9 5.6 144 82.3 28.9 
0 -0.0197 -0.00503 -0.00109 0.778 0.65 0.276 4.47 4.28 2.07 48.1 28.9 10.7 
H matrix
-920 -0.239 -0.0679 -0.0166 24.6 17.3 3.86 52.8 50.2 8.91 524 281 72.7 
0.00869 -31.9 -9.79 -2.29 52.1 22.5 6.85 3.03 1.07 0.334 208 69.8 18.1 
0.00457 -9.78 -3.21 -0.781 13.4 5.73 1.74 0.761 0.255 0.0759 53.7 17.9 4.62 
0.00152 -2.29 -0.781 -0.195 2.92 1.25 0.378 0.164 0.0525 0.0147 11.7 3.9 1 
-0.00656 52.2 13.4 2.93 -3.8e+03 -2.41e+03 -919 399 162 49.5 -4.93e+03 -2.35e+03 -713 
0.0676 22.5 5.75 1.25 -2.41e+03 -1.83e+03 -799 173 64.9 19.1 -3.82e+03 -1.91e+03 -595 
0.00164 6.87 1.74 0.379 -920 -799 -402 53.7 19.8 5.8 -1.55e+03 -798 -253 
-0.00588 3.04 0.762 0.164 399 173 53.6 -2.28e+03 -1.84e+03 -816 -2.24e+04 -1.21e+04 -4.09e+03 
0.101 1.07 0.256 0.0527 163 64.9 19.8 -1.84e+03 -1.9e+03 -993 -1.8e+04 -1.09e+04 -3.91e+03 
0.0739 0.335 0.0763 0.0148 49.6 19.2 5.8 -817 -991 -600 -7.89e+03 -5.11e+03 -1.89e+03 
1.67 208 53.8 11.8 -4.94e+03 -3.82e+03 -1.55e+03 -2.25e+04 -1.8e+04 -7.89e+03 -2.49e+05 -1.31e+05 -4.4e+04 
0.865 70 18 3.92 -2.35e+03 -1.91e+03 -798 -1.21e+04 -1.09e+04 -5.12e+03 -1.32e+05 -7.51e+04 -2.64e+04 
0.282 18.1 4.63 1.01 -713 -595 -253 -4.1e+03 -3.91e+03 -1.89e+03 -4.4e+04 -2.64e+04 -9.74e+03 
S matrix
1 0 0 0 0 0 0 0 0 0 0 0 0 
0 0.0347 0.0107 0.0025 -0.0567 -0.0245 -0.00747 -0.0033 -0.00116 -0.000365 -0.227 -0.0761 -0.0197 
0 0.0107 0.0035 0.00085 -0.0146 -0.00624 -0.00189 -0.000828 -0.000278 -8.32e-05 -0.0584 -0.0195 -0.00503 
0 0.0025 0.00085 0.000212 -0.00318 -0.00136 -0.000411 -0.000178 -5.72e-05 -1.61e-05 -0.0128 -0.00425 -0.00109 
-920 -0.239 -0.0679 -0.0166 24.6 17.3 3.86 52.8 50.2 8.91 524 281 72.7 
0.00869 -31.9 -9.79 -2.29 52.1 22.5 6.85 3.03 1.07 0.334 208 69.8 18.1 
0.00457 -9.78 -3.21 -0.781 13.4 5.73 1.74 0.761 0.255 0.0759 53.7 17.9 4.62 
0.00152 -2.29 -0.781 -0.195 2.92 1.25 0.378 0.164 0.0525 0.0147 11.7 3.9 1 
-0.00656 52.2 13.4 2.93 -3.8e+03 -2.41e+03 -919 399 162 49.5 -4.93e+03 -2.35e+03 -713 
0.0676 22.5 5.75 1.25 -2.41e+03 -1.83e+03 -799 173 64.9 19.1 -3.82e+03 -1.91e+03 -595 
proportions significant
S0 1
S 0.08333333333
H0 1
enderiv 1
H 0.08333333333
0 -0.0197 -0.00503 -0.00109 0.778 0.65 0.276 4.47 4.28 2.07 48.1 28.9 10.7 
H matrix
-920 -0.239 -0.0679 -0.0166 24.6 17.3 3.86 52.8 50.2 8.91 524 281 72.7 
0.00869 -31.9 -9.79 -2.29 52.1 22.5 6.85 3.03 1.07 0.334 208 69.8 18.1 
0.00457 -9.78 -3.21 -0.781 13.4 5.73 1.74 0.761 0.255 0.0759 53.7 17.9 4.62 
0.00152 -2.29 -0.781 -0.195 2.92 1.25 0.378 0.164 0.0525 0.0147 11.7 3.9 1 
-0.00656 52.2 13.4 2.93 -3.8e+03 -2.41e+03 -919 399 162 49.5 -4.93e+03 -2.35e+03 -713 
0.0676 22.5 5.75 1.25 -2.41e+03 -1.83e+03 -799 173 64.9 19.1 -3.82e+03 -1.91e+03 -595 
0.00164 6.87 1.74 0.379 -920 -799 -402 53.7 19.8 5.8 -1.55e+03 -798 -253 
-0.00588 3.04 0.762 0.164 399 173 53.6 -2.28e+03 -1.84e+03 -816 -2.24e+04 -1.21e+04 -4.09e+03 
0 -0.0567 -0.0146 -0.00318 4.14 2.63 1 -0.434 -0.177 -0.054 5.38 2.57 0.778 
0 -0.0245 -0.00624 -0.00136 2.63 1.99 0.874 -0.188 -0.0708 -0.0209 4.17 2.09 0.65 
0 -0.00747 -0.00189 -0.000411 1 0.874 0.441 -0.0585 -0.0216 -0.00634 1.69 0.872 0.276 
0 -0.0033 -0.000828 -0.000178 -0.434 -0.188 -0.0585 2.49 2.01 0.893 24.5 13.2 4.47 
0 -0.00116 -0.000278 -5.72e-05 -0.177 -0.0708 -0.0216 2.01 2.08 1.09 19.7 11.9 4.28 
0 -0.000365 -8.32e-05 -1.61e-05 -0.054 -0.0209 -0.00634 0.893 1.09 0.658 8.63 5.6 2.07 
0 -0.227 -0.0584 -0.0128 5.38 4.17 1.69 24.5 19.7 8.63 272 144 48.1 
0 -0.0761 -0.0195 -0.00425 2.57 2.09 0.872 13.2 11.9 5.6 144 82.3 28.9 
0 -0.0197 -0.00503 -0.00109 0.778 0.65 0.276 4.47 4.28 2.07 48.1 28.9 10.7 
H matrix
0.101 1.07 0.256 0.0527 163 64.9 19.8 -1.84e+03 -1.9e+03 -993 -1.8e+04 -1.09e+04 -3.91e+03 
0.0739 0.335 0.0763 0.0148 49.6 19.2 5.8 -817 -991 -600 -7.89e+03 -5.11e+03 -1.89e+03 
1.67 208 53.8 11.8 -4.94e+03 -3.82e+03 -1.55e+03 -2.25e+04 -1.8e+04 -7.89e+03 -2.49e+05 -1.31e+05 -4.4e+04 
0.865 70 18 3.92 -2.35e+03 -1.91e+03 -798 -1.21e+04 -1.09e+04 -5.12e+03 -1.32e+05 -7.51e+04 -2.64e+04 
0.282 18.1 4.63 1.01 -713 -595 -253 -4.1e+03 -3.91e+03 -1.89e+03 -4.4e+04 -2.64e+04 -9.74e+03 
0.00164 6.87 1.74 0.379 -920 -799 -402 53.7 19.8 5.8 -1.55e+03 -798 -253 
-0.00588 3.04 0.762 0.164 399 173 53.6 -2.28e+03 -1.84e+03 -816 -2.24e+04 -1.21e+04 -4.09e+03 
0.101 1.07 0.256 0.0527 163 64.9 19.8 -1.84e+03 -1.9e+03 -993 -1.8e+04 -1.09e+04 -3.91e+03 
0.0739 0.335 0.0763 0.0148 49.6 19.2 5.8 -817 -991 -600 -7.89e+03 -5.11e+03 -1.89e+03 
1.67 208 53.8 11.8 -4.94e+03 -3.82e+03 -1.55e+03 -2.25e+04 -1.8e+04 -7.89e+03 -2.49e+05 -1.31e+05 -4.4e+04 
0.865 70 18 3.92 -2.35e+03 -1.91e+03 -798 -1.21e+04 -1.09e+04 -5.12e+03 -1.32e+05 -7.51e+04 -2.64e+04 
0.282 18.1 4.63 1.01 -713 -595 -253 -4.1e+03 -3.91e+03 -1.89e+03 -4.4e+04 -2.64e+04 -9.74e+03 
-920 -0.239 -0.0679 -0.0166 24.6 17.3 3.86 52.8 50.2 8.91 524 281 72.7 
0.00869 -31.9 -9.79 -2.29 52.1 22.5 6.85 3.03 1.07 0.334 208 69.8 18.1 
0.00457 -9.78 -3.21 -0.781 13.4 5.73 1.74 0.761 0.255 0.0759 53.7 17.9 4.62 
0.00152 -2.29 -0.781 -0.195 2.92 1.25 0.378 0.164 0.0525 0.0147 11.7 3.9 1 
-0.00656 52.2 13.4 2.93 -3.8e+03 -2.41e+03 -919 399 162 49.5 -4.93e+03 -2.35e+03 -713 
0.0676 22.5 5.75 1.25 -2.41e+03 -1.83e+03 -799 173 64.9 19.1 -3.82e+03 -1.91e+03 -595 
0.00164 6.87 1.74 0.379 -920 -799 -402 53.7 19.8 5.8 -1.55e+03 -798 -253 
-0.00588 3.04 0.762 0.164 399 173 53.6 -2.28e+03 -1.84e+03 -816 -2.24e+04 -1.21e+04 -4.09e+03 
0.101 1.07 0.256 0.0527 163 64.9 19.8 -1.84e+03 -1.9e+03 -993 -1.8e+04 -1.09e+04 -3.91e+03 
0.0739 0.335 0.0763 0.0148 49.6 19.2 5.8 -817 -991 -600 -7.89e+03 -5.11e+03 -1.89e+03 
1.67 208 53.8 11.8 -4.94e+03 -3.82e+03 -1.55e+03 -2.25e+04 -1.8e+04 -7.89e+03 -2.49e+05 -1.31e+05 -4.4e+04 
0.865 70 18 3.92 -2.35e+03 -1.91e+03 -798 -1.21e+04 -1.09e+04 -5.12e+03 -1.32e+05 -7.51e+04 -2.64e+04 
0.282 18.1 4.63 1.01 -713 -595 -253 -4.1e+03 -3.91e+03 -1.89e+03 -4.4e+04 -2.64e+04 -9.74e+03 
S matrix
1 0 0 0 0 0 0 0 0 0 0 0 0 
0 0.0347 0.0107 0.0025 -0.0567 -0.0245 -0.00747 -0.0033 -0.00116 -0.000365 -0.227 -0.0761 -0.0197 
0 0.0107 0.0035 0.00085 -0.0146 -0.00624 -0.00189 -0.000828 -0.000278 -8.32e-05 -0.0584 -0.0195 -0.00503 
0 0.0025 0.00085 0.000212 -0.00318 -0.00136 -0.000411 -0.000178 -5.72e-05 -1.61e-05 -0.0128 -0.00425 -0.00109 
0 -0.0567 -0.0146 -0.00318 4.14 2.63 1 -0.434 -0.177 -0.054 5.38 2.57 0.778 
0 -0.0245 -0.00624 -0.00136 2.63 1.99 0.874 -0.188 -0.0708 -0.0209 4.17 2.09 0.65 
0 -0.00747 -0.00189 -0.000411 1 0.874 0.441 -0.0585 -0.0216 -0.00634 1.69 0.872 0.276 
0 -0.0033 -0.000828 -0.000178 -0.434 -0.188 -0.0585 2.49 2.01 0.893 24.5 13.2 4.47 
0 -0.00116 -0.000278 -5.72e-05 -0.177 -0.0708 -0.0216 2.01 2.08 1.09 19.7 11.9 4.28 
0 -0.000365 -8.32e-05 -1.61e-05 -0.054 -0.0209 -0.00634 0.893 1.09 0.658 8.63 5.6 2.07 
0 -0.227 -0.0584 -0.0128 5.38 4.17 1.69 24.5 19.7 8.63 272 144 48.1 
0 -0.0761 -0.0195 -0.00425 2.57 2.09 0.872 13.2 11.9 5.6 144 82.3 28.9 
0 -0.0197 -0.00503 -0.00109 0.778 0.65 0.276 4.47 4.28 2.07 48.1 28.9 10.7 
H matrix
-920 -0.239 -0.0679 -0.0166 24.6 17.3 3.86 52.8 50.2 8.91 524 281 72.7 
0.00869 -31.9 -9.79 -2.29 52.1 22.5 6.85 3.03 1.07 0.334 208 69.8 18.1 
0.00457 -9.78 -3.21 -0.781 13.4 5.73 1.74 0.761 0.255 0.0759 53.7 17.9 4.62 
0.00152 -2.29 -0.781 -0.195 2.92 1.25 0.378 0.164 0.0525 0.0147 11.7 3.9 1 
-0.00656 52.2 13.4 2.93 -3.8e+03 -2.41e+03 -919 399 162 49.5 -4.93e+03 -2.35e+03 -713 
0.0676 22.5 5.75 1.25 -2.41e+03 -1.83e+03 -799 173 64.9 19.1 -3.82e+03 -1.91e+03 -595 
0.00164 6.87 1.74 0.379 -920 -799 -402 53.7 19.8 5.8 -1.55e+03 -798 -253 
-0.00588 3.04 0.762 0.164 399 173 53.6 -2.28e+03 -1.84e+03 -816 -2.24e+04 -1.21e+04 -4.09e+03 
0.101 1.07 0.256 0.0527 163 64.9 19.8 -1.84e+03 -1.9e+03 -993 -1.8e+04 -1.09e+04 -3.91e+03 
0.0739 0.335 0.0763 0.0148 49.6 19.2 5.8 -817 -991 -600 -7.89e+03 -5.11e+03 -1.89e+03 
1.67 208 53.8 11.8 -4.94e+03 -3.82e+03 -1.55e+03 -2.25e+04 -1.8e+04 -7.89e+03 -2.49e+05 -1.31e+05 -4.4e+04 
0.865 70 18 3.92 -2.35e+03 -1.91e+03 -798 -1.21e+04 -1.09e+04 -5.12e+03 -1.32e+05 -7.51e+04 -2.64e+04 
0.282 18.1 4.63 1.01 -713 -595 -253 -4.1e+03 -3.91e+03 -1.89e+03 -4.4e+04 -2.64e+04 -9.74e+03 
S matrix
1 0 0 0 0 0 0 0 0 0 0 0 0 
0 0.0347 0.0107 0.0025 -0.0567 -0.0245 -0.00747 -0.0033 -0.00116 -0.000365 -0.227 -0.0761 -0.0197 
0 0.0107 0.0035 0.00085 -0.0146 -0.00624 -0.00189 -0.000828 -0.000278 -8.32e-05 -0.0584 -0.0195 -0.00503 
0 0.0025 0.00085 0.000212 -0.00318 -0.00136 -0.000411 -0.000178 -5.72e-05 -1.61e-05 -0.0128 -0.00425 -0.00109 
0 -0.0567 -0.0146 -0.00318 4.14 2.63 1 -0.434 -0.177 -0.054 5.38 2.57 0.778 
0 -0.0245 -0.00624 -0.00136 2.63 1.99 0.874 -0.188 -0.0708 -0.0209 4.17 2.09 0.65 
0 -0.00747 -0.00189 -0.000411 1 0.874 0.441 -0.0585 -0.0216 -0.00634 1.69 0.872 0.276 
0 -0.0033 -0.000828 -0.000178 -0.434 -0.188 -0.0585 2.49 2.01 0.893 24.5 13.2 4.47 
0 -0.00116 -0.000278 -5.72e-05 -0.177 -0.0708 -0.0216 2.01 2.08 1.09 19.7 11.9 4.28 
0 -0.000365 -8.32e-05 -1.61e-05 -0.054 -0.0209 -0.00634 0.893 1.09 0.658 8.63 5.6 2.07 
0 -0.227 -0.0584 -0.0128 5.38 4.17 1.69 24.5 19.7 8.63 272 144 48.1 
0 -0.0761 -0.0195 -0.00425 2.57 2.09 0.872 13.2 11.9 5.6 144 82.3 28.9 
0 -0.0197 -0.00503 -0.00109 0.778 0.65 0.276 4.47 4.28 2.07 48.1 28.9 10.7 
H matrix
-920 -0.239 -0.0679 -0.0166 24.6 17.3 3.86 52.8 50.2 8.91 524 281 72.7 
0.00869 -31.9 -9.79 -2.29 52.1 22.5 6.85 3.03 1.07 0.334 208 69.8 18.1 
0.00457 -9.78 -3.21 -0.781 13.4 5.73 1.74 0.761 0.255 0.0759 53.7 17.9 4.62 
0.00152 -2.29 -0.781 -0.195 2.92 1.25 0.378 0.164 0.0525 0.0147 11.7 3.9 1 
-0.00656 52.2 13.4 2.93 -3.8e+03 -2.41e+03 -919 399 162 49.5 -4.93e+03 -2.35e+03 -713 
0.0676 22.5 5.75 1.25 -2.41e+03 -1.83e+03 -799 173 64.9 19.1 -3.82e+03 -1.91e+03 -595 
0.00164 6.87 1.74 0.379 -920 -799 -402 53.7 19.8 5.8 -1.55e+03 -798 -253 
-0.00588 3.04 0.762 0.164 399 173 53.6 -2.28e+03 -1.84e+03 -816 -2.24e+04 -1.21e+04 -4.09e+03 
0.101 1.07 0.256 0.0527 163 64.9 19.8 -1.84e+03 -1.9e+03 -993 -1.8e+04 -1.09e+04 -3.91e+03 
0.0739 0.335 0.0763 0.0148 49.6 19.2 5.8 -817 -991 -600 -7.89e+03 -5.11e+03 -1.89e+03 
1.67 208 53.8 11.8 -4.94e+03 -3.82e+03 -1.55e+03 -2.25e+04 -1.8e+04 -7.89e+03 -2.49e+05 -1.31e+05 -4.4e+04 
0.865 70 18 3.92 -2.35e+03 -1.91e+03 -798 -1.21e+04 -1.09e+04 -5.12e+03 -1.32e+05 -7.51e+04 -2.64e+04 
0.282 18.1 4.63 1.01 -713 -595 -253 -4.1e+03 -3.91e+03 -1.89e+03 -4.4e+04 -2.64e+04 -9.74e+03 
S matrix
1 0 0 0 0 0 0 0 0 0 0 0 0 
0 0.0347 0.0107 0.0025 -0.0567 -0.0245 -0.00747 -0.0033 -0.00116 -0.000365 -0.227 -0.0761 -0.0197 
0 0.0107 0.0035 0.00085 -0.0146 -0.00624 -0.00189 -0.000828 -0.000278 -8.32e-05 -0.0584 -0.0195 -0.00503 
0 0.0025 0.00085 0.000212 -0.00318 -0.00136 -0.000411 -0.000178 -5.72e-05 -1.61e-05 -0.0128 -0.00425 -0.00109 
0 -0.0567 -0.0146 -0.00318 4.14 2.63 1 -0.434 -0.177 -0.054 5.38 2.57 0.778 
0 -0.0245 -0.00624 -0.00136 2.63 1.99 0.874 -0.188 -0.0708 -0.0209 4.17 2.09 0.65 
0 -0.00747 -0.00189 -0.000411 1 0.874 0.441 -0.0585 -0.0216 -0.00634 1.69 0.872 0.276 
0 -0.0033 -0.000828 -0.000178 -0.434 -0.188 -0.0585 2.49 2.01 0.893 24.5 13.2 4.47 
0 -0.00116 -0.000278 -5.72e-05 -0.177 -0.0708 -0.0216 2.01 2.08 1.09 19.7 11.9 4.28 
0 -0.000365 -8.32e-05 -1.61e-05 -0.054 -0.0209 -0.00634 0.893 1.09 0.658 8.63 5.6 2.07 
0 -0.227 -0.0584 -0.0128 5.38 4.17 1.69 24.5 19.7 8.63 272 144 48.1 
0 -0.0761 -0.0195 -0.00425 2.57 2.09 0.872 13.2 11.9 5.6 144 82.3 28.9 
0 -0.0197 -0.00503 -0.00109 0.778 0.65 0.276 4.47 4.28 2.07 48.1 28.9 10.7 
H matrix
-920 -0.239 -0.0679 -0.0166 24.6 17.3 3.86 52.8 50.2 8.91 524 281 72.7 
0.00869 -31.9 -9.79 -2.29 52.1 22.5 6.85 3.03 1.07 0.334 208 69.8 18.1 
0.00457 -9.78 -3.21 -0.781 13.4 5.73 1.74 0.761 0.255 0.0759 53.7 17.9 4.62 
0.00152 -2.29 -0.781 -0.195 2.92 1.25 0.378 0.164 0.0525 0.0147 11.7 3.9 1 
-0.00656 52.2 13.4 2.93 -3.8e+03 -2.41e+03 -919 399 162 49.5 -4.93e+03 -2.35e+03 -713 
0.0676 22.5 5.75 1.25 -2.41e+03 -1.83e+03 -799 173 64.9 19.1 -3.82e+03 -1.91e+03 -595 
0.00164 6.87 1.74 0.379 -920 -799 -402 53.7 19.8 5.8 -1.55e+03 -798 -253 
-0.00588 3.04 0.762 0.164 399 173 53.6 -2.28e+03 -1.84e+03 -816 -2.24e+04 -1.21e+04 -4.09e+03 
0.101 1.07 0.256 0.0527 163 64.9 19.8 -1.84e+03 -1.9e+03 -993 -1.8e+04 -1.09e+04 -3.91e+03 
0.0739 0.335 0.0763 0.0148 49.6 19.2 5.8 -817 -991 -600 -7.89e+03 -5.11e+03 -1.89e+03 
1.67 208 53.8 11.8 -4.94e+03 -3.82e+03 -1.55e+03 -2.25e+04 -1.8e+04 -7.89e+03 -2.49e+05 -1.31e+05 -4.4e+04 
0.865 70 18 3.92 -2.35e+03 -1.91e+03 -798 -1.21e+04 -1.09e+04 -5.12e+03 -1.32e+05 -7.51e+04 -2.64e+04 
0.282 18.1 4.63 1.01 -713 -595 -253 -4.1e+03 -3.91e+03 -1.89e+03 -4.4e+04 -2.64e+04 -9.74e+03 
S matrix
1 0 0 0 0 0 0 0 0 0 0 0 0 
0 0.0347 0.0107 0.0025 -0.0567 -0.0245 -0.00747 -0.0033 -0.00116 -0.000365 -0.227 -0.0761 -0.0197 
0 0.0107 0.0035 0.00085 -0.0146 -0.00624 -0.00189 -0.000828 -0.000278 -8.32e-05 -0.0584 -0.0195 -0.00503 
0 0.0025 0.00085 0.000212 -0.00318 -0.00136 -0.000411 -0.000178 -5.72e-05 -1.61e-05 -0.0128 -0.00425 -0.00109 
0 -0.0567 -0.0146 -0.00318 4.14 2.63 1 -0.434 -0.177 -0.054 5.38 2.57 0.778 
0 -0.0245 -0.00624 -0.00136 2.63 1.99 0.874 -0.188 -0.0708 -0.0209 4.17 2.09 0.65 
0 -0.00747 -0.00189 -0.000411 1 0.874 0.441 -0.0585 -0.0216 -0.00634 1.69 0.872 0.276 
0 -0.0033 -0.000828 -0.000178 -0.434 -0.188 -0.0585 2.49 2.01 0.893 24.5 13.2 4.47 
0 -0.00116 -0.000278 -5.72e-05 -0.177 -0.0708 -0.0216 2.01 2.08 1.09 19.7 11.9 4.28 
0 -0.000365 -8.32e-05 -1.61e-05 -0.054 -0.0209 -0.00634 0.893 1.09 0.658 8.63 5.6 2.07 
0 -0.227 -0.0584 -0.0128 5.38 4.17 1.69 24.5 19.7 8.63 272 144 48.1 
0 -0.0761 -0.0195 -0.00425 2.57 2.09 0.872 13.2 11.9 5.6 144 82.3 28.9 
0 -0.0197 -0.00503 -0.00109 0.778 0.65 0.276 4.47 4.28 2.07 48.1 28.9 10.7 
H matrix
-920 -0.239 -0.0679 -0.0166 24.6 17.3 3.86 52.8 50.2 8.91 524 281 72.7 
0.00869 -31.9 -9.79 -2.29 52.1 22.5 6.85 3.03 1.07 0.334 208 69.8 18.1 
0.00457 -9.78 -3.21 -0.781 13.4 5.73 1.74 0.761 0.255 0.0759 53.7 17.9 4.62 
0.00152 -2.29 -0.781 -0.195 2.92 1.25 0.378 0.164 0.0525 0.0147 11.7 3.9 1 
-0.00656 52.2 13.4 2.93 -3.8e+03 -2.41e+03 -919 399 162 49.5 -4.93e+03 -2.35e+03 -713 
0.0676 22.5 5.75 1.25 -2.41e+03 -1.83e+03 -799 173 64.9 19.1 -3.82e+03 -1.91e+03 -595 
0.00164 6.87 1.74 0.379 -920 -799 -402 53.7 19.8 5.8 -1.55e+03 -798 -253 
-0.00588 3.04 0.762 0.164 399 173 53.6 -2.28e+03 -1.84e+03 -816 -2.24e+04 -1.21e+04 -4.09e+03 
0.101 1.07 0.256 0.0527 163 64.9 19.8 -1.84e+03 -1.9e+03 -993 -1.8e+04 -1.09e+04 -3.91e+03 
0.0739 0.335 0.0763 0.0148 49.6 19.2 5.8 -817 -991 -600 -7.89e+03 -5.11e+03 -1.89e+03 
1.67 208 53.8 11.8 -4.94e+03 -3.82e+03 -1.55e+03 -2.25e+04 -1.8e+04 -7.89e+03 -2.49e+05 -1.31e+05 -4.4e+04 
0.865 70 18 3.92 -2.35e+03 -1.91e+03 -798 -1.21e+04 -1.09e+04 -5.12e+03 -1.32e+05 -7.51e+04 -2.64e+04 
0.282 18.1 4.63 1.01 -713 -595 -253 -4.1e+03 -3.91e+03 -1.89e+03 -4.4e+04 -2.64e+04 -9.74e+03 
energy derivative -0.2473893688 +/- 0.0001893265563
energy derivative -0.07244203593 +/- 4.863893705e-05
energy derivative -0.01813285075 +/- 2.272032745e-05
energy derivative 24.60801376 +/- 0.005674607979
energy derivative 17.26129991 +/- 0.009631569029
energy derivative 3.863345002 +/- 0.009547523402
energy derivative 52.75625966 +/- 0.007140845749
energy derivative 50.07812168 +/- 0.01680687783
energy derivative 8.838841756 +/- 0.02213619376
energy derivative 522.5913176 +/- 0.1072162681
energy derivative 279.9513567 +/- 0.08414117147
energy derivative 72.41197548 +/- 0.08228528265
S matrix
1 0 0 0 0 0 0 0 0 0 0 0 0 
0 0.0347 0.0107 0.0025 -0.0567 -0.0245 -0.00747 -0.0033 -0.00116 -0.000365 -0.227 -0.0761 -0.0197 
0 0.0107 0.0035 0.00085 -0.0146 -0.00624 -0.00189 -0.000828 -0.000278 -8.32e-05 -0.0584 -0.0195 -0.00503 
0 0.0025 0.00085 0.000212 -0.00318 -0.00136 -0.000411 -0.000178 -5.72e-05 -1.61e-05 -0.0128 -0.00425 -0.00109 
0 -0.0567 -0.0146 -0.00318 4.14 2.63 1 -0.434 -0.177 -0.054 5.38 2.57 0.778 
0 -0.0245 -0.00624 -0.00136 2.63 1.99 0.874 -0.188 -0.0708 -0.0209 4.17 2.09 0.65 
0 -0.00747 -0.00189 -0.000411 1 0.874 0.441 -0.0585 -0.0216 -0.00634 1.69 0.872 0.276 
0 -0.0033 -0.000828 -0.000178 -0.434 -0.188 -0.0585 2.49 2.01 0.893 24.5 13.2 4.47 
0 -0.00116 -0.000278 -5.72e-05 -0.177 -0.0708 -0.0216 2.01 2.08 1.09 19.7 11.9 4.28 
0 -0.000365 -8.32e-05 -1.61e-05 -0.054 -0.0209 -0.00634 0.893 1.09 0.658 8.63 5.6 2.07 
0 -0.227 -0.0584 -0.0128 5.38 4.17 1.69 24.5 19.7 8.63 272 144 48.1 
0 -0.0761 -0.0195 -0.00425 2.57 2.09 0.872 13.2 11.9 5.6 144 82.3 28.9 
0 -0.0197 -0.00503 -0.00109 0.778 0.65 0.276 4.47 4.28 2.07 48.1 28.9 10.7 
H matrix
-920 -0.239 -0.0679 -0.0166 24.6 17.3 3.86 52.8 50.2 8.91 524 281 72.7 
0.00869 -31.9 -9.79 -2.29 52.1 22.5 6.85 3.03 1.07 0.334 208 69.8 18.1 
0.00457 -9.78 -3.21 -0.781 13.4 5.73 1.74 0.761 0.255 0.0759 53.7 17.9 4.62 
0.00152 -2.29 -0.781 -0.195 2.92 1.25 0.378 0.164 0.0525 0.0147 11.7 3.9 1 
-0.00656 52.2 13.4 2.93 -3.8e+03 -2.41e+03 -919 399 162 49.5 -4.93e+03 -2.35e+03 -713 
0.0676 22.5 5.75 1.25 -2.41e+03 -1.83e+03 -799 173 64.9 19.1 -3.82e+03 -1.91e+03 -595 
0.00164 6.87 1.74 0.379 -920 -799 -402 53.7 19.8 5.8 -1.55e+03 -798 -253 
-0.00588 3.04 0.762 0.164 399 173 53.6 -2.28e+03 -1.84e+03 -816 -2.24e+04 -1.21e+04 -4.09e+03 
0.101 1.07 0.256 0.0527 163 64.9 19.8 -1.84e+03 -1.9e+03 -993 -1.8e+04 -1.09e+04 -3.91e+03 
0.0739 0.335 0.0763 0.0148 49.6 19.2 5.8 -817 -991 -600 -7.89e+03 -5.11e+03 -1.89e+03 
1.67 208 53.8 11.8 -4.94e+03 -3.82e+03 -1.55e+03 -2.25e+04 -1.8e+04 -7.89e+03 -2.49e+05 -1.31e+05 -4.4e+04 
0.865 70 18 3.92 -2.35e+03 -1.91e+03 -798 -1.21e+04 -1.09e+04 -5.12e+03 -1.32e+05 -7.51e+04 -2.64e+04 
0.282 18.1 4.63 1.01 -713 -595 -253 -4.1e+03 -3.91e+03 -1.89e+03 -4.4e+04 -2.64e+04 -9.74e+03 
S matrix
1 0 0 0 0 0 0 0 0 0 0 0 0 
0 0.0347 0.0107 0.0025 -0.0567 -0.0245 -0.00747 -0.0033 -0.00116 -0.000365 -0.227 -0.0761 -0.0197 
0 0.0107 0.0035 0.00085 -0.0146 -0.00624 -0.00189 -0.000828 -0.000278 -8.32e-05 -0.0584 -0.0195 -0.00503 
0 0.0025 0.00085 0.000212 -0.00318 -0.00136 -0.000411 -0.000178 -5.72e-05 -1.61e-05 -0.0128 -0.00425 -0.00109 
0 -0.0567 -0.0146 -0.00318 4.14 2.63 1 -0.434 -0.177 -0.054 5.38 2.57 0.778 
0 -0.0245 -0.00624 -0.00136 2.63 1.99 0.874 -0.188 -0.0708 -0.0209 4.17 2.09 0.65 
0 -0.00747 -0.00189 -0.000411 1 0.874 0.441 -0.0585 -0.0216 -0.00634 1.69 0.872 0.276 
0 -0.0033 -0.000828 -0.000178 -0.434 -0.188 -0.0585 2.49 2.01 0.893 24.5 13.2 4.47 
0 -0.00116 -0.000278 -5.72e-05 -0.177 -0.0708 -0.0216 2.01 2.08 1.09 19.7 11.9 4.28 
0 -0.000365 -8.32e-05 -1.61e-05 -0.054 -0.0209 -0.00634 0.893 1.09 0.658 8.63 5.6 2.07 
0 -0.227 -0.0584 -0.0128 5.38 4.17 1.69 24.5 19.7 8.63 272 144 48.1 
0 -0.0761 -0.0195 -0.00425 2.57 2.09 0.872 13.2 11.9 5.6 144 82.3 28.9 
0 -0.0197 -0.00503 -0.00109 0.778 0.65 0.276 4.47 4.28 2.07 48.1 28.9 10.7 
H matrix
-920 -0.239 -0.0679 -0.0166 24.6 17.3 3.86 52.8 50.2 8.91 524 281 72.7 
0.00869 -31.9 -9.79 -2.29 52.1 22.5 6.85 3.03 1.07 0.334 208 69.8 18.1 
0.00457 -9.78 -3.21 -0.781 13.4 5.73 1.74 0.761 0.255 0.0759 53.7 17.9 4.62 
0.00152 -2.29 -0.781 -0.195 2.92 1.25 0.378 0.164 0.0525 0.0147 11.7 3.9 1 
-0.00656 52.2 13.4 2.93 -3.8e+03 -2.41e+03 -919 399 162 49.5 -4.93e+03 -2.35e+03 -713 
0.0676 22.5 5.75 1.25 -2.41e+03 -1.83e+03 -799 173 64.9 19.1 -3.82e+03 -1.91e+03 -595 
0.00164 6.87 1.74 0.379 -920 -799 -402 53.7 19.8 5.8 -1.55e+03 -798 -253 
-0.00588 3.04 0.762 0.164 399 173 53.6 -2.28e+03 -1.84e+03 -816 -2.24e+04 -1.21e+04 -4.09e+03 
0.101 1.07 0.256 0.0527 163 64.9 19.8 -1.84e+03 -1.9e+03 -993 -1.8e+04 -1.09e+04 -3.91e+03 
0.0739 0.335 0.0763 0.0148 49.6 19.2 5.8 -817 -991 -600 -7.89e+03 -5.11e+03 -1.89e+03 
1.67 208 53.8 11.8 -4.94e+03 -3.82e+03 -1.55e+03 -2.25e+04 -1.8e+04 -7.89e+03 -2.49e+05 -1.31e+05 -4.4e+04 
0.865 70 18 3.92 -2.35e+03 -1.91e+03 -798 -1.21e+04 -1.09e+04 -5.12e+03 -1.32e+05 -7.51e+04 -2.64e+04 
0.282 18.1 4.63 1.01 -713 -595 -253 -4.1e+03 -3.91e+03 -1.89e+03 -4.4e+04 -2.64e+04 -9.74e+03 
S matrix
1 0 0 0 0 0 0 0 0 0 0 0 0 
0 0.0347 0.0107 0.0025 -0.0567 -0.0245 -0.00747 -0.0033 -0.00116 -0.000365 -0.227 -0.0761 -0.0197 
0 0.0107 0.0035 0.00085 -0.0146 -0.00624 -0.00189 -0.000828 -0.000278 -8.32e-05 -0.0584 -0.0195 -0.00503 
0 0.0025 0.00085 0.000212 -0.00318 -0.00136 -0.000411 -0.000178 -5.72e-05 -1.61e-05 -0.0128 -0.00425 -0.00109 
0 -0.0567 -0.0146 -0.00318 4.14 2.63 1 -0.434 -0.177 -0.054 5.38 2.57 0.778 
0 -0.0245 -0.00624 -0.00136 2.63 1.99 0.874 -0.188 -0.0708 -0.0209 4.17 2.09 0.65 
0 -0.00747 -0.00189 -0.000411 1 0.874 0.441 -0.0585 -0.0216 -0.00634 1.69 0.872 0.276 
0 -0.0033 -0.000828 -0.000178 -0.434 -0.188 -0.0585 2.49 2.01 0.893 24.5 13.2 4.47 
0 -0.00116 -0.000278 -5.72e-05 -0.177 -0.0708 -0.0216 2.01 2.08 1.09 19.7 11.9 4.28 
0 -0.000365 -8.32e-05 -1.61e-05 -0.054 -0.0209 -0.00634 0.893 1.09 0.658 8.63 5.6 2.07 
0 -0.227 -0.0584 -0.0128 5.38 4.17 1.69 24.5 19.7 8.63 272 144 48.1 
0 -0.0761 -0.0195 -0.00425 2.57 2.09 0.872 13.2 11.9 5.6 144 82.3 28.9 
0 -0.0197 -0.00503 -0.00109 0.778 0.65 0.276 4.47 4.28 2.07 48.1 28.9 10.7 
H matrix
-920 -0.239 -0.0679 -0.0166 24.6 17.3 3.86 52.8 50.2 8.91 524 281 72.7 
0.00869 -31.9 -9.79 -2.29 52.1 22.5 6.85 3.03 1.07 0.334 208 69.8 18.1 
0.00457 -9.78 -3.21 -0.781 13.4 5.73 1.74 0.761 0.255 0.0759 53.7 17.9 4.62 
0.00152 -2.29 -0.781 -0.195 2.92 1.25 0.378 0.164 0.0525 0.0147 11.7 3.9 1 
-0.00656 52.2 13.4 2.93 -3.8e+03 -2.41e+03 -919 399 162 49.5 -4.93e+03 -2.35e+03 -713 
0.0676 22.5 5.75 1.25 -2.41e+03 -1.83e+03 -799 173 64.9 19.1 -3.82e+03 -1.91e+03 -595 
0.00164 6.87 1.74 0.379 -920 -799 -402 53.7 19.8 5.8 -1.55e+03 -798 -253 
-0.00588 3.04 0.762 0.164 399 173 53.6 -2.28e+03 -1.84e+03 -816 -2.24e+04 -1.21e+04 -4.09e+03 
0.101 1.07 0.256 0.0527 163 64.9 19.8 -1.84e+03 -1.9e+03 -993 -1.8e+04 -1.09e+04 -3.91e+03 
0.0739 0.335 0.0763 0.0148 49.6 19.2 5.8 -817 -991 -600 -7.89e+03 -5.11e+03 -1.89e+03 
1.67 208 53.8 11.8 -4.94e+03 -3.82e+03 -1.55e+03 -2.25e+04 -1.8e+04 -7.89e+03 -2.49e+05 -1.31e+05 -4.4e+04 
0.865 70 18 3.92 -2.35e+03 -1.91e+03 -798 -1.21e+04 -1.09e+04 -5.12e+03 -1.32e+05 -7.51e+04 -2.64e+04 
0.282 18.1 4.63 1.01 -713 -595 -253 -4.1e+03 -3.91e+03 -1.89e+03 -4.4e+04 -2.64e+04 -9.74e+03 
S matrix
1 0 0 0 0 0 0 0 0 0 0 0 0 
0 0.0347 0.0107 0.0025 -0.0567 -0.0245 -0.00747 -0.0033 -0.00116 -0.000365 -0.227 -0.0761 -0.0197 
0 0.0107 0.0035 0.00085 -0.0146 -0.00624 -0.00189 -0.000828 -0.000278 -8.32e-05 -0.0584 -0.0195 -0.00503 
0 0.0025 0.00085 0.000212 -0.00318 -0.00136 -0.000411 -0.000178 -5.72e-05 -1.61e-05 -0.0128 -0.00425 -0.00109 
0 -0.0567 -0.0146 -0.00318 4.14 2.63 1 -0.434 -0.177 -0.054 5.38 2.57 0.778 
0 -0.0245 -0.00624 -0.00136 2.63 1.99 0.874 -0.188 -0.0708 -0.0209 4.17 2.09 0.65 
0 -0.00747 -0.00189 -0.000411 1 0.874 0.441 -0.0585 -0.0216 -0.00634 1.69 0.872 0.276 
0 -0.0033 -0.000828 -0.000178 -0.434 -0.188 -0.0585 2.49 2.01 0.893 24.5 13.2 4.47 
0 -0.00116 -0.000278 -5.72e-05 -0.177 -0.0708 -0.0216 2.01 2.08 1.09 19.7 11.9 4.28 
0 -0.000365 -8.32e-05 -1.61e-05 -0.054 -0.0209 -0.00634 0.893 1.09 0.658 8.63 5.6 2.07 
0 -0.227 -0.0584 -0.0128 5.38 4.17 1.69 24.5 19.7 8.63 272 144 48.1 
0 -0.0761 -0.0195 -0.00425 2.57 2.09 0.872 13.2 11.9 5.6 144 82.3 28.9 
0 -0.0197 -0.00503 -0.00109 0.778 0.65 0.276 4.47 4.28 2.07 48.1 28.9 10.7 
H matrix
-920 -0.239 -0.0679 -0.0166 24.6 17.3 3.86 52.8 50.2 8.91 524 281 72.7 
0.00869 -31.9 -9.79 -2.29 52.1 22.5 6.85 3.03 1.07 0.334 208 69.8 18.1 
0.00457 -9.78 -3.21 -0.781 13.4 5.73 1.74 0.761 0.255 0.0759 53.7 17.9 4.62 
0.00152 -2.29 -0.781 -0.195 2.92 1.25 0.378 0.164 0.0525 0.0147 11.7 3.9 1 
-0.00656 52.2 13.4 2.93 -3.8e+03 -2.41e+03 -919 399 162 49.5 -4.93e+03 -2.35e+03 -713 
0.0676 22.5 5.75 1.25 -2.41e+03 -1.83e+03 -799 173 64.9 19.1 -3.82e+03 -1.91e+03 -595 
0.00164 6.87 1.74 0.379 -920 -799 -402 53.7 19.8 5.8 -1.55e+03 -798 -253 
-0.00588 3.04 0.762 0.164 399 173 53.6 -2.28e+03 -1.84e+03 -816 -2.24e+04 -1.21e+04 -4.09e+03 
0.101 1.07 0.256 0.0527 163 64.9 19.8 -1.84e+03 -1.9e+03 -993 -1.8e+04 -1.09e+04 -3.91e+03 
0.0739 0.335 0.0763 0.0148 49.6 19.2 5.8 -817 -991 -600 -7.89e+03 -5.11e+03 -1.89e+03 
1.67 208 53.8 11.8 -4.94e+03 -3.82e+03 -1.55e+03 -2.25e+04 -1.8e+04 -7.89e+03 -2.49e+05 -1.31e+05 -4.4e+04 
0.865 70 18 3.92 -2.35e+03 -1.91e+03 -798 -1.21e+04 -1.09e+04 -5.12e+03 -1.32e+05 -7.51e+04 -2.64e+04 
0.282 18.1 4.63 1.01 -713 -595 -253 -4.1e+03 -3.91e+03 -1.89e+03 -4.4e+04 -2.64e+04 -9.74e+03 
S matrix
1 0 0 0 0 0 0 0 0 0 0 0 0 
0 0.0347 0.0107 0.0025 -0.0567 -0.0245 -0.00747 -0.0033 -0.00116 -0.000365 -0.227 -0.0761 -0.0197 
0 0.0107 0.0035 0.00085 -0.0146 -0.00624 -0.00189 -0.000828 -0.000278 -8.32e-05 -0.0584 -0.0195 -0.00503 
0 0.0025 0.00085 0.000212 -0.00318 -0.00136 -0.000411 -0.000178 -5.72e-05 -1.61e-05 -0.0128 -0.00425 -0.00109 
0 -0.0567 -0.0146 -0.00318 4.14 2.63 1 -0.434 -0.177 -0.054 5.38 2.57 0.778 
0 -0.0245 -0.00624 -0.00136 2.63 1.99 0.874 -0.188 -0.0708 -0.0209 4.17 2.09 0.65 
0 -0.00747 -0.00189 -0.000411 1 0.874 0.441 -0.0585 -0.0216 -0.00634 1.69 0.872 0.276 
0 -0.0033 -0.000828 -0.000178 -0.434 -0.188 -0.0585 2.49 2.01 0.893 24.5 13.2 4.47 
0 -0.00116 -0.000278 -5.72e-05 -0.177 -0.0708 -0.0216 2.01 2.08 1.09 19.7 11.9 4.28 
0 -0.000365 -8.32e-05 -1.61e-05 -0.054 -0.0209 -0.00634 0.893 1.09 0.658 8.63 5.6 2.07 
0 -0.227 -0.0584 -0.0128 5.38 4.17 1.69 24.5 19.7 8.63 272 144 48.1 
0 -0.0761 -0.0195 -0.00425 2.57 2.09 0.872 13.2 11.9 5.6 144 82.3 28.9 
0 -0.0197 -0.00503 -0.00109 0.778 0.65 0.276 4.47 4.28 2.07 48.1 28.9 10.7 
H matrix
-920 -0.239 -0.0679 -0.0166 24.6 17.3 3.86 52.8 50.2 8.91 524 281 72.7 
0.00869 -31.9 -9.79 -2.29 52.1 22.5 6.85 3.03 1.07 0.334 208 69.8 18.1 
0.00457 -9.78 -3.21 -0.781 13.4 5.73 1.74 0.761 0.255 0.0759 53.7 17.9 4.62 
0.00152 -2.29 -0.781 -0.195 2.92 1.25 0.378 0.164 0.0525 0.0147 11.7 3.9 1 
-0.00656 52.2 13.4 2.93 -3.8e+03 -2.41e+03 -919 399 162 49.5 -4.93e+03 -2.35e+03 -713 
0.0676 22.5 5.75 1.25 -2.41e+03 -1.83e+03 -799 173 64.9 19.1 -3.82e+03 -1.91e+03 -595 
