--------------------------------------------------------------------------
[[4285,1],0]: A high-performance Open MPI point-to-point messaging module
was unable to find any relevant network interfaces:

Module: OpenFabrics (openib)
  Host: golub222

Another transport will be used instead, although this may result in
lower performance.
--------------------------------------------------------------------------
0: output to qwalk_000.linear.o
1: cell volume 1430.02
2: cell volume 1430.02
4: cell volume 1430.02
4: elsu 6.48894
4: alpha 0.770542
5: cell volume 1430.02
9: cell volume 1430.02
9: elsu 6.48894
9: alpha 0.770542
12: cell volume 1430.02
14: cell volume 1430.02
19: cell volume 1430.02
18: cell volume 1430.02
18: elsu 6.48894
18: alpha 0.770542
8: cell volume 1430.02
8: elsu 6.48894
8: alpha 0.770542
14: elsu 6.48894
14: alpha 0.770542
1: elsu 6.48894
1: alpha 0.770542
2: elsu 6.48894
2: alpha 0.770542
5: elsu 6.48894
5: alpha 0.770542
16: cell volume 1430.02
16: elsu 6.48894
16: alpha 0.770542
11: cell volume 1430.02
11: elsu 6.48894
11: alpha 0.770542
17: cell volume 1430.02
17: elsu 6.48894
17: alpha 0.770542
3: cell volume 1430.02
3: elsu 6.48894
3: alpha 0.770542
7: cell volume 1430.02
7: elsu 6.48894
7: alpha 0.770542
cutoff 9.59706
 total centers 271
0: cell volume 1430.02
6: cell volume 1430.02
13: cell volume 1430.02
6: elsu 6.48894
6: alpha 0.770542
12: elsu 6.48894
12: alpha 0.770542
15: cell volume 1430.02
15: elsu 6.48894
15: alpha 0.770542
19: elsu 6.48894
19: alpha 0.770542
13: elsu 6.48894
13: alpha 0.770542
**Warning** atom 4 is out of the simulation cell.  Putting it inside.
**Warning** atom 5 is out of the simulation cell.  Putting it inside.
**Warning** atom 6 is out of the simulation cell.  Putting it inside.
**Warning** atom 8 is out of the simulation cell.  Putting it inside.
**Warning** atom 10 is out of the simulation cell.  Putting it inside.
**Warning** atom 12 is out of the simulation cell.  Putting it inside.
**Warning** atom 13 is out of the simulation cell.  Putting it inside.
0: elsu 6.48894
0: alpha 0.770542
10: cell volume 1430.02
10: elsu 6.48894
10: alpha 0.770542
7: real space ion-ion 0.0258213
18: real space ion-ion 0.0258213
7: reciprocal space ion 377.807
3: real space ion-ion 0.0258213
14: real space ion-ion 0.0258213
18: reciprocal space ion 377.807
3: reciprocal space ion 377.807
14: reciprocal space ion 377.807
5: real space ion-ion 0.0258213
5: reciprocal space ion 377.807
9: real space ion-ion 0.0258213
9: reciprocal space ion 377.807
Ewald sum using 2491 reciprocal points
0: real space ion-ion 0.0258213
13: real space ion-ion 0.0258213
12: real space ion-ion 0.0258213
13: reciprocal space ion 377.807
12: reciprocal space ion 377.807
0: reciprocal space ion 377.807
6: real space ion-ion 0.0258213
19: real space ion-ion 0.0258213
6: reciprocal space ion 377.807
19: reciprocal space ion 377.807
8: real space ion-ion 0.0258213
8: reciprocal space ion 377.807
15: real space ion-ion 0.0258213
15: reciprocal space ion 377.807
17: real space ion-ion 0.0258213
17: reciprocal space ion 377.807
16: real space ion-ion 0.0258213
16: reciprocal space ion 377.807
11: real space ion-ion 0.0258213
11: reciprocal space ion 377.807
4: real space ion-ion 0.0258213
4: reciprocal space ion 377.807
1: real space ion-ion 0.0258213
1: reciprocal space ion 377.807
10: real space ion-ion 0.0258213
10: reciprocal space ion 377.807
2: real space ion-ion 0.0258213
2: reciprocal space ion 377.807
Could not open qwalk_000.linear.config. Generating configurations from scratch
[golub222:62187] 19 more processes have sent help message help-mpi-btl-base.txt / btl:no-nics
[golub222:62187] Set MCA parameter "orte_base_help_aggregate" to 0 to see all help / error messages
0: Timestep is 0.415
1: Timestep is 0.415
18: Timestep is 0.415
15: Timestep is 0.415
4: Timestep is 0.415
11: Timestep is 0.415
12: Timestep is 0.415
7: Timestep is 0.415
3: Timestep is 0.415
10: Timestep is 0.415
9: Timestep is 0.415
17: Timestep is 0.415
5: Timestep is 0.415
6: Timestep is 0.415
2: Timestep is 0.415
13: Timestep is 0.415
14: Timestep is 0.415
16: Timestep is 0.415
8: Timestep is 0.415
19: Timestep is 0.415
1: Write took 0 seconds
1: Write took 0 seconds
1: Write took 0 seconds
1: Write took 0 seconds
1: Write took 0 seconds
1: Write took 0 seconds
1: Write took 0 seconds
1: Write took 0 seconds
1: Write took 0 seconds
1: Write took 0 seconds
1: Write took 0 seconds
1: Write took 0 seconds
1: Write took 0 seconds
1: Write took 0 seconds
1: Write took 0 seconds
1: Write took 0 seconds
1: Write took 0 seconds
1: Write took 0 seconds
1: Write took 0 seconds
1: Write took 0 seconds
S matrix
1 0 0 0 0 0 0 0 0 0 0 0 0 
0 0.0371 0.0114 0.00268 -0.0616 -0.0269 -0.00822 -0.00366 -0.00142 -0.000395 -0.237 -0.081 -0.0214 
0 0.0114 0.00376 0.000914 -0.0159 -0.00695 -0.00212 -0.000985 -0.000401 -0.000114 -0.062 -0.0212 -0.00563 
0 0.00268 0.000914 0.000229 -0.00349 -0.00152 -0.000465 -0.000222 -9.37e-05 -2.77e-05 -0.0137 -0.00469 -0.00125 
0 -0.0616 -0.0159 -0.00349 4.36 2.72 1.03 -0.496 -0.208 -0.0659 4.62 2.23 0.676 
0 -0.0269 -0.00695 -0.00152 2.72 2.01 0.865 -0.215 -0.0826 -0.0253 3.74 1.88 0.586 
0 -0.00822 -0.00212 -0.000465 1.03 0.865 0.426 -0.0659 -0.0243 -0.00718 1.53 0.791 0.25 
0 -0.00366 -0.000985 -0.000222 -0.496 -0.215 -0.0659 2.67 2.17 0.969 26.5 14.3 4.86 
0 -0.00142 -0.000401 -9.37e-05 -0.208 -0.0826 -0.0243 2.17 2.23 1.16 21.4 13 4.65 
0 -0.000395 -0.000114 -2.77e-05 -0.0659 -0.0253 -0.00718 0.969 1.16 0.697 9.47 6.1 2.25 
0 -0.237 -0.062 -0.0137 4.62 3.74 1.53 26.5 21.4 9.47 293 156 52.3 
0 -0.081 -0.0212 -0.00469 2.23 1.88 0.791 14.3 13 6.1 156 89.2 31.4 
0 -0.0214 -0.00563 -0.00125 0.676 0.586 0.25 4.86 4.65 2.25 52.3 31.4 11.6 
H matrix
-919 -0.24 -0.0687 -0.0169 22.8 15.7 3.4 53.6 51 9.22 532 287 74.9 
0.0211 -34.1 -10.5 -2.46 56.5 24.7 7.54 3.36 1.3 0.361 218 74.3 19.6 
0.00812 -10.5 -3.45 -0.84 14.6 6.37 1.95 0.904 0.367 0.104 56.9 19.5 5.16 
0.00237 -2.46 -0.839 -0.21 3.2 1.4 0.426 0.204 0.0858 0.0253 12.6 4.3 1.14 
-1.52 56.7 14.6 3.21 -4e+03 -2.49e+03 -939 454 190 60.3 -4.23e+03 -2.04e+03 -619 
-0.999 24.8 6.39 1.4 -2.5e+03 -1.84e+03 -791 197 75.7 23.1 -3.42e+03 -1.72e+03 -537 
-0.414 7.56 1.95 0.427 -940 -790 -389 60.5 22.2 6.57 -1.4e+03 -724 -229 
0.585 3.37 0.906 0.204 454 197 60.4 -2.44e+03 -1.98e+03 -885 -2.42e+04 -1.31e+04 -4.44e+03 
0.275 1.31 0.368 0.0861 190 75.7 22.3 -1.99e+03 -2.04e+03 -1.06e+03 -1.96e+04 -1.18e+04 -4.24e+03 
0.111 0.361 0.104 0.0253 60.4 23.1 6.59 -886 -1.06e+03 -634 -8.64e+03 -5.56e+03 -2.05e+03 
8.36 218 57.1 12.6 -4.24e+03 -3.42e+03 -1.41e+03 -2.42e+04 -1.95e+04 -8.65e+03 -2.68e+05 -1.42e+05 -4.78e+04 
5.38 74.5 19.5 4.32 -2.04e+03 -1.72e+03 -724 -1.31e+04 -1.18e+04 -5.57e+03 -1.42e+05 -8.14e+04 -2.87e+04 
2.49 19.7 5.18 1.15 -619 -536 -229 -4.45e+03 -4.24e+03 -2.06e+03 -4.78e+04 -2.86e+04 -1.06e+04 
S matrix
1 0 0 0 0 0 0 0 0 0 0 0 0 
0 0.0371 0.0114 0.00268 -0.0616 -0.0269 -0.00822 -0.00366 -0.00142 -0.000395 -0.237 -0.081 -0.0214 
0 0.0114 0.00376 0.000914 -0.0159 -0.00695 -0.00212 -0.000985 -0.000401 -0.000114 -0.062 -0.0212 -0.00563 
0 0.00268 0.000914 0.000229 -0.00349 -0.00152 -0.000465 -0.000222 -9.37e-05 -2.77e-05 -0.0137 -0.00469 -0.00125 
0 -0.0616 -0.0159 -0.00349 4.36 2.72 1.03 -0.496 -0.208 -0.0659 4.62 2.23 0.676 
0 -0.0269 -0.00695 -0.00152 2.72 2.01 0.865 -0.215 -0.0826 -0.0253 3.74 1.88 0.586 
0 -0.00822 -0.00212 -0.000465 1.03 0.865 0.426 -0.0659 -0.0243 -0.00718 1.53 0.791 0.25 
S matrix
1 0 0 0 0 0 0 0 0 0 0 0 0 
0 0.0371 0.0114 0.00268 -0.0616 -0.0269 -0.00822 -0.00366 -0.00142 -0.000395 -0.237 -0.081 -0.0214 
0 0.0114 0.00376 0.000914 -0.0159 -0.00695 -0.00212 -0.000985 -0.000401 -0.000114 -0.062 -0.0212 -0.00563 
0 0.00268 0.000914 0.000229 -0.00349 -0.00152 -0.000465 -0.000222 -9.37e-05 -2.77e-05 -0.0137 -0.00469 -0.00125 
0 -0.0616 -0.0159 -0.00349 4.36 2.72 1.03 -0.496 -0.208 -0.0659 4.62 2.23 0.676 
S matrix
1 0 0 0 0 0 0 0 0 0 0 0 0 
0 0.0371 0.0114 0.00268 -0.0616 -0.0269 -0.00822 -0.00366 -0.00142 -0.000395 -0.237 -0.081 -0.0214 
0 0.0114 0.00376 0.000914 -0.0159 -0.00695 -0.00212 -0.000985 -0.000401 -0.000114 -0.062 -0.0212 -0.00563 
0 0.00268 0.000914 0.000229 -0.00349 -0.00152 -0.000465 -0.000222 -9.37e-05 -2.77e-05 -0.0137 -0.00469 -0.00125 
0 -0.0616 -0.0159 -0.00349 4.36 2.72 1.03 -0.496 -0.208 -0.0659 4.62 2.23 0.676 
0 -0.0269 -0.00695 -0.00152 2.72 2.01 0.865 -0.215 -0.0826 -0.0253 3.74 1.88 0.586 
S matrix
1 0 0 0 0 0 0 0 0 0 0 0 0 
0 0.0371 0.0114 0.00268 -0.0616 -0.0269 -0.00822 -0.00366 -0.00142 -0.000395 -0.237 -0.081 -0.0214 
0 0.0114 0.00376 0.000914 -0.0159 -0.00695 -0.00212 -0.000985 -0.000401 -0.000114 -0.062 -0.0212 -0.00563 
0 0.00268 0.000914 0.000229 -0.00349 -0.00152 -0.000465 -0.000222 -9.37e-05 -2.77e-05 -0.0137 -0.00469 -0.00125 
0 -0.0616 -0.0159 -0.00349 4.36 2.72 1.03 -0.496 -0.208 -0.0659 4.62 2.23 0.676 
0 -0.0269 -0.00695 -0.00152 2.72 2.01 0.865 -0.215 -0.0826 -0.0253 3.74 1.88 0.586 
0 -0.00822 -0.00212 -0.000465 1.03 0.865 0.426 -0.0659 -0.0243 -0.00718 1.53 0.791 0.25 
0 -0.00366 -0.000985 -0.000222 -0.496 -0.215 -0.0659 2.67 2.17 0.969 26.5 14.3 4.86 
0 -0.00142 -0.000401 -9.37e-05 -0.208 -0.0826 -0.0243 2.17 2.23 1.16 21.4 13 4.65 
0 -0.000395 -0.000114 -2.77e-05 -0.0659 -0.0253 -0.00718 0.969 1.16 0.697 9.47 6.1 2.25 
0 -0.237 -0.062 -0.0137 4.62 3.74 1.53 26.5 21.4 9.47 293 156 52.3 
0 -0.081 -0.0212 -0.00469 2.23 1.88 0.791 14.3 13 6.1 156 89.2 31.4 
0 -0.0214 -0.00563 -0.00125 0.676 0.586 0.25 4.86 4.65 2.25 52.3 31.4 11.6 
H matrix
-919 -0.24 -0.0687 -0.0169 22.8 15.7 3.4 53.6 51 9.22 532 287 74.9 
0.0211 -34.1 -10.5 -2.46 56.5 24.7 7.54 3.36 1.3 0.361 218 74.3 19.6 
0.00812 -10.5 -3.45 -0.84 14.6 6.37 1.95 0.904 0.367 0.104 56.9 19.5 5.16 
0.00237 -2.46 -0.839 -0.21 3.2 1.4 0.426 0.204 0.0858 0.0253 12.6 4.3 1.14 
-1.52 56.7 14.6 3.21 -4e+03 -2.49e+03 -939 454 190 60.3 -4.23e+03 -2.04e+03 -619 
-0.999 24.8 6.39 1.4 -2.5e+03 -1.84e+03 -791 197 75.7 23.1 -3.42e+03 -1.72e+03 -537 
-0.414 7.56 1.95 0.427 -940 -790 -389 60.5 22.2 6.57 -1.4e+03 -724 -229 
0.585 3.37 0.906 0.204 454 197 60.4 -2.44e+03 -1.98e+03 -885 -2.42e+04 -1.31e+04 -4.44e+03 
0.275 1.31 0.368 0.0861 190 75.7 22.3 -1.99e+03 -2.04e+03 -1.06e+03 -1.96e+04 -1.18e+04 -4.24e+03 
0.111 0.361 0.104 0.0253 60.4 23.1 6.59 -886 -1.06e+03 -634 -8.64e+03 -5.56e+03 -2.05e+03 
8.36 218 57.1 12.6 -4.24e+03 -3.42e+03 -1.41e+03 -2.42e+04 -1.95e+04 -8.65e+03 -2.68e+05 -1.42e+05 -4.78e+04 
5.38 74.5 19.5 4.32 -2.04e+03 -1.72e+03 -724 -1.31e+04 -1.18e+04 -5.57e+03 -1.42e+05 -8.14e+04 -2.87e+04 
2.49 19.7 5.18 1.15 -619 -536 -229 -4.45e+03 -4.24e+03 -2.06e+03 -4.78e+04 -2.86e+04 -1.06e+04 
S matrix
1 0 0 0 0 0 0 0 0 0 0 0 0 
0 0.0371 0.0114 0.00268 -0.0616 -0.0269 -0.00822 -0.00366 -0.00142 -0.000395 -0.237 -0.081 -0.0214 
0 0.0114 0.00376 0.000914 -0.0159 -0.00695 -0.00212 -0.000985 -0.000401 -0.000114 -0.062 -0.0212 -0.00563 
0 0.00268 0.000914 0.000229 -0.00349 -0.00152 -0.000465 -0.000222 -9.37e-05 -2.77e-05 -0.0137 -0.00469 -0.00125 
0 -0.0616 -0.0159 -0.00349 4.36 2.72 1.03 -0.496 -0.208 -0.0659 4.62 2.23 0.676 
0 -0.0269 -0.00695 -0.00152 2.72 2.01 0.865 -0.215 -0.0826 -0.0253 3.74 1.88 0.586 
0 -0.00822 -0.00212 -0.000465 1.03 0.865 0.426 -0.0659 -0.0243 -0.00718 1.53 0.791 0.25 
0 -0.00366 -0.000985 -0.000222 -0.496 -0.215 -0.0659 2.67 2.17 0.969 26.5 14.3 4.86 
S matrix
1 0 0 0 0 0 0 0 0 0 0 0 0 
0 0.0371 0.0114 0.00268 -0.0616 -0.0269 -0.00822 -0.00366 -0.00142 -0.000395 -0.237 -0.081 -0.0214 
0 0.0114 0.00376 0.000914 -0.0159 -0.00695 -0.00212 -0.000985 -0.000401 -0.000114 -0.062 -0.0212 -0.00563 
0 0.00268 0.000914 0.000229 -0.00349 -0.00152 -0.000465 -0.000222 -9.37e-05 -2.77e-05 -0.0137 -0.00469 -0.00125 
0 -0.0616 -0.0159 -0.00349 4.36 2.72 1.03 -0.496 -0.208 -0.0659 4.62 2.23 0.676 
0 -0.0269 -0.00695 -0.00152 2.72 2.01 0.865 -0.215 -0.0826 -0.0253 3.74 1.88 0.586 
S matrix
1 0 0 0 0 0 0 0 0 0 0 0 0 
0 0.0371 0.0114 0.00268 -0.0616 -0.0269 -0.00822 -0.00366 -0.00142 -0.000395 -0.237 -0.081 -0.0214 
0 0.0114 0.00376 0.000914 -0.0159 -0.00695 -0.00212 -0.000985 -0.000401 -0.000114 -0.062 -0.0212 -0.00563 
0 0.00268 0.000914 0.000229 -0.00349 -0.00152 -0.000465 -0.000222 -9.37e-05 -2.77e-05 -0.0137 -0.00469 -0.00125 
0 -0.0616 -0.0159 -0.00349 4.36 2.72 1.03 -0.496 -0.208 -0.0659 4.62 2.23 0.676 
0 -0.0269 -0.00695 -0.00152 2.72 2.01 0.865 -0.215 -0.0826 -0.0253 3.74 1.88 0.586 
0 -0.00366 -0.000985 -0.000222 -0.496 -0.215 -0.0659 2.67 2.17 0.969 26.5 14.3 4.86 
0 -0.00142 -0.000401 -9.37e-05 -0.208 -0.0826 -0.0243 2.17 2.23 1.16 21.4 13 4.65 
0 -0.000395 -0.000114 -2.77e-05 -0.0659 -0.0253 -0.00718 0.969 1.16 0.697 9.47 6.1 2.25 
0 -0.237 -0.062 -0.0137 4.62 3.74 1.53 26.5 21.4 9.47 293 156 52.3 
0 -0.081 -0.0212 -0.00469 2.23 1.88 0.791 14.3 13 6.1 156 89.2 31.4 
0 -0.0214 -0.00563 -0.00125 0.676 0.586 0.25 4.86 4.65 2.25 52.3 31.4 11.6 
H matrix
-919 -0.24 -0.0687 -0.0169 22.8 15.7 3.4 53.6 51 9.22 532 287 74.9 
0.0211 -34.1 -10.5 -2.46 56.5 24.7 7.54 3.36 1.3 0.361 218 74.3 19.6 
0.00812 -10.5 -3.45 -0.84 14.6 6.37 1.95 0.904 0.367 0.104 56.9 19.5 5.16 
0 -0.0269 -0.00695 -0.00152 2.72 2.01 0.865 -0.215 -0.0826 -0.0253 3.74 1.88 0.586 
0 -0.00822 -0.00212 -0.000465 1.03 0.865 0.426 -0.0659 -0.0243 -0.00718 1.53 0.791 0.25 
0 -0.00366 -0.000985 -0.000222 -0.496 -0.215 -0.0659 2.67 2.17 0.969 26.5 14.3 4.86 
0 -0.00142 -0.000401 -9.37e-05 -0.208 -0.0826 -0.0243 2.17 2.23 1.16 21.4 13 4.65 
0 -0.000395 -0.000114 -2.77e-05 -0.0659 -0.0253 -0.00718 0.969 1.16 0.697 9.47 6.1 2.25 
0 -0.237 -0.062 -0.0137 4.62 3.74 1.53 26.5 21.4 9.47 293 156 52.3 
0 -0.081 -0.0212 -0.00469 2.23 1.88 0.791 14.3 13 6.1 156 89.2 31.4 
0 -0.0214 -0.00563 -0.00125 0.676 0.586 0.25 4.86 4.65 2.25 52.3 31.4 11.6 
H matrix
-919 -0.24 -0.0687 -0.0169 22.8 15.7 3.4 53.6 51 9.22 532 287 74.9 
0 -0.00822 -0.00212 -0.000465 1.03 0.865 0.426 -0.0659 -0.0243 -0.00718 1.53 0.791 0.25 
0 -0.00366 -0.000985 -0.000222 -0.496 -0.215 -0.0659 2.67 2.17 0.969 26.5 14.3 4.86 
0 -0.00142 -0.000401 -9.37e-05 -0.208 -0.0826 -0.0243 2.17 2.23 1.16 21.4 13 4.65 
0 -0.000395 -0.000114 -2.77e-05 -0.0659 -0.0253 -0.00718 0.969 1.16 0.697 9.47 6.1 2.25 
0 -0.237 -0.062 -0.0137 4.62 3.74 1.53 26.5 21.4 9.47 293 156 52.3 
0 -0.081 -0.0212 -0.00469 2.23 1.88 0.791 14.3 13 6.1 156 89.2 31.4 
0 -0.0214 -0.00563 -0.00125 0.676 0.586 0.25 4.86 4.65 2.25 52.3 31.4 11.6 
H matrix
-919 -0.24 -0.0687 -0.0169 22.8 15.7 3.4 53.6 51 9.22 532 287 74.9 
0.0211 -34.1 -10.5 -2.46 56.5 24.7 7.54 3.36 1.3 0.361 218 74.3 19.6 
0.00812 -10.5 -3.45 -0.84 14.6 6.37 1.95 0.904 0.367 0.104 56.9 19.5 5.16 
0 -0.00142 -0.000401 -9.37e-05 -0.208 -0.0826 -0.0243 2.17 2.23 1.16 21.4 13 4.65 
0 -0.000395 -0.000114 -2.77e-05 -0.0659 -0.0253 -0.00718 0.969 1.16 0.697 9.47 6.1 2.25 
0 -0.237 -0.062 -0.0137 4.62 3.74 1.53 26.5 21.4 9.47 293 156 52.3 
0 -0.081 -0.0212 -0.00469 2.23 1.88 0.791 14.3 13 6.1 156 89.2 31.4 
0 -0.0214 -0.00563 -0.00125 0.676 0.586 0.25 4.86 4.65 2.25 52.3 31.4 11.6 
H matrix
-919 -0.24 -0.0687 -0.0169 22.8 15.7 3.4 53.6 51 9.22 532 287 74.9 
0.0211 -34.1 -10.5 -2.46 56.5 24.7 7.54 3.36 1.3 0.361 218 74.3 19.6 
0.00812 -10.5 -3.45 -0.84 14.6 6.37 1.95 0.904 0.367 0.104 56.9 19.5 5.16 
0.00237 -2.46 -0.839 -0.21 3.2 1.4 0.426 0.204 0.0858 0.0253 12.6 4.3 1.14 
-1.52 56.7 14.6 3.21 -4e+03 -2.49e+03 -939 454 190 60.3 -4.23e+03 -2.04e+03 -619 
-0.999 24.8 6.39 1.4 -2.5e+03 -1.84e+03 -791 197 75.7 23.1 -3.42e+03 -1.72e+03 -537 
-0.414 7.56 1.95 0.427 -940 -790 -389 60.5 22.2 6.57 -1.4e+03 -724 -229 
0.585 3.37 0.906 0.204 454 197 60.4 -2.44e+03 -1.98e+03 -885 -2.42e+04 -1.31e+04 -4.44e+03 
0.00237 -2.46 -0.839 -0.21 3.2 1.4 0.426 0.204 0.0858 0.0253 12.6 4.3 1.14 
-1.52 56.7 14.6 3.21 -4e+03 -2.49e+03 -939 454 190 60.3 -4.23e+03 -2.04e+03 -619 
-0.999 24.8 6.39 1.4 -2.5e+03 -1.84e+03 -791 197 75.7 23.1 -3.42e+03 -1.72e+03 -537 
-0.414 7.56 1.95 0.427 -940 -790 -389 60.5 22.2 6.57 -1.4e+03 -724 -229 
0.585 3.37 0.906 0.204 454 197 60.4 -2.44e+03 -1.98e+03 -885 -2.42e+04 -1.31e+04 -4.44e+03 
0.275 1.31 0.368 0.0861 190 75.7 22.3 -1.99e+03 -2.04e+03 -1.06e+03 -1.96e+04 -1.18e+04 -4.24e+03 
0.111 0.361 0.104 0.0253 60.4 23.1 6.59 -886 -1.06e+03 -634 -8.64e+03 -5.56e+03 -2.05e+03 
8.36 218 57.1 12.6 -4.24e+03 -3.42e+03 -1.41e+03 -2.42e+04 -1.95e+04 -8.65e+03 -2.68e+05 -1.42e+05 -4.78e+04 
5.38 74.5 19.5 4.32 -2.04e+03 -1.72e+03 -724 -1.31e+04 -1.18e+04 -5.57e+03 -1.42e+05 -8.14e+04 -2.87e+04 
2.49 19.7 5.18 1.15 -619 -536 -229 -4.45e+03 -4.24e+03 -2.06e+03 -4.78e+04 -2.86e+04 -1.06e+04 
0.0211 -34.1 -10.5 -2.46 56.5 24.7 7.54 3.36 1.3 0.361 218 74.3 19.6 
0.00812 -10.5 -3.45 -0.84 14.6 6.37 1.95 0.904 0.367 0.104 56.9 19.5 5.16 
0.00237 -2.46 -0.839 -0.21 3.2 1.4 0.426 0.204 0.0858 0.0253 12.6 4.3 1.14 
-1.52 56.7 14.6 3.21 -4e+03 -2.49e+03 -939 454 190 60.3 -4.23e+03 -2.04e+03 -619 
-0.999 24.8 6.39 1.4 -2.5e+03 -1.84e+03 -791 197 75.7 23.1 -3.42e+03 -1.72e+03 -537 
-0.414 7.56 1.95 0.427 -940 -790 -389 60.5 22.2 6.57 -1.4e+03 -724 -229 
0.585 3.37 0.906 0.204 454 197 60.4 -2.44e+03 -1.98e+03 -885 -2.42e+04 -1.31e+04 -4.44e+03 
0.275 1.31 0.368 0.0861 190 75.7 22.3 -1.99e+03 -2.04e+03 -1.06e+03 -1.96e+04 -1.18e+04 -4.24e+03 
0.111 0.361 0.104 0.0253 60.4 23.1 6.59 -886 -1.06e+03 -634 -8.64e+03 -5.56e+03 -2.05e+03 
8.36 218 57.1 12.6 -4.24e+03 -3.42e+03 -1.41e+03 -2.42e+04 -1.95e+04 -8.65e+03 -2.68e+05 -1.42e+05 -4.78e+04 
5.38 74.5 19.5 4.32 -2.04e+03 -1.72e+03 -724 -1.31e+04 -1.18e+04 -5.57e+03 -1.42e+05 -8.14e+04 -2.87e+04 
2.49 19.7 5.18 1.15 -619 -536 -229 -4.45e+03 -4.24e+03 -2.06e+03 -4.78e+04 -2.86e+04 -1.06e+04 
0.275 1.31 0.368 0.0861 190 75.7 22.3 -1.99e+03 -2.04e+03 -1.06e+03 -1.96e+04 -1.18e+04 -4.24e+03 
0.111 0.361 0.104 0.0253 60.4 23.1 6.59 -886 -1.06e+03 -634 -8.64e+03 -5.56e+03 -2.05e+03 
8.36 218 57.1 12.6 -4.24e+03 -3.42e+03 -1.41e+03 -2.42e+04 -1.95e+04 -8.65e+03 -2.68e+05 -1.42e+05 -4.78e+04 
5.38 74.5 19.5 4.32 -2.04e+03 -1.72e+03 -724 -1.31e+04 -1.18e+04 -5.57e+03 -1.42e+05 -8.14e+04 -2.87e+04 
2.49 19.7 5.18 1.15 -619 -536 -229 -4.45e+03 -4.24e+03 -2.06e+03 -4.78e+04 -2.86e+04 -1.06e+04 
S matrix
1 0 0 0 0 0 0 0 0 0 0 0 0 
0 0.0371 0.0114 0.00268 -0.0616 -0.0269 -0.00822 -0.00366 -0.00142 -0.000395 -0.237 -0.081 -0.0214 
0 0.0114 0.00376 0.000914 -0.0159 -0.00695 -0.00212 -0.000985 -0.000401 -0.000114 -0.062 -0.0212 -0.00563 
0 0.00268 0.000914 0.000229 -0.00349 -0.00152 -0.000465 -0.000222 -9.37e-05 -2.77e-05 -0.0137 -0.00469 -0.00125 
0 -0.0616 -0.0159 -0.00349 4.36 2.72 1.03 -0.496 -0.208 -0.0659 4.62 2.23 0.676 
0 -0.0269 -0.00695 -0.00152 2.72 2.01 0.865 -0.215 -0.0826 -0.0253 3.74 1.88 0.586 
0 -0.00822 -0.00212 -0.000465 1.03 0.865 0.426 -0.0659 -0.0243 -0.00718 1.53 0.791 0.25 
0 -0.00366 -0.000985 -0.000222 -0.496 -0.215 -0.0659 2.67 2.17 0.969 26.5 14.3 4.86 
0 -0.00142 -0.000401 -9.37e-05 -0.208 -0.0826 -0.0243 2.17 2.23 1.16 21.4 13 4.65 
0 -0.000395 -0.000114 -2.77e-05 -0.0659 -0.0253 -0.00718 0.969 1.16 0.697 9.47 6.1 2.25 
0 -0.237 -0.062 -0.0137 4.62 3.74 1.53 26.5 21.4 9.47 293 156 52.3 
0 -0.081 -0.0212 -0.00469 2.23 1.88 0.791 14.3 13 6.1 156 89.2 31.4 
0 -0.0214 -0.00563 -0.00125 0.676 0.586 0.25 4.86 4.65 2.25 52.3 31.4 11.6 
H matrix
-919 -0.24 -0.0687 -0.0169 22.8 15.7 3.4 53.6 51 9.22 532 287 74.9 
0.0211 -34.1 -10.5 -2.46 56.5 24.7 7.54 3.36 1.3 0.361 218 74.3 19.6 
0.00812 -10.5 -3.45 -0.84 14.6 6.37 1.95 0.904 0.367 0.104 56.9 19.5 5.16 
0.00237 -2.46 -0.839 -0.21 3.2 1.4 0.426 0.204 0.0858 0.0253 12.6 4.3 1.14 
-1.52 56.7 14.6 3.21 -4e+03 -2.49e+03 -939 454 190 60.3 -4.23e+03 -2.04e+03 -619 
0.00237 -2.46 -0.839 -0.21 3.2 1.4 0.426 0.204 0.0858 0.0253 12.6 4.3 1.14 
-1.52 56.7 14.6 3.21 -4e+03 -2.49e+03 -939 454 190 60.3 -4.23e+03 -2.04e+03 -619 
-0.999 24.8 6.39 1.4 -2.5e+03 -1.84e+03 -791 197 75.7 23.1 -3.42e+03 -1.72e+03 -537 
-0.414 7.56 1.95 0.427 -940 -790 -389 60.5 22.2 6.57 -1.4e+03 -724 -229 
0.585 3.37 0.906 0.204 454 197 60.4 -2.44e+03 -1.98e+03 -885 -2.42e+04 -1.31e+04 -4.44e+03 
0.275 1.31 0.368 0.0861 190 75.7 22.3 -1.99e+03 -2.04e+03 -1.06e+03 -1.96e+04 -1.18e+04 -4.24e+03 
0.111 0.361 0.104 0.0253 60.4 23.1 6.59 -886 -1.06e+03 -634 -8.64e+03 -5.56e+03 -2.05e+03 
8.36 218 57.1 12.6 -4.24e+03 -3.42e+03 -1.41e+03 -2.42e+04 -1.95e+04 -8.65e+03 -2.68e+05 -1.42e+05 -4.78e+04 
5.38 74.5 19.5 4.32 -2.04e+03 -1.72e+03 -724 -1.31e+04 -1.18e+04 -5.57e+03 -1.42e+05 -8.14e+04 -2.87e+04 
2.49 19.7 5.18 1.15 -619 -536 -229 -4.45e+03 -4.24e+03 -2.06e+03 -4.78e+04 -2.86e+04 -1.06e+04 
0 -0.00822 -0.00212 -0.000465 1.03 0.865 0.426 -0.0659 -0.0243 -0.00718 1.53 0.791 0.25 
0 -0.00366 -0.000985 -0.000222 -0.496 -0.215 -0.0659 2.67 2.17 0.969 26.5 14.3 4.86 
0 -0.00142 -0.000401 -9.37e-05 -0.208 -0.0826 -0.0243 2.17 2.23 1.16 21.4 13 4.65 
0 -0.000395 -0.000114 -2.77e-05 -0.0659 -0.0253 -0.00718 0.969 1.16 0.697 9.47 6.1 2.25 
0 -0.237 -0.062 -0.0137 4.62 3.74 1.53 26.5 21.4 9.47 293 156 52.3 
0 -0.081 -0.0212 -0.00469 2.23 1.88 0.791 14.3 13 6.1 156 89.2 31.4 
0 -0.0214 -0.00563 -0.00125 0.676 0.586 0.25 4.86 4.65 2.25 52.3 31.4 11.6 
H matrix
-919 -0.24 -0.0687 -0.0169 22.8 15.7 3.4 53.6 51 9.22 532 287 74.9 
0.0211 -34.1 -10.5 -2.46 56.5 24.7 7.54 3.36 1.3 0.361 218 74.3 19.6 
0.00812 -10.5 -3.45 -0.84 14.6 6.37 1.95 0.904 0.367 0.104 56.9 19.5 5.16 
0.00237 -2.46 -0.839 -0.21 3.2 1.4 0.426 0.204 0.0858 0.0253 12.6 4.3 1.14 
-1.52 56.7 14.6 3.21 -4e+03 -2.49e+03 -939 454 190 60.3 -4.23e+03 -2.04e+03 -619 
-0.999 24.8 6.39 1.4 -2.5e+03 -1.84e+03 -791 197 75.7 23.1 -3.42e+03 -1.72e+03 -537 
-0.414 7.56 1.95 0.427 -940 -790 -389 60.5 22.2 6.57 -1.4e+03 -724 -229 
0.585 3.37 0.906 0.204 454 197 60.4 -2.44e+03 -1.98e+03 -885 -2.42e+04 -1.31e+04 -4.44e+03 
0.275 1.31 0.368 0.0861 190 75.7 22.3 -1.99e+03 -2.04e+03 -1.06e+03 -1.96e+04 -1.18e+04 -4.24e+03 
0.111 0.361 0.104 0.0253 60.4 23.1 6.59 -886 -1.06e+03 -634 -8.64e+03 -5.56e+03 -2.05e+03 
8.36 218 57.1 12.6 -4.24e+03 -3.42e+03 -1.41e+03 -2.42e+04 -1.95e+04 -8.65e+03 -2.68e+05 -1.42e+05 -4.78e+04 
0 -0.00822 -0.00212 -0.000465 1.03 0.865 0.426 -0.0659 -0.0243 -0.00718 1.53 0.791 0.25 
0 -0.00366 -0.000985 -0.000222 -0.496 -0.215 -0.0659 2.67 2.17 0.969 26.5 14.3 4.86 
0 -0.00142 -0.000401 -9.37e-05 -0.208 -0.0826 -0.0243 2.17 2.23 1.16 21.4 13 4.65 
0 -0.000395 -0.000114 -2.77e-05 -0.0659 -0.0253 -0.00718 0.969 1.16 0.697 9.47 6.1 2.25 
0 -0.237 -0.062 -0.0137 4.62 3.74 1.53 26.5 21.4 9.47 293 156 52.3 
0 -0.081 -0.0212 -0.00469 2.23 1.88 0.791 14.3 13 6.1 156 89.2 31.4 
0 -0.0214 -0.00563 -0.00125 0.676 0.586 0.25 4.86 4.65 2.25 52.3 31.4 11.6 
H matrix
-919 -0.24 -0.0687 -0.0169 22.8 15.7 3.4 53.6 51 9.22 532 287 74.9 
0.0211 -34.1 -10.5 -2.46 56.5 24.7 7.54 3.36 1.3 0.361 218 74.3 19.6 
0.00812 -10.5 -3.45 -0.84 14.6 6.37 1.95 0.904 0.367 0.104 56.9 19.5 5.16 
0.00237 -2.46 -0.839 -0.21 3.2 1.4 0.426 0.204 0.0858 0.0253 12.6 4.3 1.14 
-1.52 56.7 14.6 3.21 -4e+03 -2.49e+03 -939 454 190 60.3 -4.23e+03 -2.04e+03 -619 
-0.999 24.8 6.39 1.4 -2.5e+03 -1.84e+03 -791 197 75.7 23.1 -3.42e+03 -1.72e+03 -537 
-0.414 7.56 1.95 0.427 -940 -790 -389 60.5 22.2 6.57 -1.4e+03 -724 -229 
0.585 3.37 0.906 0.204 454 197 60.4 -2.44e+03 -1.98e+03 -885 -2.42e+04 -1.31e+04 -4.44e+03 
0.275 1.31 0.368 0.0861 190 75.7 22.3 -1.99e+03 -2.04e+03 -1.06e+03 -1.96e+04 -1.18e+04 -4.24e+03 
0.111 0.361 0.104 0.0253 60.4 23.1 6.59 -886 -1.06e+03 -634 -8.64e+03 -5.56e+03 -2.05e+03 
-0.999 24.8 6.39 1.4 -2.5e+03 -1.84e+03 -791 197 75.7 23.1 -3.42e+03 -1.72e+03 -537 
-0.414 7.56 1.95 0.427 -940 -790 -389 60.5 22.2 6.57 -1.4e+03 -724 -229 
0.585 3.37 0.906 0.204 454 197 60.4 -2.44e+03 -1.98e+03 -885 -2.42e+04 -1.31e+04 -4.44e+03 
0.275 1.31 0.368 0.0861 190 75.7 22.3 -1.99e+03 -2.04e+03 -1.06e+03 -1.96e+04 -1.18e+04 -4.24e+03 
5.38 74.5 19.5 4.32 -2.04e+03 -1.72e+03 -724 -1.31e+04 -1.18e+04 -5.57e+03 -1.42e+05 -8.14e+04 -2.87e+04 
2.49 19.7 5.18 1.15 -619 -536 -229 -4.45e+03 -4.24e+03 -2.06e+03 -4.78e+04 -2.86e+04 -1.06e+04 
8.36 218 57.1 12.6 -4.24e+03 -3.42e+03 -1.41e+03 -2.42e+04 -1.95e+04 -8.65e+03 -2.68e+05 -1.42e+05 -4.78e+04 
5.38 74.5 19.5 4.32 -2.04e+03 -1.72e+03 -724 -1.31e+04 -1.18e+04 -5.57e+03 -1.42e+05 -8.14e+04 -2.87e+04 
2.49 19.7 5.18 1.15 -619 -536 -229 -4.45e+03 -4.24e+03 -2.06e+03 -4.78e+04 -2.86e+04 -1.06e+04 
S matrix
1 0 0 0 0 0 0 0 0 0 0 0 0 
0 0.0371 0.0114 0.00268 -0.0616 -0.0269 -0.00822 -0.00366 -0.00142 -0.000395 -0.237 -0.081 -0.0214 
0 0.0114 0.00376 0.000914 -0.0159 -0.00695 -0.00212 -0.000985 -0.000401 -0.000114 -0.062 -0.0212 -0.00563 
0.111 0.361 0.104 0.0253 60.4 23.1 6.59 -886 -1.06e+03 -634 -8.64e+03 -5.56e+03 -2.05e+03 
8.36 218 57.1 12.6 -4.24e+03 -3.42e+03 -1.41e+03 -2.42e+04 -1.95e+04 -8.65e+03 -2.68e+05 -1.42e+05 -4.78e+04 
5.38 74.5 19.5 4.32 -2.04e+03 -1.72e+03 -724 -1.31e+04 -1.18e+04 -5.57e+03 -1.42e+05 -8.14e+04 -2.87e+04 
2.49 19.7 5.18 1.15 -619 -536 -229 -4.45e+03 -4.24e+03 -2.06e+03 -4.78e+04 -2.86e+04 -1.06e+04 
S matrix
1 0 0 0 0 0 0 0 0 0 0 0 0 
0 0.0371 0.0114 0.00268 -0.0616 -0.0269 -0.00822 -0.00366 -0.00142 -0.000395 -0.237 -0.081 -0.0214 
0 0.0114 0.00376 0.000914 -0.0159 -0.00695 -0.00212 -0.000985 -0.000401 -0.000114 -0.062 -0.0212 -0.00563 
0 0.00268 0.000914 0.000229 -0.00349 -0.00152 -0.000465 -0.000222 -9.37e-05 -2.77e-05 -0.0137 -0.00469 -0.00125 
0 -0.0616 -0.0159 -0.00349 4.36 2.72 1.03 -0.496 -0.208 -0.0659 4.62 2.23 0.676 
0 -0.0269 -0.00695 -0.00152 2.72 2.01 0.865 -0.215 -0.0826 -0.0253 3.74 1.88 0.586 
0 -0.00822 -0.00212 -0.000465 1.03 0.865 0.426 -0.0659 -0.0243 -0.00718 1.53 0.791 0.25 
0 -0.00366 -0.000985 -0.000222 -0.496 -0.215 -0.0659 2.67 2.17 0.969 26.5 14.3 4.86 
0 -0.00142 -0.000401 -9.37e-05 -0.208 -0.0826 -0.0243 2.17 2.23 1.16 21.4 13 4.65 
0 -0.000395 -0.000114 -2.77e-05 -0.0659 -0.0253 -0.00718 0.969 1.16 0.697 9.47 6.1 2.25 
0 -0.237 -0.062 -0.0137 4.62 3.74 1.53 26.5 21.4 9.47 293 156 52.3 
0 -0.081 -0.0212 -0.00469 2.23 1.88 0.791 14.3 13 6.1 156 89.2 31.4 
0 -0.0214 -0.00563 -0.00125 0.676 0.586 0.25 4.86 4.65 2.25 52.3 31.4 11.6 
H matrix
-919 -0.24 -0.0687 -0.0169 22.8 15.7 3.4 53.6 51 9.22 532 287 74.9 
0 0.00268 0.000914 0.000229 -0.00349 -0.00152 -0.000465 -0.000222 -9.37e-05 -2.77e-05 -0.0137 -0.00469 -0.00125 
0 -0.0616 -0.0159 -0.00349 4.36 2.72 1.03 -0.496 -0.208 -0.0659 4.62 2.23 0.676 
0 -0.0269 -0.00695 -0.00152 2.72 2.01 0.865 -0.215 -0.0826 -0.0253 3.74 1.88 0.586 
0 -0.00822 -0.00212 -0.000465 1.03 0.865 0.426 -0.0659 -0.0243 -0.00718 1.53 0.791 0.25 
0 -0.00366 -0.000985 -0.000222 -0.496 -0.215 -0.0659 2.67 2.17 0.969 26.5 14.3 4.86 
0 -0.00142 -0.000401 -9.37e-05 -0.208 -0.0826 -0.0243 2.17 2.23 1.16 21.4 13 4.65 
0.0211 -34.1 -10.5 -2.46 56.5 24.7 7.54 3.36 1.3 0.361 218 74.3 19.6 
0.00812 -10.5 -3.45 -0.84 14.6 6.37 1.95 0.904 0.367 0.104 56.9 19.5 5.16 
0.00237 -2.46 -0.839 -0.21 3.2 1.4 0.426 0.204 0.0858 0.0253 12.6 4.3 1.14 
0 -0.000395 -0.000114 -2.77e-05 -0.0659 -0.0253 -0.00718 0.969 1.16 0.697 9.47 6.1 2.25 
0 -0.237 -0.062 -0.0137 4.62 3.74 1.53 26.5 21.4 9.47 293 156 52.3 
0 -0.081 -0.0212 -0.00469 2.23 1.88 0.791 14.3 13 6.1 156 89.2 31.4 
0 -0.0214 -0.00563 -0.00125 0.676 0.586 0.25 4.86 4.65 2.25 52.3 31.4 11.6 
H matrix
-919 -0.24 -0.0687 -0.0169 22.8 15.7 3.4 53.6 51 9.22 532 287 74.9 
0.0211 -34.1 -10.5 -2.46 56.5 24.7 7.54 3.36 1.3 0.361 218 74.3 19.6 
0.00812 -10.5 -3.45 -0.84 14.6 6.37 1.95 0.904 0.367 0.104 56.9 19.5 5.16 
0.00237 -2.46 -0.839 -0.21 3.2 1.4 0.426 0.204 0.0858 0.0253 12.6 4.3 1.14 
-1.52 56.7 14.6 3.21 -4e+03 -2.49e+03 -939 454 190 60.3 -4.23e+03 -2.04e+03 -619 
-1.52 56.7 14.6 3.21 -4e+03 -2.49e+03 -939 454 190 60.3 -4.23e+03 -2.04e+03 -619 
-0.999 24.8 6.39 1.4 -2.5e+03 -1.84e+03 -791 197 75.7 23.1 -3.42e+03 -1.72e+03 -537 
-0.414 7.56 1.95 0.427 -940 -790 -389 60.5 22.2 6.57 -1.4e+03 -724 -229 
0.585 3.37 0.906 0.204 454 197 60.4 -2.44e+03 -1.98e+03 -885 -2.42e+04 -1.31e+04 -4.44e+03 
0.275 1.31 0.368 0.0861 190 75.7 22.3 -1.99e+03 -2.04e+03 -1.06e+03 -1.96e+04 -1.18e+04 -4.24e+03 
0.111 0.361 0.104 0.0253 60.4 23.1 6.59 -886 -1.06e+03 -634 -8.64e+03 -5.56e+03 -2.05e+03 
8.36 218 57.1 12.6 -4.24e+03 -3.42e+03 -1.41e+03 -2.42e+04 -1.95e+04 -8.65e+03 -2.68e+05 -1.42e+05 -4.78e+04 
-0.999 24.8 6.39 1.4 -2.5e+03 -1.84e+03 -791 197 75.7 23.1 -3.42e+03 -1.72e+03 -537 
-0.414 7.56 1.95 0.427 -940 -790 -389 60.5 22.2 6.57 -1.4e+03 -724 -229 
0.585 3.37 0.906 0.204 454 197 60.4 -2.44e+03 -1.98e+03 -885 -2.42e+04 -1.31e+04 -4.44e+03 
0.275 1.31 0.368 0.0861 190 75.7 22.3 -1.99e+03 -2.04e+03 -1.06e+03 -1.96e+04 -1.18e+04 -4.24e+03 
5.38 74.5 19.5 4.32 -2.04e+03 -1.72e+03 -724 -1.31e+04 -1.18e+04 -5.57e+03 -1.42e+05 -8.14e+04 -2.87e+04 
2.49 19.7 5.18 1.15 -619 -536 -229 -4.45e+03 -4.24e+03 -2.06e+03 -4.78e+04 -2.86e+04 -1.06e+04 
0.111 0.361 0.104 0.0253 60.4 23.1 6.59 -886 -1.06e+03 -634 -8.64e+03 -5.56e+03 -2.05e+03 
8.36 218 57.1 12.6 -4.24e+03 -3.42e+03 -1.41e+03 -2.42e+04 -1.95e+04 -8.65e+03 -2.68e+05 -1.42e+05 -4.78e+04 
5.38 74.5 19.5 4.32 -2.04e+03 -1.72e+03 -724 -1.31e+04 -1.18e+04 -5.57e+03 -1.42e+05 -8.14e+04 -2.87e+04 
2.49 19.7 5.18 1.15 -619 -536 -229 -4.45e+03 -4.24e+03 -2.06e+03 -4.78e+04 -2.86e+04 -1.06e+04 
S matrix
1 0 0 0 0 0 0 0 0 0 0 0 0 
0 0.0371 0.0114 0.00268 -0.0616 -0.0269 -0.00822 -0.00366 -0.00142 -0.000395 -0.237 -0.081 -0.0214 
0 0.0114 0.00376 0.000914 -0.0159 -0.00695 -0.00212 -0.000985 -0.000401 -0.000114 -0.062 -0.0212 -0.00563 
0 0.00268 0.000914 0.000229 -0.00349 -0.00152 -0.000465 -0.000222 -9.37e-05 -2.77e-05 -0.0137 -0.00469 -0.00125 
0 -0.0616 -0.0159 -0.00349 4.36 2.72 1.03 -0.496 -0.208 -0.0659 4.62 2.23 0.676 
0 -0.0269 -0.00695 -0.00152 2.72 2.01 0.865 -0.215 -0.0826 -0.0253 3.74 1.88 0.586 
0 -0.00822 -0.00212 -0.000465 1.03 0.865 0.426 -0.0659 -0.0243 -0.00718 1.53 0.791 0.25 
0 -0.00366 -0.000985 -0.000222 -0.496 -0.215 -0.0659 2.67 2.17 0.969 26.5 14.3 4.86 
0 -0.00142 -0.000401 -9.37e-05 -0.208 -0.0826 -0.0243 2.17 2.23 1.16 21.4 13 4.65 
0 -0.000395 -0.000114 -2.77e-05 -0.0659 -0.0253 -0.00718 0.969 1.16 0.697 9.47 6.1 2.25 
0 -0.237 -0.062 -0.0137 4.62 3.74 1.53 26.5 21.4 9.47 293 156 52.3 
0 -0.081 -0.0212 -0.00469 2.23 1.88 0.791 14.3 13 6.1 156 89.2 31.4 
0 -0.0214 -0.00563 -0.00125 0.676 0.586 0.25 4.86 4.65 2.25 52.3 31.4 11.6 
H matrix
-919 -0.24 -0.0687 -0.0169 22.8 15.7 3.4 53.6 51 9.22 532 287 74.9 
0.0211 -34.1 -10.5 -2.46 56.5 24.7 7.54 3.36 1.3 0.361 218 74.3 19.6 
0.00812 -10.5 -3.45 -0.84 14.6 6.37 1.95 0.904 0.367 0.104 56.9 19.5 5.16 
0.00237 -2.46 -0.839 -0.21 3.2 1.4 0.426 0.204 0.0858 0.0253 12.6 4.3 1.14 
-1.52 56.7 14.6 3.21 -4e+03 -2.49e+03 -939 454 190 60.3 -4.23e+03 -2.04e+03 -619 
-0.999 24.8 6.39 1.4 -2.5e+03 -1.84e+03 -791 197 75.7 23.1 -3.42e+03 -1.72e+03 -537 
-0.414 7.56 1.95 0.427 -940 -790 -389 60.5 22.2 6.57 -1.4e+03 -724 -229 
0.585 3.37 0.906 0.204 454 197 60.4 -2.44e+03 -1.98e+03 -885 -2.42e+04 -1.31e+04 -4.44e+03 
0.275 1.31 0.368 0.0861 190 75.7 22.3 -1.99e+03 -2.04e+03 -1.06e+03 -1.96e+04 -1.18e+04 -4.24e+03 
S matrix
1 0 0 0 0 0 0 0 0 0 0 0 0 
0 0.0371 0.0114 0.00268 -0.0616 -0.0269 -0.00822 -0.00366 -0.00142 -0.000395 -0.237 -0.081 -0.0214 
0 0.0114 0.00376 0.000914 -0.0159 -0.00695 -0.00212 -0.000985 -0.000401 -0.000114 -0.062 -0.0212 -0.00563 
0 0.00268 0.000914 0.000229 -0.00349 -0.00152 -0.000465 -0.000222 -9.37e-05 -2.77e-05 -0.0137 -0.00469 -0.00125 
0 -0.0616 -0.0159 -0.00349 4.36 2.72 1.03 -0.496 -0.208 -0.0659 4.62 2.23 0.676 
0.111 0.361 0.104 0.0253 60.4 23.1 6.59 -886 -1.06e+03 -634 -8.64e+03 -5.56e+03 -2.05e+03 
8.36 218 57.1 12.6 -4.24e+03 -3.42e+03 -1.41e+03 -2.42e+04 -1.95e+04 -8.65e+03 -2.68e+05 -1.42e+05 -4.78e+04 
5.38 74.5 19.5 4.32 -2.04e+03 -1.72e+03 -724 -1.31e+04 -1.18e+04 -5.57e+03 -1.42e+05 -8.14e+04 -2.87e+04 
2.49 19.7 5.18 1.15 -619 -536 -229 -4.45e+03 -4.24e+03 -2.06e+03 -4.78e+04 -2.86e+04 -1.06e+04 
S matrix
1 0 0 0 0 0 0 0 0 0 0 0 0 
0 0.0371 0.0114 0.00268 -0.0616 -0.0269 -0.00822 -0.00366 -0.00142 -0.000395 -0.237 -0.081 -0.0214 
0 0.0114 0.00376 0.000914 -0.0159 -0.00695 -0.00212 -0.000985 -0.000401 -0.000114 -0.062 -0.0212 -0.00563 
0 0.00268 0.000914 0.000229 -0.00349 -0.00152 -0.000465 -0.000222 -9.37e-05 -2.77e-05 -0.0137 -0.00469 -0.00125 
0 -0.0269 -0.00695 -0.00152 2.72 2.01 0.865 -0.215 -0.0826 -0.0253 3.74 1.88 0.586 
0 -0.00822 -0.00212 -0.000465 1.03 0.865 0.426 -0.0659 -0.0243 -0.00718 1.53 0.791 0.25 
0 -0.00366 -0.000985 -0.000222 -0.496 -0.215 -0.0659 2.67 2.17 0.969 26.5 14.3 4.86 
0 -0.00142 -0.000401 -9.37e-05 -0.208 -0.0826 -0.0243 2.17 2.23 1.16 21.4 13 4.65 
0 -0.000395 -0.000114 -2.77e-05 -0.0659 -0.0253 -0.00718 0.969 1.16 0.697 9.47 6.1 2.25 
0 -0.237 -0.062 -0.0137 4.62 3.74 1.53 26.5 21.4 9.47 293 156 52.3 
0 -0.081 -0.0212 -0.00469 2.23 1.88 0.791 14.3 13 6.1 156 89.2 31.4 
0 -0.0214 -0.00563 -0.00125 0.676 0.586 0.25 4.86 4.65 2.25 52.3 31.4 11.6 
H matrix
-919 -0.24 -0.0687 -0.0169 22.8 15.7 3.4 53.6 51 9.22 532 287 74.9 
0.0211 -34.1 -10.5 -2.46 56.5 24.7 7.54 3.36 1.3 0.361 218 74.3 19.6 
0.00812 -10.5 -3.45 -0.84 14.6 6.37 1.95 0.904 0.367 0.104 56.9 19.5 5.16 
0 -0.0616 -0.0159 -0.00349 4.36 2.72 1.03 -0.496 -0.208 -0.0659 4.62 2.23 0.676 
0 -0.0269 -0.00695 -0.00152 2.72 2.01 0.865 -0.215 -0.0826 -0.0253 3.74 1.88 0.586 
0 -0.00822 -0.00212 -0.000465 1.03 0.865 0.426 -0.0659 -0.0243 -0.00718 1.53 0.791 0.25 
0 -0.00366 -0.000985 -0.000222 -0.496 -0.215 -0.0659 2.67 2.17 0.969 26.5 14.3 4.86 
0 -0.00142 -0.000401 -9.37e-05 -0.208 -0.0826 -0.0243 2.17 2.23 1.16 21.4 13 4.65 
0 -0.000395 -0.000114 -2.77e-05 -0.0659 -0.0253 -0.00718 0.969 1.16 0.697 9.47 6.1 2.25 
0.00237 -2.46 -0.839 -0.21 3.2 1.4 0.426 0.204 0.0858 0.0253 12.6 4.3 1.14 
-1.52 56.7 14.6 3.21 -4e+03 -2.49e+03 -939 454 190 60.3 -4.23e+03 -2.04e+03 -619 
-0.999 24.8 6.39 1.4 -2.5e+03 -1.84e+03 -791 197 75.7 23.1 -3.42e+03 -1.72e+03 -537 
-0.414 7.56 1.95 0.427 -940 -790 -389 60.5 22.2 6.57 -1.4e+03 -724 -229 
0 -0.237 -0.062 -0.0137 4.62 3.74 1.53 26.5 21.4 9.47 293 156 52.3 
0 -0.081 -0.0212 -0.00469 2.23 1.88 0.791 14.3 13 6.1 156 89.2 31.4 
0 -0.0214 -0.00563 -0.00125 0.676 0.586 0.25 4.86 4.65 2.25 52.3 31.4 11.6 
H matrix
-919 -0.24 -0.0687 -0.0169 22.8 15.7 3.4 53.6 51 9.22 532 287 74.9 
0.0211 -34.1 -10.5 -2.46 56.5 24.7 7.54 3.36 1.3 0.361 218 74.3 19.6 
0.00812 -10.5 -3.45 -0.84 14.6 6.37 1.95 0.904 0.367 0.104 56.9 19.5 5.16 
0.00237 -2.46 -0.839 -0.21 3.2 1.4 0.426 0.204 0.0858 0.0253 12.6 4.3 1.14 
-1.52 56.7 14.6 3.21 -4e+03 -2.49e+03 -939 454 190 60.3 -4.23e+03 -2.04e+03 -619 
-0.999 24.8 6.39 1.4 -2.5e+03 -1.84e+03 -791 197 75.7 23.1 -3.42e+03 -1.72e+03 -537 
-0.414 7.56 1.95 0.427 -940 -790 -389 60.5 22.2 6.57 -1.4e+03 -724 -229 
0.585 3.37 0.906 0.204 454 197 60.4 -2.44e+03 -1.98e+03 -885 -2.42e+04 -1.31e+04 -4.44e+03 
0.275 1.31 0.368 0.0861 190 75.7 22.3 -1.99e+03 -2.04e+03 -1.06e+03 -1.96e+04 -1.18e+04 -4.24e+03 
0.111 0.361 0.104 0.0253 60.4 23.1 6.59 -886 -1.06e+03 -634 -8.64e+03 -5.56e+03 -2.05e+03 
8.36 218 57.1 12.6 -4.24e+03 -3.42e+03 -1.41e+03 -2.42e+04 -1.95e+04 -8.65e+03 -2.68e+05 -1.42e+05 -4.78e+04 
5.38 74.5 19.5 4.32 -2.04e+03 -1.72e+03 -724 -1.31e+04 -1.18e+04 -5.57e+03 -1.42e+05 -8.14e+04 -2.87e+04 
2.49 19.7 5.18 1.15 -619 -536 -229 -4.45e+03 -4.24e+03 -2.06e+03 -4.78e+04 -2.86e+04 -1.06e+04 
S matrix
1 0 0 0 0 0 0 0 0 0 0 0 0 
0 0.0371 0.0114 0.00268 -0.0616 -0.0269 -0.00822 -0.00366 -0.00142 -0.000395 -0.237 -0.081 -0.0214 
0 0.0114 0.00376 0.000914 -0.0159 -0.00695 -0.00212 -0.000985 -0.000401 -0.000114 -0.062 -0.0212 -0.00563 
0 0.00268 0.000914 0.000229 -0.00349 -0.00152 -0.000465 -0.000222 -9.37e-05 -2.77e-05 -0.0137 -0.00469 -0.00125 
0 -0.0616 -0.0159 -0.00349 4.36 2.72 1.03 -0.496 -0.208 -0.0659 4.62 2.23 0.676 
0 -0.0269 -0.00695 -0.00152 2.72 2.01 0.865 -0.215 -0.0826 -0.0253 3.74 1.88 0.586 
S matrix
1 0 0 0 0 0 0 0 0 0 0 0 0 
0 0.0371 0.0114 0.00268 -0.0616 -0.0269 -0.00822 -0.00366 -0.00142 -0.000395 -0.237 -0.081 -0.0214 
0 0.0114 0.00376 0.000914 -0.0159 -0.00695 -0.00212 -0.000985 -0.000401 -0.000114 -0.062 -0.0212 -0.00563 
0 0.00268 0.000914 0.000229 -0.00349 -0.00152 -0.000465 -0.000222 -9.37e-05 -2.77e-05 -0.0137 -0.00469 -0.00125 
0 -0.0616 -0.0159 -0.00349 4.36 2.72 1.03 -0.496 -0.208 -0.0659 4.62 2.23 0.676 
0 -0.0269 -0.00695 -0.00152 2.72 2.01 0.865 -0.215 -0.0826 -0.0253 3.74 1.88 0.586 
0 -0.00822 -0.00212 -0.000465 1.03 0.865 0.426 -0.0659 -0.0243 -0.00718 1.53 0.791 0.25 
0 -0.00366 -0.000985 -0.000222 -0.496 -0.215 -0.0659 2.67 2.17 0.969 26.5 14.3 4.86 
0 -0.00142 -0.000401 -9.37e-05 -0.208 -0.0826 -0.0243 2.17 2.23 1.16 21.4 13 4.65 
0 -0.000395 -0.000114 -2.77e-05 -0.0659 -0.0253 -0.00718 0.969 1.16 0.697 9.47 6.1 2.25 
S matrix
1 0 0 0 0 0 0 0 0 0 0 0 0 
0 0.0371 0.0114 0.00268 -0.0616 -0.0269 -0.00822 -0.00366 -0.00142 -0.000395 -0.237 -0.081 -0.0214 
0 0.0114 0.00376 0.000914 -0.0159 -0.00695 -0.00212 -0.000985 -0.000401 -0.000114 -0.062 -0.0212 -0.00563 
0 0.00268 0.000914 0.000229 -0.00349 -0.00152 -0.000465 -0.000222 -9.37e-05 -2.77e-05 -0.0137 -0.00469 -0.00125 
0 -0.0616 -0.0159 -0.00349 4.36 2.72 1.03 -0.496 -0.208 -0.0659 4.62 2.23 0.676 
0 -0.0269 -0.00695 -0.00152 2.72 2.01 0.865 -0.215 -0.0826 -0.0253 3.74 1.88 0.586 
0 -0.00822 -0.00212 -0.000465 1.03 0.865 0.426 -0.0659 -0.0243 -0.00718 1.53 0.791 0.25 
0 -0.00366 -0.000985 -0.000222 -0.496 -0.215 -0.0659 2.67 2.17 0.969 26.5 14.3 4.86 
0 -0.00142 -0.000401 -9.37e-05 -0.208 -0.0826 -0.0243 2.17 2.23 1.16 21.4 13 4.65 
0 -0.000395 -0.000114 -2.77e-05 -0.0659 -0.0253 -0.00718 0.969 1.16 0.697 9.47 6.1 2.25 
0 -0.237 -0.062 -0.0137 4.62 3.74 1.53 26.5 21.4 9.47 293 156 52.3 
0 -0.081 -0.0212 -0.00469 2.23 1.88 0.791 14.3 13 6.1 156 89.2 31.4 
0 -0.0214 -0.00563 -0.00125 0.676 0.586 0.25 4.86 4.65 2.25 52.3 31.4 11.6 
H matrix
-919 -0.24 -0.0687 -0.0169 22.8 15.7 3.4 53.6 51 9.22 532 287 74.9 
S matrix
1 0 0 0 0 0 0 0 0 0 0 0 0 
0 0.0371 0.0114 0.00268 -0.0616 -0.0269 -0.00822 -0.00366 -0.00142 -0.000395 -0.237 -0.081 -0.0214 
0 0.0114 0.00376 0.000914 -0.0159 -0.00695 -0.00212 -0.000985 -0.000401 -0.000114 -0.062 -0.0212 -0.00563 
0 0.00268 0.000914 0.000229 -0.00349 -0.00152 -0.000465 -0.000222 -9.37e-05 -2.77e-05 -0.0137 -0.00469 -0.00125 
0 -0.0616 -0.0159 -0.00349 4.36 2.72 1.03 -0.496 -0.208 -0.0659 4.62 2.23 0.676 
0 -0.0269 -0.00695 -0.00152 2.72 2.01 0.865 -0.215 -0.0826 -0.0253 3.74 1.88 0.586 
0 -0.00822 -0.00212 -0.000465 1.03 0.865 0.426 -0.0659 -0.0243 -0.00718 1.53 0.791 0.25 
0 -0.00366 -0.000985 -0.000222 -0.496 -0.215 -0.0659 2.67 2.17 0.969 26.5 14.3 4.86 
0 -0.00142 -0.000401 -9.37e-05 -0.208 -0.0826 -0.0243 2.17 2.23 1.16 21.4 13 4.65 
0 -0.000395 -0.000114 -2.77e-05 -0.0659 -0.0253 -0.00718 0.969 1.16 0.697 9.47 6.1 2.25 
0 -0.237 -0.062 -0.0137 4.62 3.74 1.53 26.5 21.4 9.47 293 156 52.3 
0 -0.081 -0.0212 -0.00469 2.23 1.88 0.791 14.3 13 6.1 156 89.2 31.4 
0 -0.0214 -0.00563 -0.00125 0.676 0.586 0.25 4.86 4.65 2.25 52.3 31.4 11.6 
H matrix
-919 -0.24 -0.0687 -0.0169 22.8 15.7 3.4 53.6 51 9.22 532 287 74.9 
0.0211 -34.1 -10.5 -2.46 56.5 24.7 7.54 3.36 1.3 0.361 218 74.3 19.6 
0.00812 -10.5 -3.45 -0.84 14.6 6.37 1.95 0.904 0.367 0.104 56.9 19.5 5.16 
0.00237 -2.46 -0.839 -0.21 3.2 1.4 0.426 0.204 0.0858 0.0253 12.6 4.3 1.14 
-1.52 56.7 14.6 3.21 -4e+03 -2.49e+03 -939 454 190 60.3 -4.23e+03 -2.04e+03 -619 
0.585 3.37 0.906 0.204 454 197 60.4 -2.44e+03 -1.98e+03 -885 -2.42e+04 -1.31e+04 -4.44e+03 
0.275 1.31 0.368 0.0861 190 75.7 22.3 -1.99e+03 -2.04e+03 -1.06e+03 -1.96e+04 -1.18e+04 -4.24e+03 
0.111 0.361 0.104 0.0253 60.4 23.1 6.59 -886 -1.06e+03 -634 -8.64e+03 -5.56e+03 -2.05e+03 
8.36 218 57.1 12.6 -4.24e+03 -3.42e+03 -1.41e+03 -2.42e+04 -1.95e+04 -8.65e+03 -2.68e+05 -1.42e+05 -4.78e+04 
5.38 74.5 19.5 4.32 -2.04e+03 -1.72e+03 -724 -1.31e+04 -1.18e+04 -5.57e+03 -1.42e+05 -8.14e+04 -2.87e+04 
2.49 19.7 5.18 1.15 -619 -536 -229 -4.45e+03 -4.24e+03 -2.06e+03 -4.78e+04 -2.86e+04 -1.06e+04 
S matrix
1 0 0 0 0 0 0 0 0 0 0 0 0 
0 0.0371 0.0114 0.00268 -0.0616 -0.0269 -0.00822 -0.00366 -0.00142 -0.000395 -0.237 -0.081 -0.0214 
0 0.0114 0.00376 0.000914 -0.0159 -0.00695 -0.00212 -0.000985 -0.000401 -0.000114 -0.062 -0.0212 -0.00563 
0 0.00268 0.000914 0.000229 -0.00349 -0.00152 -0.000465 -0.000222 -9.37e-05 -2.77e-05 -0.0137 -0.00469 -0.00125 
