--------------------------------------------------------------------------
[[60582,1],3]: A high-performance Open MPI point-to-point messaging module
was unable to find any relevant network interfaces:

Module: OpenFabrics (openib)
  Host: golub227

Another transport will be used instead, although this may result in
lower performance.
--------------------------------------------------------------------------
0: output to qwalk_000.linear.o
5: cell volume 1430.02
6: cell volume 1430.02
8: cell volume 1430.02
11: cell volume 1430.02
14: cell volume 1430.02
5: elsu 6.48894
5: alpha 0.770542
11: elsu 6.48894
11: alpha 0.770542
1: cell volume 1430.02
1: elsu 6.48894
1: alpha 0.770542
13: cell volume 1430.02
13: elsu 6.48894
13: alpha 0.770542
17: cell volume 1430.02
17: elsu 6.48894
17: alpha 0.770542
3: cell volume 1430.02
3: elsu 6.48894
3: alpha 0.770542
7: cell volume 1430.02
7: elsu 6.48894
7: alpha 0.770542
19: cell volume 1430.02
19: elsu 6.48894
19: alpha 0.770542
23: cell volume 1430.02
23: elsu 6.48894
23: alpha 0.770542
cutoff 9.59706
 total centers 271
0: cell volume 1430.02
**Warning** atom 4 is out of the simulation cell.  Putting it inside.
**Warning** atom 5 is out of the simulation cell.  Putting it inside.
**Warning** atom 6 is out of the simulation cell.  Putting it inside.
**Warning** atom 8 is out of the simulation cell.  Putting it inside.
**Warning** atom 10 is out of the simulation cell.  Putting it inside.
**Warning** atom 12 is out of the simulation cell.  Putting it inside.
**Warning** atom 13 is out of the simulation cell.  Putting it inside.
0: elsu 6.48894
0: alpha 0.770542
4: cell volume 1430.02
4: elsu 6.48894
4: alpha 0.770542
14: elsu 6.48894
14: alpha 0.770542
8: elsu 6.48894
8: alpha 0.770542
20: cell volume 1430.02
20: elsu 6.48894
20: alpha 0.770542
22: cell volume 1430.02
22: elsu 6.48894
22: alpha 0.770542
12: cell volume 1430.02
12: elsu 6.48894
12: alpha 0.770542
18: cell volume 1430.02
18: elsu 6.48894
18: alpha 0.770542
15: cell volume 1430.02
15: elsu 6.48894
15: alpha 0.770542
10: cell volume 1430.02
10: elsu 6.48894
10: alpha 0.770542
9: cell volume 1430.02
9: elsu 6.48894
9: alpha 0.770542
2: cell volume 1430.02
2: elsu 6.48894
2: alpha 0.770542
21: cell volume 1430.02
21: elsu 6.48894
21: alpha 0.770542
16: cell volume 1430.02
16: elsu 6.48894
16: alpha 0.770542
6: elsu 6.48894
6: alpha 0.770542
15: real space ion-ion 0.0258213
15: reciprocal space ion 377.807
3: real space ion-ion 0.0258213
10: real space ion-ion 0.0258213
22: real space ion-ion 0.0258213
5: real space ion-ion 0.0258213
18: real space ion-ion 0.0258213
9: real space ion-ion 0.0258213
18: reciprocal space ion 377.807
3: reciprocal space ion 377.807
14: real space ion-ion 0.0258213
10: reciprocal space ion 377.807
22: reciprocal space ion 377.807
5: reciprocal space ion 377.807
21: real space ion-ion 0.0258213
9: reciprocal space ion 377.807
19: real space ion-ion 0.0258213
21: reciprocal space ion 377.807
14: reciprocal space ion 377.807
12: real space ion-ion 0.0258213
19: reciprocal space ion 377.807
2: real space ion-ion 0.0258213
12: reciprocal space ion 377.807
2: reciprocal space ion 377.807
16: real space ion-ion 0.0258213
16: reciprocal space ion 377.807
1: real space ion-ion 0.0258213
1: reciprocal space ion 377.807
13: real space ion-ion 0.0258213
13: reciprocal space ion 377.807
4: real space ion-ion 0.0258213
4: reciprocal space ion 377.807
20: real space ion-ion 0.0258213
20: reciprocal space ion 377.807
7: real space ion-ion 0.0258213
7: reciprocal space ion 377.807
23: real space ion-ion 0.0258213
23: reciprocal space ion 377.807
8: real space ion-ion 0.0258213
8: reciprocal space ion 377.807
Ewald sum using 2491 reciprocal points
0: real space ion-ion 0.0258213
6: real space ion-ion 0.0258213
0: reciprocal space ion 377.807
6: reciprocal space ion 377.807
11: real space ion-ion 0.0258213
11: reciprocal space ion 377.807
17: real space ion-ion 0.0258213
17: reciprocal space ion 377.807
[golub227:21413] 23 more processes have sent help message help-mpi-btl-base.txt / btl:no-nics
[golub227:21413] Set MCA parameter "orte_base_help_aggregate" to 0 to see all help / error messages
Could not open qwalk_000.linear.config. Generating configurations from scratch
0: Timestep is 0.443333
6: Timestep is 0.443333
11: Timestep is 0.443333
8: Timestep is 0.443333
7: Timestep is 0.443333
15: Timestep is 0.443333
2: Timestep is 0.443333
17: Timestep is 0.443333
3: Timestep is 0.443333
21: Timestep is 0.443333
16: Timestep is 0.443333
10: Timestep is 0.443333
22: Timestep is 0.443333
5: Timestep is 0.443333
1: Timestep is 0.443333
14: Timestep is 0.443333
20: Timestep is 0.443333
23: Timestep is 0.443333
19: Timestep is 0.443333
4: Timestep is 0.443333
9: Timestep is 0.443333
12: Timestep is 0.443333
13: Timestep is 0.443333
18: Timestep is 0.443333
1: Write took 0 seconds
1: Write took 0 seconds
1: Write took 0 seconds
1: Write took 0 seconds
1: Write took 0 seconds
1: Write took 0 seconds
1: Write took 0 seconds
1: Write took 0 seconds
1: Write took 0 seconds
1: Write took 0 seconds
1: Write took 0 seconds
1: Write took 0 seconds
1: Write took 0 seconds
1: Write took 0 seconds
1: Write took 0 seconds
1: Write took 0 seconds
1: Write took 0 seconds
1: Write took 0 seconds
1: Write took 0 seconds
S matrix
1 0 0 0 0 0 0 0 0 0 0 0 0 
0 0.0333 0.0102 0.0024 -0.0621 -0.0285 -0.00916 -0.00302 -0.000949 -0.000204 -0.236 -0.0819 -0.0218 
0 0.0102 0.00336 0.000817 -0.0159 -0.00731 -0.00234 -0.000776 -0.000247 -5.69e-05 -0.061 -0.0212 -0.00563 
0 0.0024 0.000817 0.000204 -0.00348 -0.0016 -0.000512 -0.000173 -5.84e-05 -1.52e-05 -0.0134 -0.00467 -0.00124 
0 -0.0621 -0.0159 -0.00348 4.95 3.16 1.21 -0.607 -0.284 -0.0976 5.59 2.71 0.827 
0 -0.0285 -0.00731 -0.0016 3.16 2.36 1.02 -0.271 -0.117 -0.0388 4.64 2.36 0.746 
0 -0.00916 -0.00234 -0.000512 1.21 1.02 0.501 -0.0856 -0.0357 -0.0115 1.94 1.01 0.326 
0 -0.00302 -0.000776 -0.000173 -0.607 -0.271 -0.0856 3.48 2.86 1.28 33.3 18.2 6.19 
0 -0.000949 -0.000247 -5.84e-05 -0.284 -0.117 -0.0357 2.86 2.84 1.44 27.3 16.3 5.8 
0 -0.000204 -5.69e-05 -1.52e-05 -0.0976 -0.0388 -0.0115 1.28 1.44 0.826 12.1 7.62 2.78 
0 -0.236 -0.061 -0.0134 5.59 4.64 1.94 33.3 27.3 12.1 357 191 64.7 
0 -0.0819 -0.0212 -0.00467 2.71 2.36 1.01 18.2 16.3 7.62 191 109 38.5 
0 -0.0218 -0.00563 -0.00124 0.827 0.746 0.326 6.19 5.8 2.78 64.7 38.5 14.1 
H matrix
-915 -0.226 -0.0642 -0.0158 25 17.6 4.02 50.7 47.7 8.25 500 269 71.8 
0.0086 -30.5 -9.35 -2.19 56.7 26 8.36 2.77 0.869 0.188 215 74.8 19.9 
0.00465 -9.35 -3.07 -0.748 14.5 6.67 2.14 0.71 0.226 0.0521 55.7 19.3 5.14 
0.00152 -2.19 -0.747 -0.187 3.18 1.46 0.468 0.159 0.0532 0.0139 12.3 4.26 1.14 
0.384 56.9 14.6 3.19 -4.51e+03 -2.88e+03 -1.11e+03 554 259 88.9 -5.09e+03 -2.47e+03 -754 
0.356 26.1 6.69 1.46 -2.89e+03 -2.15e+03 -929 248 107 35.4 -4.22e+03 -2.15e+03 -680 
0.171 8.38 2.15 0.469 -1.11e+03 -928 -455 78.2 32.6 10.5 -1.76e+03 -923 -297 
-2.52 2.77 0.711 0.159 554 247 78.1 -3.17e+03 -2.6e+03 -1.17e+03 -3.03e+04 -1.65e+04 -5.62e+03 
-2.55 0.871 0.226 0.0533 260 107 32.6 -2.61e+03 -2.58e+03 -1.31e+03 -2.48e+04 -1.48e+04 -5.27e+03 
-1.3 0.188 0.0521 0.0139 89.1 35.4 10.5 -1.17e+03 -1.31e+03 -749 -1.1e+04 -6.91e+03 -2.52e+03 
-6.27 216 55.9 12.3 -5.1e+03 -4.22e+03 -1.77e+03 -3.04e+04 -2.48e+04 -1.11e+04 -3.25e+05 -1.74e+05 -5.88e+04 
3.73 75 19.4 4.28 -2.47e+03 -2.15e+03 -924 -1.65e+04 -1.48e+04 -6.93e+03 -1.74e+05 -9.93e+04 -3.49e+04 
6.14 20 5.15 1.14 -754 -679 -296 -5.63e+03 -5.27e+03 -2.53e+03 -5.89e+04 -3.49e+04 -1.28e+04 
1: Write took 0 seconds
S matrix
1 0 0 0 0 0 0 0 0 0 0 0 0 
0 0.0333 0.0102 0.0024 -0.0621 -0.0285 -0.00916 -0.00302 -0.000949 -0.000204 -0.236 -0.0819 -0.0218 
0 0.0102 0.00336 0.000817 -0.0159 -0.00731 -0.00234 -0.000776 -0.000247 -5.69e-05 -0.061 -0.0212 -0.00563 
0 0.0024 0.000817 0.000204 -0.00348 -0.0016 -0.000512 -0.000173 -5.84e-05 -1.52e-05 -0.0134 -0.00467 -0.00124 
0 -0.0621 -0.0159 -0.00348 4.95 3.16 1.21 -0.607 -0.284 -0.0976 5.59 2.71 0.827 
S matrix
1 0 0 0 0 0 0 0 0 0 0 0 0 
0 0.0333 0.0102 0.0024 -0.0621 -0.0285 -0.00916 -0.00302 -0.000949 -0.000204 -0.236 -0.0819 -0.0218 
0 0.0102 0.00336 0.000817 -0.0159 -0.00731 -0.00234 -0.000776 -0.000247 -5.69e-05 -0.061 -0.0212 -0.00563 
0 0.0024 0.000817 0.000204 -0.00348 -0.0016 -0.000512 -0.000173 -5.84e-05 -1.52e-05 -0.0134 -0.00467 -0.00124 
0 -0.0621 -0.0159 -0.00348 4.95 3.16 1.21 -0.607 -0.284 -0.0976 5.59 2.71 0.827 
0 -0.0285 -0.00731 -0.0016 3.16 2.36 1.02 -0.271 -0.117 -0.0388 4.64 2.36 0.746 
0 -0.00916 -0.00234 -0.000512 1.21 1.02 0.501 -0.0856 -0.0357 -0.0115 1.94 1.01 0.326 
0 -0.00302 -0.000776 -0.000173 -0.607 -0.271 -0.0856 3.48 2.86 1.28 33.3 18.2 6.19 
0 -0.000949 -0.000247 -5.84e-05 -0.284 -0.117 -0.0357 2.86 2.84 1.44 27.3 16.3 5.8 
S matrix
1 0 0 0 0 0 0 0 0 0 0 0 0 
0 0.0333 0.0102 0.0024 -0.0621 -0.0285 -0.00916 -0.00302 -0.000949 -0.000204 -0.236 -0.0819 -0.0218 
0 0.0102 0.00336 0.000817 -0.0159 -0.00731 -0.00234 -0.000776 -0.000247 -5.69e-05 -0.061 -0.0212 -0.00563 
0 0.0024 0.000817 0.000204 -0.00348 -0.0016 -0.000512 -0.000173 -5.84e-05 -1.52e-05 -0.0134 -0.00467 -0.00124 
0 -0.0621 -0.0159 -0.00348 4.95 3.16 1.21 -0.607 -0.284 -0.0976 5.59 2.71 0.827 
0 -0.0285 -0.00731 -0.0016 3.16 2.36 1.02 -0.271 -0.117 -0.0388 4.64 2.36 0.746 
0 -0.0285 -0.00731 -0.0016 3.16 2.36 1.02 -0.271 -0.117 -0.0388 4.64 2.36 0.746 
0 -0.00916 -0.00234 -0.000512 1.21 1.02 0.501 -0.0856 -0.0357 -0.0115 1.94 1.01 0.326 
0 -0.00302 -0.000776 -0.000173 -0.607 -0.271 -0.0856 3.48 2.86 1.28 33.3 18.2 6.19 
0 -0.000949 -0.000247 -5.84e-05 -0.284 -0.117 -0.0357 2.86 2.84 1.44 27.3 16.3 5.8 
0 -0.000204 -5.69e-05 -1.52e-05 -0.0976 -0.0388 -0.0115 1.28 1.44 0.826 12.1 7.62 2.78 
0 -0.236 -0.061 -0.0134 5.59 4.64 1.94 33.3 27.3 12.1 357 191 64.7 
0 -0.0819 -0.0212 -0.00467 2.71 2.36 1.01 18.2 16.3 7.62 191 109 38.5 
0 -0.0218 -0.00563 -0.00124 0.827 0.746 0.326 6.19 5.8 2.78 64.7 38.5 14.1 
H matrix
0 -0.00916 -0.00234 -0.000512 1.21 1.02 0.501 -0.0856 -0.0357 -0.0115 1.94 1.01 0.326 
0 -0.00302 -0.000776 -0.000173 -0.607 -0.271 -0.0856 3.48 2.86 1.28 33.3 18.2 6.19 
0 -0.000949 -0.000247 -5.84e-05 -0.284 -0.117 -0.0357 2.86 2.84 1.44 27.3 16.3 5.8 
0 -0.000204 -5.69e-05 -1.52e-05 -0.0976 -0.0388 -0.0115 1.28 1.44 0.826 12.1 7.62 2.78 
0 -0.236 -0.061 -0.0134 5.59 4.64 1.94 33.3 27.3 12.1 357 191 64.7 
0 -0.0819 -0.0212 -0.00467 2.71 2.36 1.01 18.2 16.3 7.62 191 109 38.5 
0 -0.0218 -0.00563 -0.00124 0.827 0.746 0.326 6.19 5.8 2.78 64.7 38.5 14.1 
H matrix
0 -0.000204 -5.69e-05 -1.52e-05 -0.0976 -0.0388 -0.0115 1.28 1.44 0.826 12.1 7.62 2.78 
0 -0.236 -0.061 -0.0134 5.59 4.64 1.94 33.3 27.3 12.1 357 191 64.7 
0 -0.0819 -0.0212 -0.00467 2.71 2.36 1.01 18.2 16.3 7.62 191 109 38.5 
0 -0.0218 -0.00563 -0.00124 0.827 0.746 0.326 6.19 5.8 2.78 64.7 38.5 14.1 
H matrix
-915 -0.226 -0.0642 -0.0158 25 17.6 4.02 50.7 47.7 8.25 500 269 71.8 
0.0086 -30.5 -9.35 -2.19 56.7 26 8.36 2.77 0.869 0.188 215 74.8 19.9 
0.00465 -9.35 -3.07 -0.748 14.5 6.67 2.14 0.71 0.226 0.0521 55.7 19.3 5.14 
0.00152 -2.19 -0.747 -0.187 3.18 1.46 0.468 0.159 0.0532 0.0139 12.3 4.26 1.14 
-915 -0.226 -0.0642 -0.0158 25 17.6 4.02 50.7 47.7 8.25 500 269 71.8 
0.0086 -30.5 -9.35 -2.19 56.7 26 8.36 2.77 0.869 0.188 215 74.8 19.9 
0.00465 -9.35 -3.07 -0.748 14.5 6.67 2.14 0.71 0.226 0.0521 55.7 19.3 5.14 
0.00152 -2.19 -0.747 -0.187 3.18 1.46 0.468 0.159 0.0532 0.0139 12.3 4.26 1.14 
0.384 56.9 14.6 3.19 -4.51e+03 -2.88e+03 -1.11e+03 554 259 88.9 -5.09e+03 -2.47e+03 -754 
0.356 26.1 6.69 1.46 -2.89e+03 -2.15e+03 -929 248 107 35.4 -4.22e+03 -2.15e+03 -680 
0.171 8.38 2.15 0.469 -1.11e+03 -928 -455 78.2 32.6 10.5 -1.76e+03 -923 -297 
-2.52 2.77 0.711 0.159 554 247 78.1 -3.17e+03 -2.6e+03 -1.17e+03 -3.03e+04 -1.65e+04 -5.62e+03 
-2.55 0.871 0.226 0.0533 260 107 32.6 -2.61e+03 -2.58e+03 -1.31e+03 -2.48e+04 -1.48e+04 -5.27e+03 
-1.3 0.188 0.0521 0.0139 89.1 35.4 10.5 -1.17e+03 -1.31e+03 -749 -1.1e+04 -6.91e+03 -2.52e+03 
-6.27 216 55.9 12.3 -5.1e+03 -4.22e+03 -1.77e+03 -3.04e+04 -2.48e+04 -1.11e+04 -3.25e+05 -1.74e+05 -5.88e+04 
0.384 56.9 14.6 3.19 -4.51e+03 -2.88e+03 -1.11e+03 554 259 88.9 -5.09e+03 -2.47e+03 -754 
0.356 26.1 6.69 1.46 -2.89e+03 -2.15e+03 -929 248 107 35.4 -4.22e+03 -2.15e+03 -680 
0.171 8.38 2.15 0.469 -1.11e+03 -928 -455 78.2 32.6 10.5 -1.76e+03 -923 -297 
-2.52 2.77 0.711 0.159 554 247 78.1 -3.17e+03 -2.6e+03 -1.17e+03 -3.03e+04 -1.65e+04 -5.62e+03 
-2.55 0.871 0.226 0.0533 260 107 32.6 -2.61e+03 -2.58e+03 -1.31e+03 -2.48e+04 -1.48e+04 -5.27e+03 
-1.3 0.188 0.0521 0.0139 89.1 35.4 10.5 -1.17e+03 -1.31e+03 -749 -1.1e+04 -6.91e+03 -2.52e+03 
-6.27 216 55.9 12.3 -5.1e+03 -4.22e+03 -1.77e+03 -3.04e+04 -2.48e+04 -1.11e+04 -3.25e+05 -1.74e+05 -5.88e+04 
-915 -0.226 -0.0642 -0.0158 25 17.6 4.02 50.7 47.7 8.25 500 269 71.8 
0.0086 -30.5 -9.35 -2.19 56.7 26 8.36 2.77 0.869 0.188 215 74.8 19.9 
0.00465 -9.35 -3.07 -0.748 14.5 6.67 2.14 0.71 0.226 0.0521 55.7 19.3 5.14 
0.00152 -2.19 -0.747 -0.187 3.18 1.46 0.468 0.159 0.0532 0.0139 12.3 4.26 1.14 
0.384 56.9 14.6 3.19 -4.51e+03 -2.88e+03 -1.11e+03 554 259 88.9 -5.09e+03 -2.47e+03 -754 
0.356 26.1 6.69 1.46 -2.89e+03 -2.15e+03 -929 248 107 35.4 -4.22e+03 -2.15e+03 -680 
0.171 8.38 2.15 0.469 -1.11e+03 -928 -455 78.2 32.6 10.5 -1.76e+03 -923 -297 
-2.52 2.77 0.711 0.159 554 247 78.1 -3.17e+03 -2.6e+03 -1.17e+03 -3.03e+04 -1.65e+04 -5.62e+03 
-2.55 0.871 0.226 0.0533 260 107 32.6 -2.61e+03 -2.58e+03 -1.31e+03 -2.48e+04 -1.48e+04 -5.27e+03 
-1.3 0.188 0.0521 0.0139 89.1 35.4 10.5 -1.17e+03 -1.31e+03 -749 -1.1e+04 -6.91e+03 -2.52e+03 
-6.27 216 55.9 12.3 -5.1e+03 -4.22e+03 -1.77e+03 -3.04e+04 -2.48e+04 -1.11e+04 -3.25e+05 -1.74e+05 -5.88e+04 
3.73 75 19.4 4.28 -2.47e+03 -2.15e+03 -924 -1.65e+04 -1.48e+04 -6.93e+03 -1.74e+05 -9.93e+04 -3.49e+04 
6.14 20 5.15 1.14 -754 -679 -296 -5.63e+03 -5.27e+03 -2.53e+03 -5.89e+04 -3.49e+04 -1.28e+04 
3.73 75 19.4 4.28 -2.47e+03 -2.15e+03 -924 -1.65e+04 -1.48e+04 -6.93e+03 -1.74e+05 -9.93e+04 -3.49e+04 
6.14 20 5.15 1.14 -754 -679 -296 -5.63e+03 -5.27e+03 -2.53e+03 -5.89e+04 -3.49e+04 -1.28e+04 
3.73 75 19.4 4.28 -2.47e+03 -2.15e+03 -924 -1.65e+04 -1.48e+04 -6.93e+03 -1.74e+05 -9.93e+04 -3.49e+04 
6.14 20 5.15 1.14 -754 -679 -296 -5.63e+03 -5.27e+03 -2.53e+03 -5.89e+04 -3.49e+04 -1.28e+04 
S matrix
1 0 0 0 0 0 0 0 0 0 0 0 0 
0 0.0333 0.0102 0.0024 -0.0621 -0.0285 -0.00916 -0.00302 -0.000949 -0.000204 -0.236 -0.0819 -0.0218 
0 0.0102 0.00336 0.000817 -0.0159 -0.00731 -0.00234 -0.000776 -0.000247 -5.69e-05 -0.061 -0.0212 -0.00563 
0 0.0024 0.000817 0.000204 -0.00348 -0.0016 -0.000512 -0.000173 -5.84e-05 -1.52e-05 -0.0134 -0.00467 -0.00124 
0 -0.0621 -0.0159 -0.00348 4.95 3.16 1.21 -0.607 -0.284 -0.0976 5.59 2.71 0.827 
0 -0.0285 -0.00731 -0.0016 3.16 2.36 1.02 -0.271 -0.117 -0.0388 4.64 2.36 0.746 
0 -0.00916 -0.00234 -0.000512 1.21 1.02 0.501 -0.0856 -0.0357 -0.0115 1.94 1.01 0.326 
0 -0.00302 -0.000776 -0.000173 -0.607 -0.271 -0.0856 3.48 2.86 1.28 33.3 18.2 6.19 
0 -0.000949 -0.000247 -5.84e-05 -0.284 -0.117 -0.0357 2.86 2.84 1.44 27.3 16.3 5.8 
0 -0.000204 -5.69e-05 -1.52e-05 -0.0976 -0.0388 -0.0115 1.28 1.44 0.826 12.1 7.62 2.78 
0 -0.236 -0.061 -0.0134 5.59 4.64 1.94 33.3 27.3 12.1 357 191 64.7 
0 -0.0819 -0.0212 -0.00467 2.71 2.36 1.01 18.2 16.3 7.62 191 109 38.5 
0 -0.0218 -0.00563 -0.00124 0.827 0.746 0.326 6.19 5.8 2.78 64.7 38.5 14.1 
H matrix
-915 -0.226 -0.0642 -0.0158 25 17.6 4.02 50.7 47.7 8.25 500 269 71.8 
0.0086 -30.5 -9.35 -2.19 56.7 26 8.36 2.77 0.869 0.188 215 74.8 19.9 
0.00465 -9.35 -3.07 -0.748 14.5 6.67 2.14 0.71 0.226 0.0521 55.7 19.3 5.14 
0.00152 -2.19 -0.747 -0.187 3.18 1.46 0.468 0.159 0.0532 0.0139 12.3 4.26 1.14 
0.384 56.9 14.6 3.19 -4.51e+03 -2.88e+03 -1.11e+03 554 259 88.9 -5.09e+03 -2.47e+03 -754 
0.356 26.1 6.69 1.46 -2.89e+03 -2.15e+03 -929 248 107 35.4 -4.22e+03 -2.15e+03 -680 
0.171 8.38 2.15 0.469 -1.11e+03 -928 -455 78.2 32.6 10.5 -1.76e+03 -923 -297 
-2.52 2.77 0.711 0.159 554 247 78.1 -3.17e+03 -2.6e+03 -1.17e+03 -3.03e+04 -1.65e+04 -5.62e+03 
-2.55 0.871 0.226 0.0533 260 107 32.6 -2.61e+03 -2.58e+03 -1.31e+03 -2.48e+04 -1.48e+04 -5.27e+03 
-1.3 0.188 0.0521 0.0139 89.1 35.4 10.5 -1.17e+03 -1.31e+03 -749 -1.1e+04 -6.91e+03 -2.52e+03 
-6.27 216 55.9 12.3 -5.1e+03 -4.22e+03 -1.77e+03 -3.04e+04 -2.48e+04 -1.11e+04 -3.25e+05 -1.74e+05 -5.88e+04 
3.73 75 19.4 4.28 -2.47e+03 -2.15e+03 -924 -1.65e+04 -1.48e+04 -6.93e+03 -1.74e+05 -9.93e+04 -3.49e+04 
6.14 20 5.15 1.14 -754 -679 -296 -5.63e+03 -5.27e+03 -2.53e+03 -5.89e+04 -3.49e+04 -1.28e+04 
S matrix
1 0 0 0 0 0 0 0 0 0 0 0 0 
0 0.0333 0.0102 0.0024 -0.0621 -0.0285 -0.00916 -0.00302 -0.000949 -0.000204 -0.236 -0.0819 -0.0218 
0 0.0102 0.00336 0.000817 -0.0159 -0.00731 -0.00234 -0.000776 -0.000247 -5.69e-05 -0.061 -0.0212 -0.00563 
0 0.0024 0.000817 0.000204 -0.00348 -0.0016 -0.000512 -0.000173 -5.84e-05 -1.52e-05 -0.0134 -0.00467 -0.00124 
0 -0.0621 -0.0159 -0.00348 4.95 3.16 1.21 -0.607 -0.284 -0.0976 5.59 2.71 0.827 
0 -0.0285 -0.00731 -0.0016 3.16 2.36 1.02 -0.271 -0.117 -0.0388 4.64 2.36 0.746 
0 -0.00916 -0.00234 -0.000512 1.21 1.02 0.501 -0.0856 -0.0357 -0.0115 1.94 1.01 0.326 
0 -0.00302 -0.000776 -0.000173 -0.607 -0.271 -0.0856 3.48 2.86 1.28 33.3 18.2 6.19 
0 -0.000949 -0.000247 -5.84e-05 -0.284 -0.117 -0.0357 2.86 2.84 1.44 27.3 16.3 5.8 
0 -0.000204 -5.69e-05 -1.52e-05 -0.0976 -0.0388 -0.0115 1.28 1.44 0.826 12.1 7.62 2.78 
0 -0.236 -0.061 -0.0134 5.59 4.64 1.94 33.3 27.3 12.1 357 191 64.7 
0 -0.0819 -0.0212 -0.00467 2.71 2.36 1.01 18.2 16.3 7.62 191 109 38.5 
0 -0.0218 -0.00563 -0.00124 0.827 0.746 0.326 6.19 5.8 2.78 64.7 38.5 14.1 
H matrix
-915 -0.226 -0.0642 -0.0158 25 17.6 4.02 50.7 47.7 8.25 500 269 71.8 
0.0086 -30.5 -9.35 -2.19 56.7 26 8.36 2.77 0.869 0.188 215 74.8 19.9 
0.00465 -9.35 -3.07 -0.748 14.5 6.67 2.14 0.71 0.226 0.0521 55.7 19.3 5.14 
0.00152 -2.19 -0.747 -0.187 3.18 1.46 0.468 0.159 0.0532 0.0139 12.3 4.26 1.14 
0.384 56.9 14.6 3.19 -4.51e+03 -2.88e+03 -1.11e+03 554 259 88.9 -5.09e+03 -2.47e+03 -754 
0.356 26.1 6.69 1.46 -2.89e+03 -2.15e+03 -929 248 107 35.4 -4.22e+03 -2.15e+03 -680 
0.171 8.38 2.15 0.469 -1.11e+03 -928 -455 78.2 32.6 10.5 -1.76e+03 -923 -297 
-2.52 2.77 0.711 0.159 554 247 78.1 -3.17e+03 -2.6e+03 -1.17e+03 -3.03e+04 -1.65e+04 -5.62e+03 
-2.55 0.871 0.226 0.0533 260 107 32.6 -2.61e+03 -2.58e+03 -1.31e+03 -2.48e+04 -1.48e+04 -5.27e+03 
-1.3 0.188 0.0521 0.0139 89.1 35.4 10.5 -1.17e+03 -1.31e+03 -749 -1.1e+04 -6.91e+03 -2.52e+03 
-6.27 216 55.9 12.3 -5.1e+03 -4.22e+03 -1.77e+03 -3.04e+04 -2.48e+04 -1.11e+04 -3.25e+05 -1.74e+05 -5.88e+04 
3.73 75 19.4 4.28 -2.47e+03 -2.15e+03 -924 -1.65e+04 -1.48e+04 -6.93e+03 -1.74e+05 -9.93e+04 -3.49e+04 
6.14 20 5.15 1.14 -754 -679 -296 -5.63e+03 -5.27e+03 -2.53e+03 -5.89e+04 -3.49e+04 -1.28e+04 
S matrix
1 0 0 0 0 0 0 0 0 0 0 0 0 
0 0.0333 0.0102 0.0024 -0.0621 -0.0285 -0.00916 -0.00302 -0.000949 -0.000204 -0.236 -0.0819 -0.0218 
0 0.0102 0.00336 0.000817 -0.0159 -0.00731 -0.00234 -0.000776 -0.000247 -5.69e-05 -0.061 -0.0212 -0.00563 
0 0.0024 0.000817 0.000204 -0.00348 -0.0016 -0.000512 -0.000173 -5.84e-05 -1.52e-05 -0.0134 -0.00467 -0.00124 
0 -0.0621 -0.0159 -0.00348 4.95 3.16 1.21 -0.607 -0.284 -0.0976 5.59 2.71 0.827 
0 -0.0285 -0.00731 -0.0016 3.16 2.36 1.02 -0.271 -0.117 -0.0388 4.64 2.36 0.746 
0 -0.00916 -0.00234 -0.000512 1.21 1.02 0.501 -0.0856 -0.0357 -0.0115 1.94 1.01 0.326 
0 -0.00302 -0.000776 -0.000173 -0.607 -0.271 -0.0856 3.48 2.86 1.28 33.3 18.2 6.19 
0 -0.000949 -0.000247 -5.84e-05 -0.284 -0.117 -0.0357 2.86 2.84 1.44 27.3 16.3 5.8 
0 -0.000204 -5.69e-05 -1.52e-05 -0.0976 -0.0388 -0.0115 1.28 1.44 0.826 12.1 7.62 2.78 
0 -0.236 -0.061 -0.0134 5.59 4.64 1.94 33.3 27.3 12.1 357 191 64.7 
0 -0.0819 -0.0212 -0.00467 2.71 2.36 1.01 18.2 16.3 7.62 191 109 38.5 
0 -0.0218 -0.00563 -0.00124 0.827 0.746 0.326 6.19 5.8 2.78 64.7 38.5 14.1 
H matrix
-915 -0.226 -0.0642 -0.0158 25 17.6 4.02 50.7 47.7 8.25 500 269 71.8 
0.0086 -30.5 -9.35 -2.19 56.7 26 8.36 2.77 0.869 0.188 215 74.8 19.9 
0.00465 -9.35 -3.07 -0.748 14.5 6.67 2.14 0.71 0.226 0.0521 55.7 19.3 5.14 
0.00152 -2.19 -0.747 -0.187 3.18 1.46 0.468 0.159 0.0532 0.0139 12.3 4.26 1.14 
0.384 56.9 14.6 3.19 -4.51e+03 -2.88e+03 -1.11e+03 554 259 88.9 -5.09e+03 -2.47e+03 -754 
S matrix
1 0 0 0 0 0 0 0 0 0 0 0 0 
0 0.0333 0.0102 0.0024 -0.0621 -0.0285 -0.00916 -0.00302 -0.000949 -0.000204 -0.236 -0.0819 -0.0218 
0 0.0102 0.00336 0.000817 -0.0159 -0.00731 -0.00234 -0.000776 -0.000247 -5.69e-05 -0.061 -0.0212 -0.00563 
0 0.0024 0.000817 0.000204 -0.00348 -0.0016 -0.000512 -0.000173 -5.84e-05 -1.52e-05 -0.0134 -0.00467 -0.00124 
0 -0.0621 -0.0159 -0.00348 4.95 3.16 1.21 -0.607 -0.284 -0.0976 5.59 2.71 0.827 
0 -0.0285 -0.00731 -0.0016 3.16 2.36 1.02 -0.271 -0.117 -0.0388 4.64 2.36 0.746 
0 -0.00916 -0.00234 -0.000512 1.21 1.02 0.501 -0.0856 -0.0357 -0.0115 1.94 1.01 0.326 
0 -0.00302 -0.000776 -0.000173 -0.607 -0.271 -0.0856 3.48 2.86 1.28 33.3 18.2 6.19 
0 -0.000949 -0.000247 -5.84e-05 -0.284 -0.117 -0.0357 2.86 2.84 1.44 27.3 16.3 5.8 
0 -0.000204 -5.69e-05 -1.52e-05 -0.0976 -0.0388 -0.0115 1.28 1.44 0.826 12.1 7.62 2.78 
0 -0.236 -0.061 -0.0134 5.59 4.64 1.94 33.3 27.3 12.1 357 191 64.7 
0 -0.0819 -0.0212 -0.00467 2.71 2.36 1.01 18.2 16.3 7.62 191 109 38.5 
0 -0.0218 -0.00563 -0.00124 0.827 0.746 0.326 6.19 5.8 2.78 64.7 38.5 14.1 
H matrix
-915 -0.226 -0.0642 -0.0158 25 17.6 4.02 50.7 47.7 8.25 500 269 71.8 
0.0086 -30.5 -9.35 -2.19 56.7 26 8.36 2.77 0.869 0.188 215 74.8 19.9 
0.00465 -9.35 -3.07 -0.748 14.5 6.67 2.14 0.71 0.226 0.0521 55.7 19.3 5.14 
0.00152 -2.19 -0.747 -0.187 3.18 1.46 0.468 0.159 0.0532 0.0139 12.3 4.26 1.14 
0.384 56.9 14.6 3.19 -4.51e+03 -2.88e+03 -1.11e+03 554 259 88.9 -5.09e+03 -2.47e+03 -754 
0.356 26.1 6.69 1.46 -2.89e+03 -2.15e+03 -929 248 107 35.4 -4.22e+03 -2.15e+03 -680 
0.171 8.38 2.15 0.469 -1.11e+03 -928 -455 78.2 32.6 10.5 -1.76e+03 -923 -297 
S matrix
1 0 0 0 0 0 0 0 0 0 0 0 0 
0 0.0333 0.0102 0.0024 -0.0621 -0.0285 -0.00916 -0.00302 -0.000949 -0.000204 -0.236 -0.0819 -0.0218 
0 0.0102 0.00336 0.000817 -0.0159 -0.00731 -0.00234 -0.000776 -0.000247 -5.69e-05 -0.061 -0.0212 -0.00563 
0 0.0024 0.000817 0.000204 -0.00348 -0.0016 -0.000512 -0.000173 -5.84e-05 -1.52e-05 -0.0134 -0.00467 -0.00124 
0 -0.0621 -0.0159 -0.00348 4.95 3.16 1.21 -0.607 -0.284 -0.0976 5.59 2.71 0.827 
0 -0.0285 -0.00731 -0.0016 3.16 2.36 1.02 -0.271 -0.117 -0.0388 4.64 2.36 0.746 
0 -0.00916 -0.00234 -0.000512 1.21 1.02 0.501 -0.0856 -0.0357 -0.0115 1.94 1.01 0.326 
0 -0.00302 -0.000776 -0.000173 -0.607 -0.271 -0.0856 3.48 2.86 1.28 33.3 18.2 6.19 
0 -0.000949 -0.000247 -5.84e-05 -0.284 -0.117 -0.0357 2.86 2.84 1.44 27.3 16.3 5.8 
0 -0.000204 -5.69e-05 -1.52e-05 -0.0976 -0.0388 -0.0115 1.28 1.44 0.826 12.1 7.62 2.78 
0 -0.236 -0.061 -0.0134 5.59 4.64 1.94 33.3 27.3 12.1 357 191 64.7 
0 -0.0819 -0.0212 -0.00467 2.71 2.36 1.01 18.2 16.3 7.62 191 109 38.5 
0 -0.0218 -0.00563 -0.00124 0.827 0.746 0.326 6.19 5.8 2.78 64.7 38.5 14.1 
H matrix
-915 -0.226 -0.0642 -0.0158 25 17.6 4.02 50.7 47.7 8.25 500 269 71.8 
0.0086 -30.5 -9.35 -2.19 56.7 26 8.36 2.77 0.869 0.188 215 74.8 19.9 
0.00465 -9.35 -3.07 -0.748 14.5 6.67 2.14 0.71 0.226 0.0521 55.7 19.3 5.14 
0.00152 -2.19 -0.747 -0.187 3.18 1.46 0.468 0.159 0.0532 0.0139 12.3 4.26 1.14 
S matrix
1 0 0 0 0 0 0 0 0 0 0 0 0 
0 0.0333 0.0102 0.0024 -0.0621 -0.0285 -0.00916 -0.00302 -0.000949 -0.000204 -0.236 -0.0819 -0.0218 
0 0.0102 0.00336 0.000817 -0.0159 -0.00731 -0.00234 -0.000776 -0.000247 -5.69e-05 -0.061 -0.0212 -0.00563 
0 0.0024 0.000817 0.000204 -0.00348 -0.0016 -0.000512 -0.000173 -5.84e-05 -1.52e-05 -0.0134 -0.00467 -0.00124 
0 -0.0621 -0.0159 -0.00348 4.95 3.16 1.21 -0.607 -0.284 -0.0976 5.59 2.71 0.827 
0 -0.0285 -0.00731 -0.0016 3.16 2.36 1.02 -0.271 -0.117 -0.0388 4.64 2.36 0.746 
0 -0.00916 -0.00234 -0.000512 1.21 1.02 0.501 -0.0856 -0.0357 -0.0115 1.94 1.01 0.326 
0 -0.00302 -0.000776 -0.000173 -0.607 -0.271 -0.0856 3.48 2.86 1.28 33.3 18.2 6.19 
0 -0.000949 -0.000247 -5.84e-05 -0.284 -0.117 -0.0357 2.86 2.84 1.44 27.3 16.3 5.8 
0 -0.000204 -5.69e-05 -1.52e-05 -0.0976 -0.0388 -0.0115 1.28 1.44 0.826 12.1 7.62 2.78 
0 -0.236 -0.061 -0.0134 5.59 4.64 1.94 33.3 27.3 12.1 357 191 64.7 
0 -0.0819 -0.0212 -0.00467 2.71 2.36 1.01 18.2 16.3 7.62 191 109 38.5 
0 -0.0218 -0.00563 -0.00124 0.827 0.746 0.326 6.19 5.8 2.78 64.7 38.5 14.1 
H matrix
-915 -0.226 -0.0642 -0.0158 25 17.6 4.02 50.7 47.7 8.25 500 269 71.8 
0.0086 -30.5 -9.35 -2.19 56.7 26 8.36 2.77 0.869 0.188 215 74.8 19.9 
0.00465 -9.35 -3.07 -0.748 14.5 6.67 2.14 0.71 0.226 0.0521 55.7 19.3 5.14 
0.00152 -2.19 -0.747 -0.187 3.18 1.46 0.468 0.159 0.0532 0.0139 12.3 4.26 1.14 
0.384 56.9 14.6 3.19 -4.51e+03 -2.88e+03 -1.11e+03 554 259 88.9 -5.09e+03 -2.47e+03 -754 
0.356 26.1 6.69 1.46 -2.89e+03 -2.15e+03 -929 248 107 35.4 -4.22e+03 -2.15e+03 -680 
0.171 8.38 2.15 0.469 -1.11e+03 -928 -455 78.2 32.6 10.5 -1.76e+03 -923 -297 
-2.52 2.77 0.711 0.159 554 247 78.1 -3.17e+03 -2.6e+03 -1.17e+03 -3.03e+04 -1.65e+04 -5.62e+03 
-2.55 0.871 0.226 0.0533 260 107 32.6 -2.61e+03 -2.58e+03 -1.31e+03 -2.48e+04 -1.48e+04 -5.27e+03 
-1.3 0.188 0.0521 0.0139 89.1 35.4 10.5 -1.17e+03 -1.31e+03 -749 -1.1e+04 -6.91e+03 -2.52e+03 
-6.27 216 55.9 12.3 -5.1e+03 -4.22e+03 -1.77e+03 -3.04e+04 -2.48e+04 -1.11e+04 -3.25e+05 -1.74e+05 -5.88e+04 
3.73 75 19.4 4.28 -2.47e+03 -2.15e+03 -924 -1.65e+04 -1.48e+04 -6.93e+03 -1.74e+05 -9.93e+04 -3.49e+04 
6.14 20 5.15 1.14 -754 -679 -296 -5.63e+03 -5.27e+03 -2.53e+03 -5.89e+04 -3.49e+04 -1.28e+04 
S matrix
1 0 0 0 0 0 0 0 0 0 0 0 0 
0 0.0333 0.0102 0.0024 -0.0621 -0.0285 -0.00916 -0.00302 -0.000949 -0.000204 -0.236 -0.0819 -0.0218 
0 0.0102 0.00336 0.000817 -0.0159 -0.00731 -0.00234 -0.000776 -0.000247 -5.69e-05 -0.061 -0.0212 -0.00563 
0 0.0024 0.000817 0.000204 -0.00348 -0.0016 -0.000512 -0.000173 -5.84e-05 -1.52e-05 -0.0134 -0.00467 -0.00124 
0 -0.0621 -0.0159 -0.00348 4.95 3.16 1.21 -0.607 -0.284 -0.0976 5.59 2.71 0.827 
0 -0.0285 -0.00731 -0.0016 3.16 2.36 1.02 -0.271 -0.117 -0.0388 4.64 2.36 0.746 
0 -0.00916 -0.00234 -0.000512 1.21 1.02 0.501 -0.0856 -0.0357 -0.0115 1.94 1.01 0.326 
0 -0.00302 -0.000776 -0.000173 -0.607 -0.271 -0.0856 3.48 2.86 1.28 33.3 18.2 6.19 
0 -0.000949 -0.000247 -5.84e-05 -0.284 -0.117 -0.0357 2.86 2.84 1.44 27.3 16.3 5.8 
0 -0.000204 -5.69e-05 -1.52e-05 -0.0976 -0.0388 -0.0115 1.28 1.44 0.826 12.1 7.62 2.78 
0 -0.236 -0.061 -0.0134 5.59 4.64 1.94 33.3 27.3 12.1 357 191 64.7 
0 -0.0819 -0.0212 -0.00467 2.71 2.36 1.01 18.2 16.3 7.62 191 109 38.5 
0 -0.0218 -0.00563 -0.00124 0.827 0.746 0.326 6.19 5.8 2.78 64.7 38.5 14.1 
H matrix
-915 -0.226 -0.0642 -0.0158 25 17.6 4.02 50.7 47.7 8.25 500 269 71.8 
0.0086 -30.5 -9.35 -2.19 56.7 26 8.36 2.77 0.869 0.188 215 74.8 19.9 
0.00465 -9.35 -3.07 -0.748 14.5 6.67 2.14 0.71 0.226 0.0521 55.7 19.3 5.14 
0.00152 -2.19 -0.747 -0.187 3.18 1.46 0.468 0.159 0.0532 0.0139 12.3 4.26 1.14 
0.384 56.9 14.6 3.19 -4.51e+03 -2.88e+03 -1.11e+03 554 259 88.9 -5.09e+03 -2.47e+03 -754 
0.356 26.1 6.69 1.46 -2.89e+03 -2.15e+03 -929 248 107 35.4 -4.22e+03 -2.15e+03 -680 
S matrix
1 0 0 0 0 0 0 0 0 0 0 0 0 
0 0.0333 0.0102 0.0024 -0.0621 -0.0285 -0.00916 -0.00302 -0.000949 -0.000204 -0.236 -0.0819 -0.0218 
0 0.0102 0.00336 0.000817 -0.0159 -0.00731 -0.00234 -0.000776 -0.000247 -5.69e-05 -0.061 -0.0212 -0.00563 
0 0.0024 0.000817 0.000204 -0.00348 -0.0016 -0.000512 -0.000173 -5.84e-05 -1.52e-05 -0.0134 -0.00467 -0.00124 
0 -0.0621 -0.0159 -0.00348 4.95 3.16 1.21 -0.607 -0.284 -0.0976 5.59 2.71 0.827 
0 -0.0285 -0.00731 -0.0016 3.16 2.36 1.02 -0.271 -0.117 -0.0388 4.64 2.36 0.746 
0 -0.00916 -0.00234 -0.000512 1.21 1.02 0.501 -0.0856 -0.0357 -0.0115 1.94 1.01 0.326 
0 -0.00302 -0.000776 -0.000173 -0.607 -0.271 -0.0856 3.48 2.86 1.28 33.3 18.2 6.19 
0 -0.000949 -0.000247 -5.84e-05 -0.284 -0.117 -0.0357 2.86 2.84 1.44 27.3 16.3 5.8 
0 -0.000204 -5.69e-05 -1.52e-05 -0.0976 -0.0388 -0.0115 1.28 1.44 0.826 12.1 7.62 2.78 
0 -0.236 -0.061 -0.0134 5.59 4.64 1.94 33.3 27.3 12.1 357 191 64.7 
0 -0.0819 -0.0212 -0.00467 2.71 2.36 1.01 18.2 16.3 7.62 191 109 38.5 
0 -0.0218 -0.00563 -0.00124 0.827 0.746 0.326 6.19 5.8 2.78 64.7 38.5 14.1 
H matrix
-915 -0.226 -0.0642 -0.0158 25 17.6 4.02 50.7 47.7 8.25 500 269 71.8 
0.0086 -30.5 -9.35 -2.19 56.7 26 8.36 2.77 0.869 0.188 215 74.8 19.9 
0.00465 -9.35 -3.07 -0.748 14.5 6.67 2.14 0.71 0.226 0.0521 55.7 19.3 5.14 
0.00152 -2.19 -0.747 -0.187 3.18 1.46 0.468 0.159 0.0532 0.0139 12.3 4.26 1.14 
0.384 56.9 14.6 3.19 -4.51e+03 -2.88e+03 -1.11e+03 554 259 88.9 -5.09e+03 -2.47e+03 -754 
0.356 26.1 6.69 1.46 -2.89e+03 -2.15e+03 -929 248 107 35.4 -4.22e+03 -2.15e+03 -680 
0.171 8.38 2.15 0.469 -1.11e+03 -928 -455 78.2 32.6 10.5 -1.76e+03 -923 -297 
-2.52 2.77 0.711 0.159 554 247 78.1 -3.17e+03 -2.6e+03 -1.17e+03 -3.03e+04 -1.65e+04 -5.62e+03 
-2.55 0.871 0.226 0.0533 260 107 32.6 -2.61e+03 -2.58e+03 -1.31e+03 -2.48e+04 -1.48e+04 -5.27e+03 
-1.3 0.188 0.0521 0.0139 89.1 35.4 10.5 -1.17e+03 -1.31e+03 -749 -1.1e+04 -6.91e+03 -2.52e+03 
-6.27 216 55.9 12.3 -5.1e+03 -4.22e+03 -1.77e+03 -3.04e+04 -2.48e+04 -1.11e+04 -3.25e+05 -1.74e+05 -5.88e+04 
3.73 75 19.4 4.28 -2.47e+03 -2.15e+03 -924 -1.65e+04 -1.48e+04 -6.93e+03 -1.74e+05 -9.93e+04 -3.49e+04 
6.14 20 5.15 1.14 -754 -679 -296 -5.63e+03 -5.27e+03 -2.53e+03 -5.89e+04 -3.49e+04 -1.28e+04 
S matrix
1 0 0 0 0 0 0 0 0 0 0 0 0 
0 0.0333 0.0102 0.0024 -0.0621 -0.0285 -0.00916 -0.00302 -0.000949 -0.000204 -0.236 -0.0819 -0.0218 
0 0.0102 0.00336 0.000817 -0.0159 -0.00731 -0.00234 -0.000776 -0.000247 -5.69e-05 -0.061 -0.0212 -0.00563 
0 0.0024 0.000817 0.000204 -0.00348 -0.0016 -0.000512 -0.000173 -5.84e-05 -1.52e-05 -0.0134 -0.00467 -0.00124 
0 -0.0621 -0.0159 -0.00348 4.95 3.16 1.21 -0.607 -0.284 -0.0976 5.59 2.71 0.827 
0 -0.0285 -0.00731 -0.0016 3.16 2.36 1.02 -0.271 -0.117 -0.0388 4.64 2.36 0.746 
0 -0.00916 -0.00234 -0.000512 1.21 1.02 0.501 -0.0856 -0.0357 -0.0115 1.94 1.01 0.326 
0 -0.00302 -0.000776 -0.000173 -0.607 -0.271 -0.0856 3.48 2.86 1.28 33.3 18.2 6.19 
0 -0.000949 -0.000247 -5.84e-05 -0.284 -0.117 -0.0357 2.86 2.84 1.44 27.3 16.3 5.8 
0 -0.000204 -5.69e-05 -1.52e-05 -0.0976 -0.0388 -0.0115 1.28 1.44 0.826 12.1 7.62 2.78 
0 -0.236 -0.061 -0.0134 5.59 4.64 1.94 33.3 27.3 12.1 357 191 64.7 
0 -0.0819 -0.0212 -0.00467 2.71 2.36 1.01 18.2 16.3 7.62 191 109 38.5 
0 -0.0218 -0.00563 -0.00124 0.827 0.746 0.326 6.19 5.8 2.78 64.7 38.5 14.1 
H matrix
-915 -0.226 -0.0642 -0.0158 25 17.6 4.02 50.7 47.7 8.25 500 269 71.8 
0.0086 -30.5 -9.35 -2.19 56.7 26 8.36 2.77 0.869 0.188 215 74.8 19.9 
0.00465 -9.35 -3.07 -0.748 14.5 6.67 2.14 0.71 0.226 0.0521 55.7 19.3 5.14 
0.00152 -2.19 -0.747 -0.187 3.18 1.46 0.468 0.159 0.0532 0.0139 12.3 4.26 1.14 
0.384 56.9 14.6 3.19 -4.51e+03 -2.88e+03 -1.11e+03 554 259 88.9 -5.09e+03 -2.47e+03 -754 
0.356 26.1 6.69 1.46 -2.89e+03 -2.15e+03 -929 248 107 35.4 -4.22e+03 -2.15e+03 -680 
0.171 8.38 2.15 0.469 -1.11e+03 -928 -455 78.2 32.6 10.5 -1.76e+03 -923 -297 
-2.52 2.77 0.711 0.159 554 247 78.1 -3.17e+03 -2.6e+03 -1.17e+03 -3.03e+04 -1.65e+04 -5.62e+03 
-2.55 0.871 0.226 0.0533 260 107 32.6 -2.61e+03 -2.58e+03 -1.31e+03 -2.48e+04 -1.48e+04 -5.27e+03 
-1.3 0.188 0.0521 0.0139 89.1 35.4 10.5 -1.17e+03 -1.31e+03 -749 -1.1e+04 -6.91e+03 -2.52e+03 
-6.27 216 55.9 12.3 -5.1e+03 -4.22e+03 -1.77e+03 -3.04e+04 -2.48e+04 -1.11e+04 -3.25e+05 -1.74e+05 -5.88e+04 
3.73 75 19.4 4.28 -2.47e+03 -2.15e+03 -924 -1.65e+04 -1.48e+04 -6.93e+03 -1.74e+05 -9.93e+04 -3.49e+04 
6.14 20 5.15 1.14 -754 -679 -296 -5.63e+03 -5.27e+03 -2.53e+03 -5.89e+04 -3.49e+04 -1.28e+04 
S matrix
1 0 0 0 0 0 0 0 0 0 0 0 0 
0 0.0333 0.0102 0.0024 -0.0621 -0.0285 -0.00916 -0.00302 -0.000949 -0.000204 -0.236 -0.0819 -0.0218 
0 0.0102 0.00336 0.000817 -0.0159 -0.00731 -0.00234 -0.000776 -0.000247 -5.69e-05 -0.061 -0.0212 -0.00563 
0 0.0024 0.000817 0.000204 -0.00348 -0.0016 -0.000512 -0.000173 -5.84e-05 -1.52e-05 -0.0134 -0.00467 -0.00124 
0 -0.0621 -0.0159 -0.00348 4.95 3.16 1.21 -0.607 -0.284 -0.0976 5.59 2.71 0.827 
0 -0.0285 -0.00731 -0.0016 3.16 2.36 1.02 -0.271 -0.117 -0.0388 4.64 2.36 0.746 
0 -0.00916 -0.00234 -0.000512 1.21 1.02 0.501 -0.0856 -0.0357 -0.0115 1.94 1.01 0.326 
0 -0.00302 -0.000776 -0.000173 -0.607 -0.271 -0.0856 3.48 2.86 1.28 33.3 18.2 6.19 
0 -0.000949 -0.000247 -5.84e-05 -0.284 -0.117 -0.0357 2.86 2.84 1.44 27.3 16.3 5.8 
0 -0.000204 -5.69e-05 -1.52e-05 -0.0976 -0.0388 -0.0115 1.28 1.44 0.826 12.1 7.62 2.78 
0 -0.236 -0.061 -0.0134 5.59 4.64 1.94 33.3 27.3 12.1 357 191 64.7 
0 -0.0819 -0.0212 -0.00467 2.71 2.36 1.01 18.2 16.3 7.62 191 109 38.5 
0 -0.0218 -0.00563 -0.00124 0.827 0.746 0.326 6.19 5.8 2.78 64.7 38.5 14.1 
H matrix
-915 -0.226 -0.0642 -0.0158 25 17.6 4.02 50.7 47.7 8.25 500 269 71.8 
0.0086 -30.5 -9.35 -2.19 56.7 26 8.36 2.77 0.869 0.188 215 74.8 19.9 
0.00465 -9.35 -3.07 -0.748 14.5 6.67 2.14 0.71 0.226 0.0521 55.7 19.3 5.14 
0.00152 -2.19 -0.747 -0.187 3.18 1.46 0.468 0.159 0.0532 0.0139 12.3 4.26 1.14 
0.384 56.9 14.6 3.19 -4.51e+03 -2.88e+03 -1.11e+03 554 259 88.9 -5.09e+03 -2.47e+03 -754 
0.356 26.1 6.69 1.46 -2.89e+03 -2.15e+03 -929 248 107 35.4 -4.22e+03 -2.15e+03 -680 
0.171 8.38 2.15 0.469 -1.11e+03 -928 -455 78.2 32.6 10.5 -1.76e+03 -923 -297 
-2.52 2.77 0.711 0.159 554 247 78.1 -3.17e+03 -2.6e+03 -1.17e+03 -3.03e+04 -1.65e+04 -5.62e+03 
-2.55 0.871 0.226 0.0533 260 107 32.6 -2.61e+03 -2.58e+03 -1.31e+03 -2.48e+04 -1.48e+04 -5.27e+03 
-1.3 0.188 0.0521 0.0139 89.1 35.4 10.5 -1.17e+03 -1.31e+03 -749 -1.1e+04 -6.91e+03 -2.52e+03 
-6.27 216 55.9 12.3 -5.1e+03 -4.22e+03 -1.77e+03 -3.04e+04 -2.48e+04 -1.11e+04 -3.25e+05 -1.74e+05 -5.88e+04 
3.73 75 19.4 4.28 -2.47e+03 -2.15e+03 -924 -1.65e+04 -1.48e+04 -6.93e+03 -1.74e+05 -9.93e+04 -3.49e+04 
6.14 20 5.15 1.14 -754 -679 -296 -5.63e+03 -5.27e+03 -2.53e+03 -5.89e+04 -3.49e+04 -1.28e+04 
S matrix
1 0 0 0 0 0 0 0 0 0 0 0 0 
0 0.0333 0.0102 0.0024 -0.0621 -0.0285 -0.00916 -0.00302 -0.000949 -0.000204 -0.236 -0.0819 -0.0218 
0 0.0102 0.00336 0.000817 -0.0159 -0.00731 -0.00234 -0.000776 -0.000247 -5.69e-05 -0.061 -0.0212 -0.00563 
0 0.0024 0.000817 0.000204 -0.00348 -0.0016 -0.000512 -0.000173 -5.84e-05 -1.52e-05 -0.0134 -0.00467 -0.00124 
0 -0.0621 -0.0159 -0.00348 4.95 3.16 1.21 -0.607 -0.284 -0.0976 5.59 2.71 0.827 
0 -0.0285 -0.00731 -0.0016 3.16 2.36 1.02 -0.271 -0.117 -0.0388 4.64 2.36 0.746 
0 -0.00916 -0.00234 -0.000512 1.21 1.02 0.501 -0.0856 -0.0357 -0.0115 1.94 1.01 0.326 
0 -0.00302 -0.000776 -0.000173 -0.607 -0.271 -0.0856 3.48 2.86 1.28 33.3 18.2 6.19 
0 -0.000949 -0.000247 -5.84e-05 -0.284 -0.117 -0.0357 2.86 2.84 1.44 27.3 16.3 5.8 
0 -0.000204 -5.69e-05 -1.52e-05 -0.0976 -0.0388 -0.0115 1.28 1.44 0.826 12.1 7.62 2.78 
0 -0.236 -0.061 -0.0134 5.59 4.64 1.94 33.3 27.3 12.1 357 191 64.7 
0 -0.0819 -0.0212 -0.00467 2.71 2.36 1.01 18.2 16.3 7.62 191 109 38.5 
0 -0.0218 -0.00563 -0.00124 0.827 0.746 0.326 6.19 5.8 2.78 64.7 38.5 14.1 
H matrix
-915 -0.226 -0.0642 -0.0158 25 17.6 4.02 50.7 47.7 8.25 500 269 71.8 
0.0086 -30.5 -9.35 -2.19 56.7 26 8.36 2.77 0.869 0.188 215 74.8 19.9 
0.00465 -9.35 -3.07 -0.748 14.5 6.67 2.14 0.71 0.226 0.0521 55.7 19.3 5.14 
0.00152 -2.19 -0.747 -0.187 3.18 1.46 0.468 0.159 0.0532 0.0139 12.3 4.26 1.14 
0.384 56.9 14.6 3.19 -4.51e+03 -2.88e+03 -1.11e+03 554 259 88.9 -5.09e+03 -2.47e+03 -754 
0.356 26.1 6.69 1.46 -2.89e+03 -2.15e+03 -929 248 107 35.4 -4.22e+03 -2.15e+03 -680 
0.171 8.38 2.15 0.469 -1.11e+03 -928 -455 78.2 32.6 10.5 -1.76e+03 -923 -297 
-2.52 2.77 0.711 0.159 554 247 78.1 -3.17e+03 -2.6e+03 -1.17e+03 -3.03e+04 -1.65e+04 -5.62e+03 
-2.55 0.871 0.226 0.0533 260 107 32.6 -2.61e+03 -2.58e+03 -1.31e+03 -2.48e+04 -1.48e+04 -5.27e+03 
-1.3 0.188 0.0521 0.0139 89.1 35.4 10.5 -1.17e+03 -1.31e+03 -749 -1.1e+04 -6.91e+03 -2.52e+03 
-6.27 216 55.9 12.3 -5.1e+03 -4.22e+03 -1.77e+03 -3.04e+04 -2.48e+04 -1.11e+04 -3.25e+05 -1.74e+05 -5.88e+04 
3.73 75 19.4 4.28 -2.47e+03 -2.15e+03 -924 -1.65e+04 -1.48e+04 -6.93e+03 -1.74e+05 -9.93e+04 -3.49e+04 
6.14 20 5.15 1.14 -754 -679 -296 -5.63e+03 -5.27e+03 -2.53e+03 -5.89e+04 -3.49e+04 -1.28e+04 
0.356 26.1 6.69 1.46 -2.89e+03 -2.15e+03 -929 248 107 35.4 -4.22e+03 -2.15e+03 -680 
0.171 8.38 2.15 0.469 -1.11e+03 -928 -455 78.2 32.6 10.5 -1.76e+03 -923 -297 
-2.52 2.77 0.711 0.159 554 247 78.1 -3.17e+03 -2.6e+03 -1.17e+03 -3.03e+04 -1.65e+04 -5.62e+03 
-2.55 0.871 0.226 0.0533 260 107 32.6 -2.61e+03 -2.58e+03 -1.31e+03 -2.48e+04 -1.48e+04 -5.27e+03 
-1.3 0.188 0.0521 0.0139 89.1 35.4 10.5 -1.17e+03 -1.31e+03 -749 -1.1e+04 -6.91e+03 -2.52e+03 
-6.27 216 55.9 12.3 -5.1e+03 -4.22e+03 -1.77e+03 -3.04e+04 -2.48e+04 -1.11e+04 -3.25e+05 -1.74e+05 -5.88e+04 
3.73 75 19.4 4.28 -2.47e+03 -2.15e+03 -924 -1.65e+04 -1.48e+04 -6.93e+03 -1.74e+05 -9.93e+04 -3.49e+04 
6.14 20 5.15 1.14 -754 -679 -296 -5.63e+03 -5.27e+03 -2.53e+03 -5.89e+04 -3.49e+04 -1.28e+04 
-2.52 2.77 0.711 0.159 554 247 78.1 -3.17e+03 -2.6e+03 -1.17e+03 -3.03e+04 -1.65e+04 -5.62e+03 
-2.55 0.871 0.226 0.0533 260 107 32.6 -2.61e+03 -2.58e+03 -1.31e+03 -2.48e+04 -1.48e+04 -5.27e+03 
-1.3 0.188 0.0521 0.0139 89.1 35.4 10.5 -1.17e+03 -1.31e+03 -749 -1.1e+04 -6.91e+03 -2.52e+03 
-6.27 216 55.9 12.3 -5.1e+03 -4.22e+03 -1.77e+03 -3.04e+04 -2.48e+04 -1.11e+04 -3.25e+05 -1.74e+05 -5.88e+04 
3.73 75 19.4 4.28 -2.47e+03 -2.15e+03 -924 -1.65e+04 -1.48e+04 -6.93e+03 -1.74e+05 -9.93e+04 -3.49e+04 
6.14 20 5.15 1.14 -754 -679 -296 -5.63e+03 -5.27e+03 -2.53e+03 -5.89e+04 -3.49e+04 -1.28e+04 
S matrix
1 0 0 0 0 0 0 0 0 0 0 0 0 
0 0.0333 0.0102 0.0024 -0.0621 -0.0285 -0.00916 -0.00302 -0.000949 -0.000204 -0.236 -0.0819 -0.0218 
0 0.0102 0.00336 0.000817 -0.0159 -0.00731 -0.00234 -0.000776 -0.000247 -5.69e-05 -0.061 -0.0212 -0.00563 
0 0.0024 0.000817 0.000204 -0.00348 -0.0016 -0.000512 -0.000173 -5.84e-05 -1.52e-05 -0.0134 -0.00467 -0.00124 
0 -0.0621 -0.0159 -0.00348 4.95 3.16 1.21 -0.607 -0.284 -0.0976 5.59 2.71 0.827 
0 -0.0285 -0.00731 -0.0016 3.16 2.36 1.02 -0.271 -0.117 -0.0388 4.64 2.36 0.746 
0 -0.00916 -0.00234 -0.000512 1.21 1.02 0.501 -0.0856 -0.0357 -0.0115 1.94 1.01 0.326 
0 -0.00302 -0.000776 -0.000173 -0.607 -0.271 -0.0856 3.48 2.86 1.28 33.3 18.2 6.19 
0 -0.000949 -0.000247 -5.84e-05 -0.284 -0.117 -0.0357 2.86 2.84 1.44 27.3 16.3 5.8 
0 -0.000204 -5.69e-05 -1.52e-05 -0.0976 -0.0388 -0.0115 1.28 1.44 0.826 12.1 7.62 2.78 
0 -0.236 -0.061 -0.0134 5.59 4.64 1.94 33.3 27.3 12.1 357 191 64.7 
0 -0.0819 -0.0212 -0.00467 2.71 2.36 1.01 18.2 16.3 7.62 191 109 38.5 
0 -0.0218 -0.00563 -0.00124 0.827 0.746 0.326 6.19 5.8 2.78 64.7 38.5 14.1 
H matrix
-915 -0.226 -0.0642 -0.0158 25 17.6 4.02 50.7 47.7 8.25 500 269 71.8 
0.0086 -30.5 -9.35 -2.19 56.7 26 8.36 2.77 0.869 0.188 215 74.8 19.9 
0.00465 -9.35 -3.07 -0.748 14.5 6.67 2.14 0.71 0.226 0.0521 55.7 19.3 5.14 
0.00152 -2.19 -0.747 -0.187 3.18 1.46 0.468 0.159 0.0532 0.0139 12.3 4.26 1.14 
0.384 56.9 14.6 3.19 -4.51e+03 -2.88e+03 -1.11e+03 554 259 88.9 -5.09e+03 -2.47e+03 -754 
0.356 26.1 6.69 1.46 -2.89e+03 -2.15e+03 -929 248 107 35.4 -4.22e+03 -2.15e+03 -680 
0.171 8.38 2.15 0.469 -1.11e+03 -928 -455 78.2 32.6 10.5 -1.76e+03 -923 -297 
-2.52 2.77 0.711 0.159 554 247 78.1 -3.17e+03 -2.6e+03 -1.17e+03 -3.03e+04 -1.65e+04 -5.62e+03 
-2.55 0.871 0.226 0.0533 260 107 32.6 -2.61e+03 -2.58e+03 -1.31e+03 -2.48e+04 -1.48e+04 -5.27e+03 
-1.3 0.188 0.0521 0.0139 89.1 35.4 10.5 -1.17e+03 -1.31e+03 -749 -1.1e+04 -6.91e+03 -2.52e+03 
-6.27 216 55.9 12.3 -5.1e+03 -4.22e+03 -1.77e+03 -3.04e+04 -2.48e+04 -1.11e+04 -3.25e+05 -1.74e+05 -5.88e+04 
3.73 75 19.4 4.28 -2.47e+03 -2.15e+03 -924 -1.65e+04 -1.48e+04 -6.93e+03 -1.74e+05 -9.93e+04 -3.49e+04 
6.14 20 5.15 1.14 -754 -679 -296 -5.63e+03 -5.27e+03 -2.53e+03 -5.89e+04 -3.49e+04 -1.28e+04 
0.384 56.9 14.6 3.19 -4.51e+03 -2.88e+03 -1.11e+03 554 259 88.9 -5.09e+03 -2.47e+03 -754 
0.356 26.1 6.69 1.46 -2.89e+03 -2.15e+03 -929 248 107 35.4 -4.22e+03 -2.15e+03 -680 
0.171 8.38 2.15 0.469 -1.11e+03 -928 -455 78.2 32.6 10.5 -1.76e+03 -923 -297 
-2.52 2.77 0.711 0.159 554 247 78.1 -3.17e+03 -2.6e+03 -1.17e+03 -3.03e+04 -1.65e+04 -5.62e+03 
-2.55 0.871 0.226 0.0533 260 107 32.6 -2.61e+03 -2.58e+03 -1.31e+03 -2.48e+04 -1.48e+04 -5.27e+03 
