--------------------------------------------------------------------------
[[29258,1],4]: A high-performance Open MPI point-to-point messaging module
was unable to find any relevant network interfaces:

Module: OpenFabrics (openib)
  Host: golub230

Another transport will be used instead, although this may result in
lower performance.
--------------------------------------------------------------------------
0: output to qwalk_000.linear.o
6: cell volume 1430.02
6: elsu 6.48894
6: alpha 0.770542
9: cell volume 1430.02
9: elsu 6.48894
9: alpha 0.770542
12: cell volume 1430.02
12: elsu 6.48894
12: alpha 0.770542
13: cell volume 1430.02
13: elsu 6.48894
13: alpha 0.770542
18: cell volume 1430.02
18: elsu 6.48894
18: alpha 0.770542
20: cell volume 1430.02
20: elsu 6.48894
20: alpha 0.770542
1: cell volume 1430.02
1: elsu 6.48894
1: alpha 0.770542
2: cell volume 1430.02
2: elsu 6.48894
2: alpha 0.770542
cutoff 9.59706
19: cell volume 1430.02
19: elsu 6.48894
19: alpha 0.770542
21: cell volume 1430.02
21: elsu 6.48894
21: alpha 0.770542
 total centers 271
0: cell volume 1430.02
**Warning** atom 4 is out of the simulation cell.  Putting it inside.
**Warning** atom 5 is out of the simulation cell.  Putting it inside.
**Warning** atom 6 is out of the simulation cell.  Putting it inside.
**Warning** atom 8 is out of the simulation cell.  Putting it inside.
**Warning** atom 10 is out of the simulation cell.  Putting it inside.
**Warning** atom 12 is out of the simulation cell.  Putting it inside.
**Warning** atom 13 is out of the simulation cell.  Putting it inside.
0: elsu 6.48894
0: alpha 0.770542
4: cell volume 1430.02
4: elsu 6.48894
4: alpha 0.770542
5: cell volume 1430.02
5: elsu 6.48894
5: alpha 0.770542
7: cell volume 1430.02
7: elsu 6.48894
7: alpha 0.770542
8: cell volume 1430.02
8: elsu 6.48894
8: alpha 0.770542
10: cell volume 1430.02
10: elsu 6.48894
10: alpha 0.770542
11: cell volume 1430.02
11: elsu 6.48894
11: alpha 0.770542
15: cell volume 1430.02
15: elsu 6.48894
15: alpha 0.770542
16: cell volume 1430.02
16: elsu 6.48894
16: alpha 0.770542
17: cell volume 1430.02
17: elsu 6.48894
17: alpha 0.770542
22: cell volume 1430.02
22: elsu 6.48894
22: alpha 0.770542
23: cell volume 1430.02
23: elsu 6.48894
23: alpha 0.770542
3: cell volume 1430.02
3: elsu 6.48894
3: alpha 0.770542
14: cell volume 1430.02
14: elsu 6.48894
14: alpha 0.770542
11: real space ion-ion 0.0258213
11: reciprocal space ion 377.807
8: real space ion-ion 0.0258213
12: real space ion-ion 0.0258213
Ewald sum using 2491 reciprocal points
0: real space ion-ion 0.0258213
7: real space ion-ion 0.0258213
8: reciprocal space ion 377.807
23: real space ion-ion 0.0258213
12: reciprocal space ion 377.807
18: real space ion-ion 0.0258213
22: real space ion-ion 0.0258213
0: reciprocal space ion 377.807
7: reciprocal space ion 377.807
23: reciprocal space ion 377.807
4: real space ion-ion 0.0258213
22: reciprocal space ion 377.807
18: reciprocal space ion 377.807
4: reciprocal space ion 377.807
15: real space ion-ion 0.0258213
15: reciprocal space ion 377.807
21: real space ion-ion 0.0258213
5: real space ion-ion 0.0258213
10: real space ion-ion 0.0258213
21: reciprocal space ion 377.807
13: real space ion-ion 0.0258213
10: reciprocal space ion 377.807
5: reciprocal space ion 377.807
13: reciprocal space ion 377.807
6: real space ion-ion 0.0258213
6: reciprocal space ion 377.807
20: real space ion-ion 0.0258213
20: reciprocal space ion 377.807
17: real space ion-ion 0.0258213
17: reciprocal space ion 377.807
16: real space ion-ion 0.0258213
16: reciprocal space ion 377.807
1: real space ion-ion 0.0258213
1: reciprocal space ion 377.807
19: real space ion-ion 0.0258213
19: reciprocal space ion 377.807
14: real space ion-ion 0.0258213
14: reciprocal space ion 377.807
9: real space ion-ion 0.0258213
9: reciprocal space ion 377.807
2: real space ion-ion 0.0258213
2: reciprocal space ion 377.807
3: real space ion-ion 0.0258213
3: reciprocal space ion 377.807
[golub230:193038] 23 more processes have sent help message help-mpi-btl-base.txt / btl:no-nics
[golub230:193038] Set MCA parameter "orte_base_help_aggregate" to 0 to see all help / error messages
Could not open qwalk_000.linear.config. Generating configurations from scratch
16: Timestep is 0.438333
8: Timestep is 0.438333
7: Timestep is 0.438333
23: Timestep is 0.438333
9: Timestep is 0.438333
5: Timestep is 0.438333
18: Timestep is 0.438333
13: Timestep is 0.438333
11: Timestep is 0.438333
10: Timestep is 0.438333
14: Timestep is 0.438333
3: Timestep is 0.438333
2: Timestep is 0.438333
19: Timestep is 0.438333
4: Timestep is 0.438333
17: Timestep is 0.438333
21: Timestep is 0.438333
15: Timestep is 0.438333
12: Timestep is 0.438333
1: Timestep is 0.438333
20: Timestep is 0.438333
22: Timestep is 0.438333
0: Timestep is 0.438333
6: Timestep is 0.438333
1: Write took 0 seconds
1: Write took 0 seconds
1: Write took 0 seconds
1: Write took 0 seconds
1: Write took 0 seconds
1: Write took 0 seconds
1: Write took 0 seconds
1: Write took 0 seconds
1: Write took 0 seconds
1: Write took 0 seconds
1: Write took 0 seconds
1: Write took 0 seconds
1: Write took 0 seconds
1: Write took 0 seconds
1: Write took 0 seconds
1: Write took 0 seconds
1: Write took 0 seconds
1: Write took 0 seconds
1: Write took 0 seconds
1: Write took 0 seconds
S matrix
1 0 0 0 0 0 0 0 0 0 0 0 0 
0 0.0372 0.0114 0.00268 -0.0612 -0.0269 -0.00834 -0.00425 -0.00187 -0.000659 -0.244 -0.0843 -0.0224 
0 0.0114 0.00377 0.000918 -0.0158 -0.00693 -0.00215 -0.00112 -0.000498 -0.000175 -0.0637 -0.022 -0.00585 
0 0.00268 0.000918 0.00023 -0.00346 -0.00152 -0.000471 -0.000247 -0.000109 -3.8e-05 -0.014 -0.00484 -0.00129 
0 -0.0612 -0.0158 -0.00346 4.37 2.73 1.03 -0.5 -0.211 -0.066 4.59 2.21 0.67 
0 -0.0269 -0.00693 -0.00152 2.73 2.01 0.866 -0.219 -0.0855 -0.026 3.71 1.86 0.58 
0 -0.00834 -0.00215 -0.000471 1.03 0.866 0.427 -0.0681 -0.0261 -0.00792 1.52 0.781 0.247 
0 -0.00425 -0.00112 -0.000247 -0.5 -0.219 -0.0681 2.67 2.18 0.97 26.5 14.4 4.87 
0 -0.00187 -0.000498 -0.000109 -0.211 -0.0855 -0.0261 2.18 2.24 1.16 21.5 13 4.66 
0 -0.000659 -0.000175 -3.8e-05 -0.066 -0.026 -0.00792 0.97 1.16 0.696 9.47 6.1 2.25 
0 -0.244 -0.0637 -0.014 4.59 3.71 1.52 26.5 21.5 9.47 293 156 52.4 
0 -0.0843 -0.022 -0.00484 2.21 1.86 0.781 14.4 13 6.1 156 89.4 31.5 
0 -0.0224 -0.00585 -0.00129 0.67 0.58 0.247 4.87 4.66 2.25 52.4 31.5 11.6 
H matrix
-919 -0.241 -0.069 -0.017 22.8 15.7 3.41 53.6 51 9.21 532 287 75 
0.0197 -34.1 -10.5 -2.47 56.1 24.6 7.64 3.9 1.71 0.602 224 77.3 20.6 
0.00779 -10.5 -3.46 -0.843 14.5 6.35 1.97 1.03 0.456 0.16 58.4 20.2 5.37 
0.0023 -2.46 -0.843 -0.211 3.17 1.39 0.432 0.227 0.1 0.0347 12.9 4.44 1.18 
-1.53 56.3 14.5 3.18 -4.01e+03 -2.5e+03 -941 459 193 60.4 -4.2e+03 -2.03e+03 -613 
-1 24.7 6.37 1.4 -2.5e+03 -1.84e+03 -792 200 78.2 23.8 -3.39e+03 -1.71e+03 -531 
-0.419 7.66 1.98 0.434 -942 -792 -389 62.4 23.9 7.25 -1.39e+03 -715 -226 
0.592 3.91 1.03 0.227 459 200 62.4 -2.45e+03 -1.99e+03 -886 -2.43e+04 -1.31e+04 -4.45e+03 
0.28 1.72 0.458 0.101 193 78.3 23.9 -1.99e+03 -2.04e+03 -1.06e+03 -1.96e+04 -1.18e+04 -4.25e+03 
0.111 0.605 0.16 0.0349 60.6 23.8 7.25 -887 -1.06e+03 -634 -8.65e+03 -5.56e+03 -2.05e+03 
8.43 224 58.6 12.9 -4.21e+03 -3.4e+03 -1.39e+03 -2.43e+04 -1.96e+04 -8.65e+03 -2.68e+05 -1.42e+05 -4.78e+04 
5.44 77.5 20.2 4.45 -2.03e+03 -1.71e+03 -715 -1.32e+04 -1.19e+04 -5.57e+03 -1.43e+05 -8.15e+04 -2.87e+04 
2.51 20.6 5.38 1.18 -613 -531 -226 -4.46e+03 -4.25e+03 -2.06e+03 -4.79e+04 -2.87e+04 -1.06e+04 
S matrix
1 0 0 0 0 0 0 0 0 0 0 0 0 
0 0.0372 0.0114 0.00268 -0.0612 -0.0269 -0.00834 -0.00425 -0.00187 -0.000659 -0.244 -0.0843 -0.0224 
0 0.0114 0.00377 0.000918 -0.0158 -0.00693 -0.00215 -0.00112 -0.000498 -0.000175 -0.0637 -0.022 -0.00585 
0 0.00268 0.000918 0.00023 -0.00346 -0.00152 -0.000471 -0.000247 -0.000109 -3.8e-05 -0.014 -0.00484 -0.00129 
0 -0.0612 -0.0158 -0.00346 4.37 2.73 1.03 -0.5 -0.211 -0.066 4.59 2.21 0.67 
0 -0.0269 -0.00693 -0.00152 2.73 2.01 0.866 -0.219 -0.0855 -0.026 3.71 1.86 0.58 
0 -0.00834 -0.00215 -0.000471 1.03 0.866 0.427 -0.0681 -0.0261 -0.00792 1.52 0.781 0.247 
0 -0.00425 -0.00112 -0.000247 -0.5 -0.219 -0.0681 2.67 2.18 0.97 26.5 14.4 4.87 
0 -0.00187 -0.000498 -0.000109 -0.211 -0.0855 -0.0261 2.18 2.24 1.16 21.5 13 4.66 
0 -0.000659 -0.000175 -3.8e-05 -0.066 -0.026 -0.00792 0.97 1.16 0.696 9.47 6.1 2.25 
0 -0.244 -0.0637 -0.014 4.59 3.71 1.52 26.5 21.5 9.47 293 156 52.4 
0 -0.0843 -0.022 -0.00484 2.21 1.86 0.781 14.4 13 6.1 156 89.4 31.5 
0 -0.0224 -0.00585 -0.00129 0.67 0.58 0.247 4.87 4.66 2.25 52.4 31.5 11.6 
H matrix
-919 -0.241 -0.069 -0.017 22.8 15.7 3.41 53.6 51 9.21 532 287 75 
0.0197 -34.1 -10.5 -2.47 56.1 24.6 7.64 3.9 1.71 0.602 224 77.3 20.6 
0.00779 -10.5 -3.46 -0.843 14.5 6.35 1.97 1.03 0.456 0.16 58.4 20.2 5.37 
0.0023 -2.46 -0.843 -0.211 3.17 1.39 0.432 0.227 0.1 0.0347 12.9 4.44 1.18 
-1.53 56.3 14.5 3.18 -4.01e+03 -2.5e+03 -941 459 193 60.4 -4.2e+03 -2.03e+03 -613 
-1 24.7 6.37 1.4 -2.5e+03 -1.84e+03 -792 200 78.2 23.8 -3.39e+03 -1.71e+03 -531 
-0.419 7.66 1.98 0.434 -942 -792 -389 62.4 23.9 7.25 -1.39e+03 -715 -226 
0.592 3.91 1.03 0.227 459 200 62.4 -2.45e+03 -1.99e+03 -886 -2.43e+04 -1.31e+04 -4.45e+03 
0.28 1.72 0.458 0.101 193 78.3 23.9 -1.99e+03 -2.04e+03 -1.06e+03 -1.96e+04 -1.18e+04 -4.25e+03 
0.111 0.605 0.16 0.0349 60.6 23.8 7.25 -887 -1.06e+03 -634 -8.65e+03 -5.56e+03 -2.05e+03 
8.43 224 58.6 12.9 -4.21e+03 -3.4e+03 -1.39e+03 -2.43e+04 -1.96e+04 -8.65e+03 -2.68e+05 -1.42e+05 -4.78e+04 
5.44 77.5 20.2 4.45 -2.03e+03 -1.71e+03 -715 -1.32e+04 -1.19e+04 -5.57e+03 -1.43e+05 -8.15e+04 -2.87e+04 
2.51 20.6 5.38 1.18 -613 -531 -226 -4.46e+03 -4.25e+03 -2.06e+03 -4.79e+04 -2.87e+04 -1.06e+04 
S matrix
1 0 0 0 0 0 0 0 0 0 0 0 0 
0 0.0372 0.0114 0.00268 -0.0612 -0.0269 -0.00834 -0.00425 -0.00187 -0.000659 -0.244 -0.0843 -0.0224 
0 0.0114 0.00377 0.000918 -0.0158 -0.00693 -0.00215 -0.00112 -0.000498 -0.000175 -0.0637 -0.022 -0.00585 
0 0.00268 0.000918 0.00023 -0.00346 -0.00152 -0.000471 -0.000247 -0.000109 -3.8e-05 -0.014 -0.00484 -0.00129 
0 -0.0612 -0.0158 -0.00346 4.37 2.73 1.03 -0.5 -0.211 -0.066 4.59 2.21 0.67 
0 -0.0269 -0.00693 -0.00152 2.73 2.01 0.866 -0.219 -0.0855 -0.026 3.71 1.86 0.58 
0 -0.00834 -0.00215 -0.000471 1.03 0.866 0.427 -0.0681 -0.0261 -0.00792 1.52 0.781 0.247 
0 -0.00425 -0.00112 -0.000247 -0.5 -0.219 -0.0681 2.67 2.18 0.97 26.5 14.4 4.87 
0 -0.00187 -0.000498 -0.000109 -0.211 -0.0855 -0.0261 2.18 2.24 1.16 21.5 13 4.66 
0 -0.000659 -0.000175 -3.8e-05 -0.066 -0.026 -0.00792 0.97 1.16 0.696 9.47 6.1 2.25 
0 -0.244 -0.0637 -0.014 4.59 3.71 1.52 26.5 21.5 9.47 293 156 52.4 
0 -0.0843 -0.022 -0.00484 2.21 1.86 0.781 14.4 13 6.1 156 89.4 31.5 
0 -0.0224 -0.00585 -0.00129 0.67 0.58 0.247 4.87 4.66 2.25 52.4 31.5 11.6 
H matrix
-919 -0.241 -0.069 -0.017 22.8 15.7 3.41 53.6 51 9.21 532 287 75 
0.0197 -34.1 -10.5 -2.47 56.1 24.6 7.64 3.9 1.71 0.602 224 77.3 20.6 
0.00779 -10.5 -3.46 -0.843 14.5 6.35 1.97 1.03 0.456 0.16 58.4 20.2 5.37 
0.0023 -2.46 -0.843 -0.211 3.17 1.39 0.432 0.227 0.1 0.0347 12.9 4.44 1.18 
-1.53 56.3 14.5 3.18 -4.01e+03 -2.5e+03 -941 459 193 60.4 -4.2e+03 -2.03e+03 -613 
-1 24.7 6.37 1.4 -2.5e+03 -1.84e+03 -792 200 78.2 23.8 -3.39e+03 -1.71e+03 -531 
-0.419 7.66 1.98 0.434 -942 -792 -389 62.4 23.9 7.25 -1.39e+03 -715 -226 
0.592 3.91 1.03 0.227 459 200 62.4 -2.45e+03 -1.99e+03 -886 -2.43e+04 -1.31e+04 -4.45e+03 
0.28 1.72 0.458 0.101 193 78.3 23.9 -1.99e+03 -2.04e+03 -1.06e+03 -1.96e+04 -1.18e+04 -4.25e+03 
0.111 0.605 0.16 0.0349 60.6 23.8 7.25 -887 -1.06e+03 -634 -8.65e+03 -5.56e+03 -2.05e+03 
8.43 224 58.6 12.9 -4.21e+03 -3.4e+03 -1.39e+03 -2.43e+04 -1.96e+04 -8.65e+03 -2.68e+05 -1.42e+05 -4.78e+04 
5.44 77.5 20.2 4.45 -2.03e+03 -1.71e+03 -715 -1.32e+04 -1.19e+04 -5.57e+03 -1.43e+05 -8.15e+04 -2.87e+04 
2.51 20.6 5.38 1.18 -613 -531 -226 -4.46e+03 -4.25e+03 -2.06e+03 -4.79e+04 -2.87e+04 -1.06e+04 
S matrix
1 0 0 0 0 0 0 0 0 0 0 0 0 
0 0.0372 0.0114 0.00268 -0.0612 -0.0269 -0.00834 -0.00425 -0.00187 -0.000659 -0.244 -0.0843 -0.0224 
0 0.0114 0.00377 0.000918 -0.0158 -0.00693 -0.00215 -0.00112 -0.000498 -0.000175 -0.0637 -0.022 -0.00585 
0 0.00268 0.000918 0.00023 -0.00346 -0.00152 -0.000471 -0.000247 -0.000109 -3.8e-05 -0.014 -0.00484 -0.00129 
0 -0.0612 -0.0158 -0.00346 4.37 2.73 1.03 -0.5 -0.211 -0.066 4.59 2.21 0.67 
0 -0.0269 -0.00693 -0.00152 2.73 2.01 0.866 -0.219 -0.0855 -0.026 3.71 1.86 0.58 
0 -0.00834 -0.00215 -0.000471 1.03 0.866 0.427 -0.0681 -0.0261 -0.00792 1.52 0.781 0.247 
0 -0.00425 -0.00112 -0.000247 -0.5 -0.219 -0.0681 2.67 2.18 0.97 26.5 14.4 4.87 
0 -0.00187 -0.000498 -0.000109 -0.211 -0.0855 -0.0261 2.18 2.24 1.16 21.5 13 4.66 
0 -0.000659 -0.000175 -3.8e-05 -0.066 -0.026 -0.00792 0.97 1.16 0.696 9.47 6.1 2.25 
0 -0.244 -0.0637 -0.014 4.59 3.71 1.52 26.5 21.5 9.47 293 156 52.4 
0 -0.0843 -0.022 -0.00484 2.21 1.86 0.781 14.4 13 6.1 156 89.4 31.5 
0 -0.0224 -0.00585 -0.00129 0.67 0.58 0.247 4.87 4.66 2.25 52.4 31.5 11.6 
H matrix
-919 -0.241 -0.069 -0.017 22.8 15.7 3.41 53.6 51 9.21 532 287 75 
0.0197 -34.1 -10.5 -2.47 56.1 24.6 7.64 3.9 1.71 0.602 224 77.3 20.6 
0.00779 -10.5 -3.46 -0.843 14.5 6.35 1.97 1.03 0.456 0.16 58.4 20.2 5.37 
0.0023 -2.46 -0.843 -0.211 3.17 1.39 0.432 0.227 0.1 0.0347 12.9 4.44 1.18 
-1.53 56.3 14.5 3.18 -4.01e+03 -2.5e+03 -941 459 193 60.4 -4.2e+03 -2.03e+03 -613 
-1 24.7 6.37 1.4 -2.5e+03 -1.84e+03 -792 200 78.2 23.8 -3.39e+03 -1.71e+03 -531 
-0.419 7.66 1.98 0.434 -942 -792 -389 62.4 23.9 7.25 -1.39e+03 -715 -226 
0.592 3.91 1.03 0.227 459 200 62.4 -2.45e+03 -1.99e+03 -886 -2.43e+04 -1.31e+04 -4.45e+03 
0.28 1.72 0.458 0.101 193 78.3 23.9 -1.99e+03 -2.04e+03 -1.06e+03 -1.96e+04 -1.18e+04 -4.25e+03 
0.111 0.605 0.16 0.0349 60.6 23.8 7.25 -887 -1.06e+03 -634 -8.65e+03 -5.56e+03 -2.05e+03 
8.43 224 58.6 12.9 -4.21e+03 -3.4e+03 -1.39e+03 -2.43e+04 -1.96e+04 -8.65e+03 -2.68e+05 -1.42e+05 -4.78e+04 
5.44 77.5 20.2 4.45 -2.03e+03 -1.71e+03 -715 -1.32e+04 -1.19e+04 -5.57e+03 -1.43e+05 -8.15e+04 -2.87e+04 
2.51 20.6 5.38 1.18 -613 -531 -226 -4.46e+03 -4.25e+03 -2.06e+03 -4.79e+04 -2.87e+04 -1.06e+04 
S matrix
1 0 0 0 0 0 0 0 0 0 0 0 0 
0 0.0372 0.0114 0.00268 -0.0612 -0.0269 -0.00834 -0.00425 -0.00187 -0.000659 -0.244 -0.0843 -0.0224 
0 0.0114 0.00377 0.000918 -0.0158 -0.00693 -0.00215 -0.00112 -0.000498 -0.000175 -0.0637 -0.022 -0.00585 
0 0.00268 0.000918 0.00023 -0.00346 -0.00152 -0.000471 -0.000247 -0.000109 -3.8e-05 -0.014 -0.00484 -0.00129 
0 -0.0612 -0.0158 -0.00346 4.37 2.73 1.03 -0.5 -0.211 -0.066 4.59 2.21 0.67 
0 -0.0269 -0.00693 -0.00152 2.73 2.01 0.866 -0.219 -0.0855 -0.026 3.71 1.86 0.58 
0 -0.00834 -0.00215 -0.000471 1.03 0.866 0.427 -0.0681 -0.0261 -0.00792 1.52 0.781 0.247 
0 -0.00425 -0.00112 -0.000247 -0.5 -0.219 -0.0681 2.67 2.18 0.97 26.5 14.4 4.87 
0 -0.00187 -0.000498 -0.000109 -0.211 -0.0855 -0.0261 2.18 2.24 1.16 21.5 13 4.66 
0 -0.000659 -0.000175 -3.8e-05 -0.066 -0.026 -0.00792 0.97 1.16 0.696 9.47 6.1 2.25 
0 -0.244 -0.0637 -0.014 4.59 3.71 1.52 26.5 21.5 9.47 293 156 52.4 
0 -0.0843 -0.022 -0.00484 2.21 1.86 0.781 14.4 13 6.1 156 89.4 31.5 
0 -0.0224 -0.00585 -0.00129 0.67 0.58 0.247 4.87 4.66 2.25 52.4 31.5 11.6 
H matrix
-919 -0.241 -0.069 -0.017 22.8 15.7 3.41 53.6 51 9.21 532 287 75 
0.0197 -34.1 -10.5 -2.47 56.1 24.6 7.64 3.9 1.71 0.602 224 77.3 20.6 
0.00779 -10.5 -3.46 -0.843 14.5 6.35 1.97 1.03 0.456 0.16 58.4 20.2 5.37 
0.0023 -2.46 -0.843 -0.211 3.17 1.39 0.432 0.227 0.1 0.0347 12.9 4.44 1.18 
-1.53 56.3 14.5 3.18 -4.01e+03 -2.5e+03 -941 459 193 60.4 -4.2e+03 -2.03e+03 -613 
-1 24.7 6.37 1.4 -2.5e+03 -1.84e+03 -792 200 78.2 23.8 -3.39e+03 -1.71e+03 -531 
-0.419 7.66 1.98 0.434 -942 -792 -389 62.4 23.9 7.25 -1.39e+03 -715 -226 
0.592 3.91 1.03 0.227 459 200 62.4 -2.45e+03 -1.99e+03 -886 -2.43e+04 -1.31e+04 -4.45e+03 
0.28 1.72 0.458 0.101 193 78.3 23.9 -1.99e+03 -2.04e+03 -1.06e+03 -1.96e+04 -1.18e+04 -4.25e+03 
0.111 0.605 0.16 0.0349 60.6 23.8 7.25 -887 -1.06e+03 -634 -8.65e+03 -5.56e+03 -2.05e+03 
8.43 224 58.6 12.9 -4.21e+03 -3.4e+03 -1.39e+03 -2.43e+04 -1.96e+04 -8.65e+03 -2.68e+05 -1.42e+05 -4.78e+04 
5.44 77.5 20.2 4.45 -2.03e+03 -1.71e+03 -715 -1.32e+04 -1.19e+04 -5.57e+03 -1.43e+05 -8.15e+04 -2.87e+04 
2.51 20.6 5.38 1.18 -613 -531 -226 -4.46e+03 -4.25e+03 -2.06e+03 -4.79e+04 -2.87e+04 -1.06e+04 
S matrix
1 0 0 0 0 0 0 0 0 0 0 0 0 
0 0.0372 0.0114 0.00268 -0.0612 -0.0269 -0.00834 -0.00425 -0.00187 -0.000659 -0.244 -0.0843 -0.0224 
0 0.0114 0.00377 0.000918 -0.0158 -0.00693 -0.00215 -0.00112 -0.000498 -0.000175 -0.0637 -0.022 -0.00585 
0 0.00268 0.000918 0.00023 -0.00346 -0.00152 -0.000471 -0.000247 -0.000109 -3.8e-05 -0.014 -0.00484 -0.00129 
0 -0.0612 -0.0158 -0.00346 4.37 2.73 1.03 -0.5 -0.211 -0.066 4.59 2.21 0.67 
0 -0.0269 -0.00693 -0.00152 2.73 2.01 0.866 -0.219 -0.0855 -0.026 3.71 1.86 0.58 
0 -0.00834 -0.00215 -0.000471 1.03 0.866 0.427 -0.0681 -0.0261 -0.00792 1.52 0.781 0.247 
0 -0.00425 -0.00112 -0.000247 -0.5 -0.219 -0.0681 2.67 2.18 0.97 26.5 14.4 4.87 
0 -0.00187 -0.000498 -0.000109 -0.211 -0.0855 -0.0261 2.18 2.24 1.16 21.5 13 4.66 
0 -0.000659 -0.000175 -3.8e-05 -0.066 -0.026 -0.00792 0.97 1.16 0.696 9.47 6.1 2.25 
0 -0.244 -0.0637 -0.014 4.59 3.71 1.52 26.5 21.5 9.47 293 156 52.4 
0 -0.0843 -0.022 -0.00484 2.21 1.86 0.781 14.4 13 6.1 156 89.4 31.5 
0 -0.0224 -0.00585 -0.00129 0.67 0.58 0.247 4.87 4.66 2.25 52.4 31.5 11.6 
H matrix
-919 -0.241 -0.069 -0.017 22.8 15.7 3.41 53.6 51 9.21 532 287 75 
0.0197 -34.1 -10.5 -2.47 56.1 24.6 7.64 3.9 1.71 0.602 224 77.3 20.6 
0.00779 -10.5 -3.46 -0.843 14.5 6.35 1.97 1.03 0.456 0.16 58.4 20.2 5.37 
0.0023 -2.46 -0.843 -0.211 3.17 1.39 0.432 0.227 0.1 0.0347 12.9 4.44 1.18 
-1.53 56.3 14.5 3.18 -4.01e+03 -2.5e+03 -941 459 193 60.4 -4.2e+03 -2.03e+03 -613 
-1 24.7 6.37 1.4 -2.5e+03 -1.84e+03 -792 200 78.2 23.8 -3.39e+03 -1.71e+03 -531 
-0.419 7.66 1.98 0.434 -942 -792 -389 62.4 23.9 7.25 -1.39e+03 -715 -226 
0.592 3.91 1.03 0.227 459 200 62.4 -2.45e+03 -1.99e+03 -886 -2.43e+04 -1.31e+04 -4.45e+03 
0.28 1.72 0.458 0.101 193 78.3 23.9 -1.99e+03 -2.04e+03 -1.06e+03 -1.96e+04 -1.18e+04 -4.25e+03 
0.111 0.605 0.16 0.0349 60.6 23.8 7.25 -887 -1.06e+03 -634 -8.65e+03 -5.56e+03 -2.05e+03 
8.43 224 58.6 12.9 -4.21e+03 -3.4e+03 -1.39e+03 -2.43e+04 -1.96e+04 -8.65e+03 -2.68e+05 -1.42e+05 -4.78e+04 
5.44 77.5 20.2 4.45 -2.03e+03 -1.71e+03 -715 -1.32e+04 -1.19e+04 -5.57e+03 -1.43e+05 -8.15e+04 -2.87e+04 
2.51 20.6 5.38 1.18 -613 -531 -226 -4.46e+03 -4.25e+03 -2.06e+03 -4.79e+04 -2.87e+04 -1.06e+04 
S matrix
1 0 0 0 0 0 0 0 0 0 0 0 0 
0 0.0372 0.0114 0.00268 -0.0612 -0.0269 -0.00834 -0.00425 -0.00187 -0.000659 -0.244 -0.0843 -0.0224 
0 0.0114 0.00377 0.000918 -0.0158 -0.00693 -0.00215 -0.00112 -0.000498 -0.000175 -0.0637 -0.022 -0.00585 
0 0.00268 0.000918 0.00023 -0.00346 -0.00152 -0.000471 -0.000247 -0.000109 -3.8e-05 -0.014 -0.00484 -0.00129 
0 -0.0612 -0.0158 -0.00346 4.37 2.73 1.03 -0.5 -0.211 -0.066 4.59 2.21 0.67 
0 -0.0269 -0.00693 -0.00152 2.73 2.01 0.866 -0.219 -0.0855 -0.026 3.71 1.86 0.58 
0 -0.00834 -0.00215 -0.000471 1.03 0.866 0.427 -0.0681 -0.0261 -0.00792 1.52 0.781 0.247 
0 -0.00425 -0.00112 -0.000247 -0.5 -0.219 -0.0681 2.67 2.18 0.97 26.5 14.4 4.87 
0 -0.00187 -0.000498 -0.000109 -0.211 -0.0855 -0.0261 2.18 2.24 1.16 21.5 13 4.66 
0 -0.000659 -0.000175 -3.8e-05 -0.066 -0.026 -0.00792 0.97 1.16 0.696 9.47 6.1 2.25 
0 -0.244 -0.0637 -0.014 4.59 3.71 1.52 26.5 21.5 9.47 293 156 52.4 
0 -0.0843 -0.022 -0.00484 2.21 1.86 0.781 14.4 13 6.1 156 89.4 31.5 
0 -0.0224 -0.00585 -0.00129 0.67 0.58 0.247 4.87 4.66 2.25 52.4 31.5 11.6 
H matrix
-919 -0.241 -0.069 -0.017 22.8 15.7 3.41 53.6 51 9.21 532 287 75 
0.0197 -34.1 -10.5 -2.47 56.1 24.6 7.64 3.9 1.71 0.602 224 77.3 20.6 
0.00779 -10.5 -3.46 -0.843 14.5 6.35 1.97 1.03 0.456 0.16 58.4 20.2 5.37 
0.0023 -2.46 -0.843 -0.211 3.17 1.39 0.432 0.227 0.1 0.0347 12.9 4.44 1.18 
-1.53 56.3 14.5 3.18 -4.01e+03 -2.5e+03 -941 459 193 60.4 -4.2e+03 -2.03e+03 -613 
-1 24.7 6.37 1.4 -2.5e+03 -1.84e+03 -792 200 78.2 23.8 -3.39e+03 -1.71e+03 -531 
-0.419 7.66 1.98 0.434 -942 -792 -389 62.4 23.9 7.25 -1.39e+03 -715 -226 
0.592 3.91 1.03 0.227 459 200 62.4 -2.45e+03 -1.99e+03 -886 -2.43e+04 -1.31e+04 -4.45e+03 
0.28 1.72 0.458 0.101 193 78.3 23.9 -1.99e+03 -2.04e+03 -1.06e+03 -1.96e+04 -1.18e+04 -4.25e+03 
0.111 0.605 0.16 0.0349 60.6 23.8 7.25 -887 -1.06e+03 -634 -8.65e+03 -5.56e+03 -2.05e+03 
8.43 224 58.6 12.9 -4.21e+03 -3.4e+03 -1.39e+03 -2.43e+04 -1.96e+04 -8.65e+03 -2.68e+05 -1.42e+05 -4.78e+04 
5.44 77.5 20.2 4.45 -2.03e+03 -1.71e+03 -715 -1.32e+04 -1.19e+04 -5.57e+03 -1.43e+05 -8.15e+04 -2.87e+04 
2.51 20.6 5.38 1.18 -613 -531 -226 -4.46e+03 -4.25e+03 -2.06e+03 -4.79e+04 -2.87e+04 -1.06e+04 
S matrix
1 0 0 0 0 0 0 0 0 0 0 0 0 
0 0.0372 0.0114 0.00268 -0.0612 -0.0269 -0.00834 -0.00425 -0.00187 -0.000659 -0.244 -0.0843 -0.0224 
0 0.0114 0.00377 0.000918 -0.0158 -0.00693 -0.00215 -0.00112 -0.000498 -0.000175 -0.0637 -0.022 -0.00585 
0 0.00268 0.000918 0.00023 -0.00346 -0.00152 -0.000471 -0.000247 -0.000109 -3.8e-05 -0.014 -0.00484 -0.00129 
0 -0.0612 -0.0158 -0.00346 4.37 2.73 1.03 -0.5 -0.211 -0.066 4.59 2.21 0.67 
0 -0.0269 -0.00693 -0.00152 2.73 2.01 0.866 -0.219 -0.0855 -0.026 3.71 1.86 0.58 
0 -0.00834 -0.00215 -0.000471 1.03 0.866 0.427 -0.0681 -0.0261 -0.00792 1.52 0.781 0.247 
0 -0.00425 -0.00112 -0.000247 -0.5 -0.219 -0.0681 2.67 2.18 0.97 26.5 14.4 4.87 
0 -0.00187 -0.000498 -0.000109 -0.211 -0.0855 -0.0261 2.18 2.24 1.16 21.5 13 4.66 
0 -0.000659 -0.000175 -3.8e-05 -0.066 -0.026 -0.00792 0.97 1.16 0.696 9.47 6.1 2.25 
0 -0.244 -0.0637 -0.014 4.59 3.71 1.52 26.5 21.5 9.47 293 156 52.4 
0 -0.0843 -0.022 -0.00484 2.21 1.86 0.781 14.4 13 6.1 156 89.4 31.5 
0 -0.0224 -0.00585 -0.00129 0.67 0.58 0.247 4.87 4.66 2.25 52.4 31.5 11.6 
H matrix
-919 -0.241 -0.069 -0.017 22.8 15.7 3.41 53.6 51 9.21 532 287 75 
0.0197 -34.1 -10.5 -2.47 56.1 24.6 7.64 3.9 1.71 0.602 224 77.3 20.6 
0.00779 -10.5 -3.46 -0.843 14.5 6.35 1.97 1.03 0.456 0.16 58.4 20.2 5.37 
0.0023 -2.46 -0.843 -0.211 3.17 1.39 0.432 0.227 0.1 0.0347 12.9 4.44 1.18 
-1.53 56.3 14.5 3.18 -4.01e+03 -2.5e+03 -941 459 193 60.4 -4.2e+03 -2.03e+03 -613 
-1 24.7 6.37 1.4 -2.5e+03 -1.84e+03 -792 200 78.2 23.8 -3.39e+03 -1.71e+03 -531 
-0.419 7.66 1.98 0.434 -942 -792 -389 62.4 23.9 7.25 -1.39e+03 -715 -226 
0.592 3.91 1.03 0.227 459 200 62.4 -2.45e+03 -1.99e+03 -886 -2.43e+04 -1.31e+04 -4.45e+03 
0.28 1.72 0.458 0.101 193 78.3 23.9 -1.99e+03 -2.04e+03 -1.06e+03 -1.96e+04 -1.18e+04 -4.25e+03 
0.111 0.605 0.16 0.0349 60.6 23.8 7.25 -887 -1.06e+03 -634 -8.65e+03 -5.56e+03 -2.05e+03 
8.43 224 58.6 12.9 -4.21e+03 -3.4e+03 -1.39e+03 -2.43e+04 -1.96e+04 -8.65e+03 -2.68e+05 -1.42e+05 -4.78e+04 
5.44 77.5 20.2 4.45 -2.03e+03 -1.71e+03 -715 -1.32e+04 -1.19e+04 -5.57e+03 -1.43e+05 -8.15e+04 -2.87e+04 
2.51 20.6 5.38 1.18 -613 -531 -226 -4.46e+03 -4.25e+03 -2.06e+03 -4.79e+04 -2.87e+04 -1.06e+04 
S matrix
1 0 0 0 0 0 0 0 0 0 0 0 0 
0 0.0372 0.0114 0.00268 -0.0612 -0.0269 -0.00834 -0.00425 -0.00187 -0.000659 -0.244 -0.0843 -0.0224 
0 0.0114 0.00377 0.000918 -0.0158 -0.00693 -0.00215 -0.00112 -0.000498 -0.000175 -0.0637 -0.022 -0.00585 
0 0.00268 0.000918 0.00023 -0.00346 -0.00152 -0.000471 -0.000247 -0.000109 -3.8e-05 -0.014 -0.00484 -0.00129 
0 -0.0612 -0.0158 -0.00346 4.37 2.73 1.03 -0.5 -0.211 -0.066 4.59 2.21 0.67 
0 -0.0269 -0.00693 -0.00152 2.73 2.01 0.866 -0.219 -0.0855 -0.026 3.71 1.86 0.58 
0 -0.00834 -0.00215 -0.000471 1.03 0.866 0.427 -0.0681 -0.0261 -0.00792 1.52 0.781 0.247 
0 -0.00425 -0.00112 -0.000247 -0.5 -0.219 -0.0681 2.67 2.18 0.97 26.5 14.4 4.87 
0 -0.00187 -0.000498 -0.000109 -0.211 -0.0855 -0.0261 2.18 2.24 1.16 21.5 13 4.66 
0 -0.000659 -0.000175 -3.8e-05 -0.066 -0.026 -0.00792 0.97 1.16 0.696 9.47 6.1 2.25 
0 -0.244 -0.0637 -0.014 4.59 3.71 1.52 26.5 21.5 9.47 293 156 52.4 
0 -0.0843 -0.022 -0.00484 2.21 1.86 0.781 14.4 13 6.1 156 89.4 31.5 
0 -0.0224 -0.00585 -0.00129 0.67 0.58 0.247 4.87 4.66 2.25 52.4 31.5 11.6 
H matrix
-919 -0.241 -0.069 -0.017 22.8 15.7 3.41 53.6 51 9.21 532 287 75 
0.0197 -34.1 -10.5 -2.47 56.1 24.6 7.64 3.9 1.71 0.602 224 77.3 20.6 
0.00779 -10.5 -3.46 -0.843 14.5 6.35 1.97 1.03 0.456 0.16 58.4 20.2 5.37 
0.0023 -2.46 -0.843 -0.211 3.17 1.39 0.432 0.227 0.1 0.0347 12.9 4.44 1.18 
-1.53 56.3 14.5 3.18 -4.01e+03 -2.5e+03 -941 459 193 60.4 -4.2e+03 -2.03e+03 -613 
-1 24.7 6.37 1.4 -2.5e+03 -1.84e+03 -792 200 78.2 23.8 -3.39e+03 -1.71e+03 -531 
-0.419 7.66 1.98 0.434 -942 -792 -389 62.4 23.9 7.25 -1.39e+03 -715 -226 
0.592 3.91 1.03 0.227 459 200 62.4 -2.45e+03 -1.99e+03 -886 -2.43e+04 -1.31e+04 -4.45e+03 
0.28 1.72 0.458 0.101 193 78.3 23.9 -1.99e+03 -2.04e+03 -1.06e+03 -1.96e+04 -1.18e+04 -4.25e+03 
0.111 0.605 0.16 0.0349 60.6 23.8 7.25 -887 -1.06e+03 -634 -8.65e+03 -5.56e+03 -2.05e+03 
8.43 224 58.6 12.9 -4.21e+03 -3.4e+03 -1.39e+03 -2.43e+04 -1.96e+04 -8.65e+03 -2.68e+05 -1.42e+05 -4.78e+04 
5.44 77.5 20.2 4.45 -2.03e+03 -1.71e+03 -715 -1.32e+04 -1.19e+04 -5.57e+03 -1.43e+05 -8.15e+04 -2.87e+04 
2.51 20.6 5.38 1.18 -613 -531 -226 -4.46e+03 -4.25e+03 -2.06e+03 -4.79e+04 -2.87e+04 -1.06e+04 
S matrix
1 0 0 0 0 0 0 0 0 0 0 0 0 
0 0.0372 0.0114 0.00268 -0.0612 -0.0269 -0.00834 -0.00425 -0.00187 -0.000659 -0.244 -0.0843 -0.0224 
0 0.0114 0.00377 0.000918 -0.0158 -0.00693 -0.00215 -0.00112 -0.000498 -0.000175 -0.0637 -0.022 -0.00585 
0 0.00268 0.000918 0.00023 -0.00346 -0.00152 -0.000471 -0.000247 -0.000109 -3.8e-05 -0.014 -0.00484 -0.00129 
0 -0.0612 -0.0158 -0.00346 4.37 2.73 1.03 -0.5 -0.211 -0.066 4.59 2.21 0.67 
0 -0.0269 -0.00693 -0.00152 2.73 2.01 0.866 -0.219 -0.0855 -0.026 3.71 1.86 0.58 
0 -0.00834 -0.00215 -0.000471 1.03 0.866 0.427 -0.0681 -0.0261 -0.00792 1.52 0.781 0.247 
0 -0.00425 -0.00112 -0.000247 -0.5 -0.219 -0.0681 2.67 2.18 0.97 26.5 14.4 4.87 
0 -0.00187 -0.000498 -0.000109 -0.211 -0.0855 -0.0261 2.18 2.24 1.16 21.5 13 4.66 
0 -0.000659 -0.000175 -3.8e-05 -0.066 -0.026 -0.00792 0.97 1.16 0.696 9.47 6.1 2.25 
0 -0.244 -0.0637 -0.014 4.59 3.71 1.52 26.5 21.5 9.47 293 156 52.4 
0 -0.0843 -0.022 -0.00484 2.21 1.86 0.781 14.4 13 6.1 156 89.4 31.5 
0 -0.0224 -0.00585 -0.00129 0.67 0.58 0.247 4.87 4.66 2.25 52.4 31.5 11.6 
H matrix
-919 -0.241 -0.069 -0.017 22.8 15.7 3.41 53.6 51 9.21 532 287 75 
0.0197 -34.1 -10.5 -2.47 56.1 24.6 7.64 3.9 1.71 0.602 224 77.3 20.6 
0.00779 -10.5 -3.46 -0.843 14.5 6.35 1.97 1.03 0.456 0.16 58.4 20.2 5.37 
0.0023 -2.46 -0.843 -0.211 3.17 1.39 0.432 0.227 0.1 0.0347 12.9 4.44 1.18 
-1.53 56.3 14.5 3.18 -4.01e+03 -2.5e+03 -941 459 193 60.4 -4.2e+03 -2.03e+03 -613 
-1 24.7 6.37 1.4 -2.5e+03 -1.84e+03 -792 200 78.2 23.8 -3.39e+03 -1.71e+03 -531 
-0.419 7.66 1.98 0.434 -942 -792 -389 62.4 23.9 7.25 -1.39e+03 -715 -226 
0.592 3.91 1.03 0.227 459 200 62.4 -2.45e+03 -1.99e+03 -886 -2.43e+04 -1.31e+04 -4.45e+03 
0.28 1.72 0.458 0.101 193 78.3 23.9 -1.99e+03 -2.04e+03 -1.06e+03 -1.96e+04 -1.18e+04 -4.25e+03 
0.111 0.605 0.16 0.0349 60.6 23.8 7.25 -887 -1.06e+03 -634 -8.65e+03 -5.56e+03 -2.05e+03 
8.43 224 58.6 12.9 -4.21e+03 -3.4e+03 -1.39e+03 -2.43e+04 -1.96e+04 -8.65e+03 -2.68e+05 -1.42e+05 -4.78e+04 
5.44 77.5 20.2 4.45 -2.03e+03 -1.71e+03 -715 -1.32e+04 -1.19e+04 -5.57e+03 -1.43e+05 -8.15e+04 -2.87e+04 
2.51 20.6 5.38 1.18 -613 -531 -226 -4.46e+03 -4.25e+03 -2.06e+03 -4.79e+04 -2.87e+04 -1.06e+04 
S matrix
1 0 0 0 0 0 0 0 0 0 0 0 0 
0 0.0372 0.0114 0.00268 -0.0612 -0.0269 -0.00834 -0.00425 -0.00187 -0.000659 -0.244 -0.0843 -0.0224 
0 0.0114 0.00377 0.000918 -0.0158 -0.00693 -0.00215 -0.00112 -0.000498 -0.000175 -0.0637 -0.022 -0.00585 
0 0.00268 0.000918 0.00023 -0.00346 -0.00152 -0.000471 -0.000247 -0.000109 -3.8e-05 -0.014 -0.00484 -0.00129 
0 -0.0612 -0.0158 -0.00346 4.37 2.73 1.03 -0.5 -0.211 -0.066 4.59 2.21 0.67 
0 -0.0269 -0.00693 -0.00152 2.73 2.01 0.866 -0.219 -0.0855 -0.026 3.71 1.86 0.58 
0 -0.00834 -0.00215 -0.000471 1.03 0.866 0.427 -0.0681 -0.0261 -0.00792 1.52 0.781 0.247 
0 -0.00425 -0.00112 -0.000247 -0.5 -0.219 -0.0681 2.67 2.18 0.97 26.5 14.4 4.87 
0 -0.00187 -0.000498 -0.000109 -0.211 -0.0855 -0.0261 2.18 2.24 1.16 21.5 13 4.66 
0 -0.000659 -0.000175 -3.8e-05 -0.066 -0.026 -0.00792 0.97 1.16 0.696 9.47 6.1 2.25 
0 -0.244 -0.0637 -0.014 4.59 3.71 1.52 26.5 21.5 9.47 293 156 52.4 
0 -0.0843 -0.022 -0.00484 2.21 1.86 0.781 14.4 13 6.1 156 89.4 31.5 
0 -0.0224 -0.00585 -0.00129 0.67 0.58 0.247 4.87 4.66 2.25 52.4 31.5 11.6 
H matrix
-919 -0.241 -0.069 -0.017 22.8 15.7 3.41 53.6 51 9.21 532 287 75 
0.0197 -34.1 -10.5 -2.47 56.1 24.6 7.64 3.9 1.71 0.602 224 77.3 20.6 
0.00779 -10.5 -3.46 -0.843 14.5 6.35 1.97 1.03 0.456 0.16 58.4 20.2 5.37 
0.0023 -2.46 -0.843 -0.211 3.17 1.39 0.432 0.227 0.1 0.0347 12.9 4.44 1.18 
-1.53 56.3 14.5 3.18 -4.01e+03 -2.5e+03 -941 459 193 60.4 -4.2e+03 -2.03e+03 -613 
-1 24.7 6.37 1.4 -2.5e+03 -1.84e+03 -792 200 78.2 23.8 -3.39e+03 -1.71e+03 -531 
-0.419 7.66 1.98 0.434 -942 -792 -389 62.4 23.9 7.25 -1.39e+03 -715 -226 
0.592 3.91 1.03 0.227 459 200 62.4 -2.45e+03 -1.99e+03 -886 -2.43e+04 -1.31e+04 -4.45e+03 
0.28 1.72 0.458 0.101 193 78.3 23.9 -1.99e+03 -2.04e+03 -1.06e+03 -1.96e+04 -1.18e+04 -4.25e+03 
0.111 0.605 0.16 0.0349 60.6 23.8 7.25 -887 -1.06e+03 -634 -8.65e+03 -5.56e+03 -2.05e+03 
8.43 224 58.6 12.9 -4.21e+03 -3.4e+03 -1.39e+03 -2.43e+04 -1.96e+04 -8.65e+03 -2.68e+05 -1.42e+05 -4.78e+04 
5.44 77.5 20.2 4.45 -2.03e+03 -1.71e+03 -715 -1.32e+04 -1.19e+04 -5.57e+03 -1.43e+05 -8.15e+04 -2.87e+04 
2.51 20.6 5.38 1.18 -613 -531 -226 -4.46e+03 -4.25e+03 -2.06e+03 -4.79e+04 -2.87e+04 -1.06e+04 
S matrix
1 0 0 0 0 0 0 0 0 0 0 0 0 
0 0.0372 0.0114 0.00268 -0.0612 -0.0269 -0.00834 -0.00425 -0.00187 -0.000659 -0.244 -0.0843 -0.0224 
0 0.0114 0.00377 0.000918 -0.0158 -0.00693 -0.00215 -0.00112 -0.000498 -0.000175 -0.0637 -0.022 -0.00585 
0 0.00268 0.000918 0.00023 -0.00346 -0.00152 -0.000471 -0.000247 -0.000109 -3.8e-05 -0.014 -0.00484 -0.00129 
0 -0.0612 -0.0158 -0.00346 4.37 2.73 1.03 -0.5 -0.211 -0.066 4.59 2.21 0.67 
0 -0.0269 -0.00693 -0.00152 2.73 2.01 0.866 -0.219 -0.0855 -0.026 3.71 1.86 0.58 
0 -0.00834 -0.00215 -0.000471 1.03 0.866 0.427 -0.0681 -0.0261 -0.00792 1.52 0.781 0.247 
0 -0.00425 -0.00112 -0.000247 -0.5 -0.219 -0.0681 2.67 2.18 0.97 26.5 14.4 4.87 
0 -0.00187 -0.000498 -0.000109 -0.211 -0.0855 -0.0261 2.18 2.24 1.16 21.5 13 4.66 
0 -0.000659 -0.000175 -3.8e-05 -0.066 -0.026 -0.00792 0.97 1.16 0.696 9.47 6.1 2.25 
0 -0.244 -0.0637 -0.014 4.59 3.71 1.52 26.5 21.5 9.47 293 156 52.4 
0 -0.0843 -0.022 -0.00484 2.21 1.86 0.781 14.4 13 6.1 156 89.4 31.5 
0 -0.0224 -0.00585 -0.00129 0.67 0.58 0.247 4.87 4.66 2.25 52.4 31.5 11.6 
H matrix
-919 -0.241 -0.069 -0.017 22.8 15.7 3.41 53.6 51 9.21 532 287 75 
0.0197 -34.1 -10.5 -2.47 56.1 24.6 7.64 3.9 1.71 0.602 224 77.3 20.6 
0.00779 -10.5 -3.46 -0.843 14.5 6.35 1.97 1.03 0.456 0.16 58.4 20.2 5.37 
0.0023 -2.46 -0.843 -0.211 3.17 1.39 0.432 0.227 0.1 0.0347 12.9 4.44 1.18 
-1.53 56.3 14.5 3.18 -4.01e+03 -2.5e+03 -941 459 193 60.4 -4.2e+03 -2.03e+03 -613 
-1 24.7 6.37 1.4 -2.5e+03 -1.84e+03 -792 200 78.2 23.8 -3.39e+03 -1.71e+03 -531 
-0.419 7.66 1.98 0.434 -942 -792 -389 62.4 23.9 7.25 -1.39e+03 -715 -226 
0.592 3.91 1.03 0.227 459 200 62.4 -2.45e+03 -1.99e+03 -886 -2.43e+04 -1.31e+04 -4.45e+03 
0.28 1.72 0.458 0.101 193 78.3 23.9 -1.99e+03 -2.04e+03 -1.06e+03 -1.96e+04 -1.18e+04 -4.25e+03 
0.111 0.605 0.16 0.0349 60.6 23.8 7.25 -887 -1.06e+03 -634 -8.65e+03 -5.56e+03 -2.05e+03 
8.43 224 58.6 12.9 -4.21e+03 -3.4e+03 -1.39e+03 -2.43e+04 -1.96e+04 -8.65e+03 -2.68e+05 -1.42e+05 -4.78e+04 
5.44 77.5 20.2 4.45 -2.03e+03 -1.71e+03 -715 -1.32e+04 -1.19e+04 -5.57e+03 -1.43e+05 -8.15e+04 -2.87e+04 
2.51 20.6 5.38 1.18 -613 -531 -226 -4.46e+03 -4.25e+03 -2.06e+03 -4.79e+04 -2.87e+04 -1.06e+04 
S matrix
1 0 0 0 0 0 0 0 0 0 0 0 0 
0 0.0372 0.0114 0.00268 -0.0612 -0.0269 -0.00834 -0.00425 -0.00187 -0.000659 -0.244 -0.0843 -0.0224 
0 0.0114 0.00377 0.000918 -0.0158 -0.00693 -0.00215 -0.00112 -0.000498 -0.000175 -0.0637 -0.022 -0.00585 
0 0.00268 0.000918 0.00023 -0.00346 -0.00152 -0.000471 -0.000247 -0.000109 -3.8e-05 -0.014 -0.00484 -0.00129 
0 -0.0612 -0.0158 -0.00346 4.37 2.73 1.03 -0.5 -0.211 -0.066 4.59 2.21 0.67 
0 -0.0269 -0.00693 -0.00152 2.73 2.01 0.866 -0.219 -0.0855 -0.026 3.71 1.86 0.58 
0 -0.00834 -0.00215 -0.000471 1.03 0.866 0.427 -0.0681 -0.0261 -0.00792 1.52 0.781 0.247 
0 -0.00425 -0.00112 -0.000247 -0.5 -0.219 -0.0681 2.67 2.18 0.97 26.5 14.4 4.87 
0 -0.00187 -0.000498 -0.000109 -0.211 -0.0855 -0.0261 2.18 2.24 1.16 21.5 13 4.66 
0 -0.000659 -0.000175 -3.8e-05 -0.066 -0.026 -0.00792 0.97 1.16 0.696 9.47 6.1 2.25 
0 -0.244 -0.0637 -0.014 4.59 3.71 1.52 26.5 21.5 9.47 293 156 52.4 
0 -0.0843 -0.022 -0.00484 2.21 1.86 0.781 14.4 13 6.1 156 89.4 31.5 
0 -0.0224 -0.00585 -0.00129 0.67 0.58 0.247 4.87 4.66 2.25 52.4 31.5 11.6 
H matrix
-919 -0.241 -0.069 -0.017 22.8 15.7 3.41 53.6 51 9.21 532 287 75 
0.0197 -34.1 -10.5 -2.47 56.1 24.6 7.64 3.9 1.71 0.602 224 77.3 20.6 
0.00779 -10.5 -3.46 -0.843 14.5 6.35 1.97 1.03 0.456 0.16 58.4 20.2 5.37 
0.0023 -2.46 -0.843 -0.211 3.17 1.39 0.432 0.227 0.1 0.0347 12.9 4.44 1.18 
-1.53 56.3 14.5 3.18 -4.01e+03 -2.5e+03 -941 459 193 60.4 -4.2e+03 -2.03e+03 -613 
-1 24.7 6.37 1.4 -2.5e+03 -1.84e+03 -792 200 78.2 23.8 -3.39e+03 -1.71e+03 -531 
-0.419 7.66 1.98 0.434 -942 -792 -389 62.4 23.9 7.25 -1.39e+03 -715 -226 
0.592 3.91 1.03 0.227 459 200 62.4 -2.45e+03 -1.99e+03 -886 -2.43e+04 -1.31e+04 -4.45e+03 
0.28 1.72 0.458 0.101 193 78.3 23.9 -1.99e+03 -2.04e+03 -1.06e+03 -1.96e+04 -1.18e+04 -4.25e+03 
0.111 0.605 0.16 0.0349 60.6 23.8 7.25 -887 -1.06e+03 -634 -8.65e+03 -5.56e+03 -2.05e+03 
8.43 224 58.6 12.9 -4.21e+03 -3.4e+03 -1.39e+03 -2.43e+04 -1.96e+04 -8.65e+03 -2.68e+05 -1.42e+05 -4.78e+04 
5.44 77.5 20.2 4.45 -2.03e+03 -1.71e+03 -715 -1.32e+04 -1.19e+04 -5.57e+03 -1.43e+05 -8.15e+04 -2.87e+04 
2.51 20.6 5.38 1.18 -613 -531 -226 -4.46e+03 -4.25e+03 -2.06e+03 -4.79e+04 -2.87e+04 -1.06e+04 
S matrix
1 0 0 0 0 0 0 0 0 0 0 0 0 
0 0.0372 0.0114 0.00268 -0.0612 -0.0269 -0.00834 -0.00425 -0.00187 -0.000659 -0.244 -0.0843 -0.0224 
0 0.0114 0.00377 0.000918 -0.0158 -0.00693 -0.00215 -0.00112 -0.000498 -0.000175 -0.0637 -0.022 -0.00585 
0 0.00268 0.000918 0.00023 -0.00346 -0.00152 -0.000471 -0.000247 -0.000109 -3.8e-05 -0.014 -0.00484 -0.00129 
0 -0.0612 -0.0158 -0.00346 4.37 2.73 1.03 -0.5 -0.211 -0.066 4.59 2.21 0.67 
0 -0.0269 -0.00693 -0.00152 2.73 2.01 0.866 -0.219 -0.0855 -0.026 3.71 1.86 0.58 
0 -0.00834 -0.00215 -0.000471 1.03 0.866 0.427 -0.0681 -0.0261 -0.00792 1.52 0.781 0.247 
0 -0.00425 -0.00112 -0.000247 -0.5 -0.219 -0.0681 2.67 2.18 0.97 26.5 14.4 4.87 
0 -0.00187 -0.000498 -0.000109 -0.211 -0.0855 -0.0261 2.18 2.24 1.16 21.5 13 4.66 
0 -0.000659 -0.000175 -3.8e-05 -0.066 -0.026 -0.00792 0.97 1.16 0.696 9.47 6.1 2.25 
0 -0.244 -0.0637 -0.014 4.59 3.71 1.52 26.5 21.5 9.47 293 156 52.4 
0 -0.0843 -0.022 -0.00484 2.21 1.86 0.781 14.4 13 6.1 156 89.4 31.5 
0 -0.0224 -0.00585 -0.00129 0.67 0.58 0.247 4.87 4.66 2.25 52.4 31.5 11.6 
H matrix
-919 -0.241 -0.069 -0.017 22.8 15.7 3.41 53.6 51 9.21 532 287 75 
0.0197 -34.1 -10.5 -2.47 56.1 24.6 7.64 3.9 1.71 0.602 224 77.3 20.6 
0.00779 -10.5 -3.46 -0.843 14.5 6.35 1.97 1.03 0.456 0.16 58.4 20.2 5.37 
0.0023 -2.46 -0.843 -0.211 3.17 1.39 0.432 0.227 0.1 0.0347 12.9 4.44 1.18 
-1.53 56.3 14.5 3.18 -4.01e+03 -2.5e+03 -941 459 193 60.4 -4.2e+03 -2.03e+03 -613 
-1 24.7 6.37 1.4 -2.5e+03 -1.84e+03 -792 200 78.2 23.8 -3.39e+03 -1.71e+03 -531 
-0.419 7.66 1.98 0.434 -942 -792 -389 62.4 23.9 7.25 -1.39e+03 -715 -226 
0.592 3.91 1.03 0.227 459 200 62.4 -2.45e+03 -1.99e+03 -886 -2.43e+04 -1.31e+04 -4.45e+03 
0.28 1.72 0.458 0.101 193 78.3 23.9 -1.99e+03 -2.04e+03 -1.06e+03 -1.96e+04 -1.18e+04 -4.25e+03 
0.111 0.605 0.16 0.0349 60.6 23.8 7.25 -887 -1.06e+03 -634 -8.65e+03 -5.56e+03 -2.05e+03 
8.43 224 58.6 12.9 -4.21e+03 -3.4e+03 -1.39e+03 -2.43e+04 -1.96e+04 -8.65e+03 -2.68e+05 -1.42e+05 -4.78e+04 
5.44 77.5 20.2 4.45 -2.03e+03 -1.71e+03 -715 -1.32e+04 -1.19e+04 -5.57e+03 -1.43e+05 -8.15e+04 -2.87e+04 
2.51 20.6 5.38 1.18 -613 -531 -226 -4.46e+03 -4.25e+03 -2.06e+03 -4.79e+04 -2.87e+04 -1.06e+04 
S matrix
1 0 0 0 0 0 0 0 0 0 0 0 0 
0 0.0372 0.0114 0.00268 -0.0612 -0.0269 -0.00834 -0.00425 -0.00187 -0.000659 -0.244 -0.0843 -0.0224 
0 0.0114 0.00377 0.000918 -0.0158 -0.00693 -0.00215 -0.00112 -0.000498 -0.000175 -0.0637 -0.022 -0.00585 
0 0.00268 0.000918 0.00023 -0.00346 -0.00152 -0.000471 -0.000247 -0.000109 -3.8e-05 -0.014 -0.00484 -0.00129 
0 -0.0612 -0.0158 -0.00346 4.37 2.73 1.03 -0.5 -0.211 -0.066 4.59 2.21 0.67 
0 -0.0269 -0.00693 -0.00152 2.73 2.01 0.866 -0.219 -0.0855 -0.026 3.71 1.86 0.58 
0 -0.00834 -0.00215 -0.000471 1.03 0.866 0.427 -0.0681 -0.0261 -0.00792 1.52 0.781 0.247 
0 -0.00425 -0.00112 -0.000247 -0.5 -0.219 -0.0681 2.67 2.18 0.97 26.5 14.4 4.87 
0 -0.00187 -0.000498 -0.000109 -0.211 -0.0855 -0.0261 2.18 2.24 1.16 21.5 13 4.66 
0 -0.000659 -0.000175 -3.8e-05 -0.066 -0.026 -0.00792 0.97 1.16 0.696 9.47 6.1 2.25 
0 -0.244 -0.0637 -0.014 4.59 3.71 1.52 26.5 21.5 9.47 293 156 52.4 
0 -0.0843 -0.022 -0.00484 2.21 1.86 0.781 14.4 13 6.1 156 89.4 31.5 
0 -0.0224 -0.00585 -0.00129 0.67 0.58 0.247 4.87 4.66 2.25 52.4 31.5 11.6 
H matrix
-919 -0.241 -0.069 -0.017 22.8 15.7 3.41 53.6 51 9.21 532 287 75 
0.0197 -34.1 -10.5 -2.47 56.1 24.6 7.64 3.9 1.71 0.602 224 77.3 20.6 
0.00779 -10.5 -3.46 -0.843 14.5 6.35 1.97 1.03 0.456 0.16 58.4 20.2 5.37 
0.0023 -2.46 -0.843 -0.211 3.17 1.39 0.432 0.227 0.1 0.0347 12.9 4.44 1.18 
-1.53 56.3 14.5 3.18 -4.01e+03 -2.5e+03 -941 459 193 60.4 -4.2e+03 -2.03e+03 -613 
-1 24.7 6.37 1.4 -2.5e+03 -1.84e+03 -792 200 78.2 23.8 -3.39e+03 -1.71e+03 -531 
-0.419 7.66 1.98 0.434 -942 -792 -389 62.4 23.9 7.25 -1.39e+03 -715 -226 
0.592 3.91 1.03 0.227 459 200 62.4 -2.45e+03 -1.99e+03 -886 -2.43e+04 -1.31e+04 -4.45e+03 
0.28 1.72 0.458 0.101 193 78.3 23.9 -1.99e+03 -2.04e+03 -1.06e+03 -1.96e+04 -1.18e+04 -4.25e+03 
0.111 0.605 0.16 0.0349 60.6 23.8 7.25 -887 -1.06e+03 -634 -8.65e+03 -5.56e+03 -2.05e+03 
8.43 224 58.6 12.9 -4.21e+03 -3.4e+03 -1.39e+03 -2.43e+04 -1.96e+04 -8.65e+03 -2.68e+05 -1.42e+05 -4.78e+04 
5.44 77.5 20.2 4.45 -2.03e+03 -1.71e+03 -715 -1.32e+04 -1.19e+04 -5.57e+03 -1.43e+05 -8.15e+04 -2.87e+04 
2.51 20.6 5.38 1.18 -613 -531 -226 -4.46e+03 -4.25e+03 -2.06e+03 -4.79e+04 -2.87e+04 -1.06e+04 
S matrix
1 0 0 0 0 0 0 0 0 0 0 0 0 
0 0.0372 0.0114 0.00268 -0.0612 -0.0269 -0.00834 -0.00425 -0.00187 -0.000659 -0.244 -0.0843 -0.0224 
0 0.0114 0.00377 0.000918 -0.0158 -0.00693 -0.00215 -0.00112 -0.000498 -0.000175 -0.0637 -0.022 -0.00585 
0 0.00268 0.000918 0.00023 -0.00346 -0.00152 -0.000471 -0.000247 -0.000109 -3.8e-05 -0.014 -0.00484 -0.00129 
0 -0.0612 -0.0158 -0.00346 4.37 2.73 1.03 -0.5 -0.211 -0.066 4.59 2.21 0.67 
0 -0.0269 -0.00693 -0.00152 2.73 2.01 0.866 -0.219 -0.0855 -0.026 3.71 1.86 0.58 
0 -0.00834 -0.00215 -0.000471 1.03 0.866 0.427 -0.0681 -0.0261 -0.00792 1.52 0.781 0.247 
0 -0.00425 -0.00112 -0.000247 -0.5 -0.219 -0.0681 2.67 2.18 0.97 26.5 14.4 4.87 
0 -0.00187 -0.000498 -0.000109 -0.211 -0.0855 -0.0261 2.18 2.24 1.16 21.5 13 4.66 
0 -0.000659 -0.000175 -3.8e-05 -0.066 -0.026 -0.00792 0.97 1.16 0.696 9.47 6.1 2.25 
S matrix
1 0 0 0 0 0 0 0 0 0 0 0 0 
0 0.0372 0.0114 0.00268 -0.0612 -0.0269 -0.00834 -0.00425 -0.00187 -0.000659 -0.244 -0.0843 -0.0224 
0 0.0114 0.00377 0.000918 -0.0158 -0.00693 -0.00215 -0.00112 -0.000498 -0.000175 -0.0637 -0.022 -0.00585 
0 0.00268 0.000918 0.00023 -0.00346 -0.00152 -0.000471 -0.000247 -0.000109 -3.8e-05 -0.014 -0.00484 -0.00129 
0 -0.0612 -0.0158 -0.00346 4.37 2.73 1.03 -0.5 -0.211 -0.066 4.59 2.21 0.67 
0 -0.0269 -0.00693 -0.00152 2.73 2.01 0.866 -0.219 -0.0855 -0.026 3.71 1.86 0.58 
0 -0.00834 -0.00215 -0.000471 1.03 0.866 0.427 -0.0681 -0.0261 -0.00792 1.52 0.781 0.247 
0 -0.00425 -0.00112 -0.000247 -0.5 -0.219 -0.0681 2.67 2.18 0.97 26.5 14.4 4.87 
0 -0.00187 -0.000498 -0.000109 -0.211 -0.0855 -0.0261 2.18 2.24 1.16 21.5 13 4.66 
S matrix
1 0 0 0 0 0 0 0 0 0 0 0 0 
0 0.0372 0.0114 0.00268 -0.0612 -0.0269 -0.00834 -0.00425 -0.00187 -0.000659 -0.244 -0.0843 -0.0224 
0 0.0114 0.00377 0.000918 -0.0158 -0.00693 -0.00215 -0.00112 -0.000498 -0.000175 -0.0637 -0.022 -0.00585 
