--------------------------------------------------------------------------
[[8840,1],1]: A high-performance Open MPI point-to-point messaging module
was unable to find any relevant network interfaces:

Module: OpenFabrics (openib)
  Host: golub052

Another transport will be used instead, although this may result in
lower performance.
--------------------------------------------------------------------------
0: output to qwalk_000_ct.linear.o
cutoff 9.59706
 total centers 271
6: cell volume 1430.02
7: cell volume 1430.02
1: cell volume 1430.02
2: cell volume 1430.02
0: cell volume 1430.02
9: cell volume 1430.02
12: cell volume 1430.02
7: elsu 6.48894
7: alpha 0.770542
1: elsu 6.48894
1: alpha 0.770542
4: cell volume 1430.02
4: elsu 6.48894
4: alpha 0.770542
12: elsu 6.48894
12: alpha 0.770542
3: cell volume 1430.02
3: elsu 6.48894
3: alpha 0.770542
5: cell volume 1430.02
5: elsu 6.48894
5: alpha 0.770542
2: elsu 6.48894
2: alpha 0.770542
6: elsu 6.48894
6: alpha 0.770542
8: cell volume 1430.02
8: elsu 6.48894
8: alpha 0.770542
**Warning** atom 4 is out of the simulation cell.  Putting it inside.
**Warning** atom 5 is out of the simulation cell.  Putting it inside.
**Warning** atom 6 is out of the simulation cell.  Putting it inside.
**Warning** atom 8 is out of the simulation cell.  Putting it inside.
**Warning** atom 10 is out of the simulation cell.  Putting it inside.
**Warning** atom 12 is out of the simulation cell.  Putting it inside.
**Warning** atom 13 is out of the simulation cell.  Putting it inside.
0: elsu 6.48894
0: alpha 0.770542
10: cell volume 1430.02
10: elsu 6.48894
10: alpha 0.770542
11: cell volume 1430.02
11: elsu 6.48894
11: alpha 0.770542
9: elsu 6.48894
9: alpha 0.770542
13: cell volume 1430.02
13: elsu 6.48894
13: alpha 0.770542
14: cell volume 1430.02
14: elsu 6.48894
14: alpha 0.770542
15: cell volume 1430.02
15: elsu 6.48894
15: alpha 0.770542
7: real space ion-ion 0.0258213
7: reciprocal space ion 377.807
10: real space ion-ion 0.0258213
3: real space ion-ion 0.0258213
10: reciprocal space ion 377.807
3: reciprocal space ion 377.807
12: real space ion-ion 0.0258213
Ewald sum using 2491 reciprocal points
0: real space ion-ion 0.0258213
8: real space ion-ion 0.0258213
6: real space ion-ion 0.0258213
0: reciprocal space ion 377.807
12: reciprocal space ion 377.807
8: reciprocal space ion 377.807
6: reciprocal space ion 377.807
1: real space ion-ion 0.0258213
14: real space ion-ion 0.0258213
5: real space ion-ion 0.0258213
9: real space ion-ion 0.0258213
14: reciprocal space ion 377.807
1: reciprocal space ion 377.807
9: reciprocal space ion 377.807
5: reciprocal space ion 377.807
15: real space ion-ion 0.0258213
15: reciprocal space ion 377.807
4: real space ion-ion 0.0258213
2: real space ion-ion 0.0258213
4: reciprocal space ion 377.807
2: reciprocal space ion 377.807
13: real space ion-ion 0.0258213
11: real space ion-ion 0.0258213
13: reciprocal space ion 377.807
11: reciprocal space ion 377.807
Could not open qwalk_000_ct.linear.config. Generating configurations from scratch
[golub052:08627] 15 more processes have sent help message help-mpi-btl-base.txt / btl:no-nics
[golub052:08627] Set MCA parameter "orte_base_help_aggregate" to 0 to see all help / error messages
10: Timestep is 0.45
1: Timestep is 0.45
4: Timestep is 0.45
12: Timestep is 0.45
8: Timestep is 0.45
11: Timestep is 0.45
7: Timestep is 0.45
13: Timestep is 0.45
9: Timestep is 0.45
2: Timestep is 0.45
14: Timestep is 0.45
0: Timestep is 0.45
15: Timestep is 0.45
5: Timestep is 0.45
3: Timestep is 0.45
6: Timestep is 0.45
1: Write took 0 seconds
1: Write took 0 seconds
1: Write took 0 seconds
1: Write took 0 seconds
1: Write took 0 seconds
1: Write took 0 seconds
1: Write took 0 seconds
1: Write took 0 seconds
1: Write took 0 seconds
1: Write took 0 seconds
1: Write took 0 seconds
1: Write took 0 seconds
1: Write took 0 seconds
1: Write took 0 seconds
1: Write took 0 seconds
1: Write took 0 seconds
1: Write took 0 seconds
1: Write took 0 seconds
1: Write took 0 seconds
S matrix
1 0 0 0 0 0 0 0 0 0 0 0 0 
0 0.0319 0.00978 0.00229 -0.0587 -0.0266 -0.00836 -0.00202 -0.000193 0.000106 -0.21 -0.0699 -0.0177 
0 0.00978 0.00321 0.00078 -0.0151 -0.00683 -0.00212 -0.000379 6.47e-05 7.83e-05 -0.053 -0.0172 -0.00423 
0 0.00229 0.00078 0.000194 -0.00332 -0.0015 -0.000465 -6.09e-05 3.12e-05 2.48e-05 -0.0114 -0.00365 -0.000881 
0 -0.0587 -0.0151 -0.00332 4.89 3.11 1.19 -0.664 -0.321 -0.113 4.53 2.22 0.672 
0 -0.0266 -0.00683 -0.0015 3.11 2.31 0.997 -0.289 -0.128 -0.0446 4.13 2.12 0.67 
0 -0.00836 -0.00212 -0.000465 1.19 0.997 0.489 -0.0885 -0.0369 -0.0128 1.77 0.936 0.3 
0 -0.00202 -0.000379 -6.09e-05 -0.664 -0.289 -0.0885 3.63 2.95 1.31 35.2 19.1 6.48 
0 -0.000193 6.47e-05 3.12e-05 -0.321 -0.128 -0.0369 2.95 2.9 1.47 28.5 16.9 6.01 
0 0.000106 7.83e-05 2.48e-05 -0.113 -0.0446 -0.0128 1.31 1.47 0.835 12.6 7.86 2.87 
0 -0.21 -0.053 -0.0114 4.53 4.13 1.77 35.2 28.5 12.6 377 202 68.1 
0 -0.0699 -0.0172 -0.00365 2.22 2.12 0.936 19.1 16.9 7.86 202 115 40.2 
0 -0.0177 -0.00423 -0.000881 0.672 0.67 0.3 6.48 6.01 2.87 68.1 40.2 14.7 
H matrix
1: Write took 0 seconds
-915 -0.214 -0.0601 -0.0147 23.9 16.9 3.77 52.1 48.8 8.62 516 277 74.5 
0.0171 -29.1 -8.94 -2.09 53.6 24.3 7.63 1.85 0.177 -0.0968 192 63.9 16.2 
0.00736 -8.93 -2.93 -0.713 13.8 6.23 1.94 0.346 -0.0582 -0.0712 48.4 15.7 3.87 
0.00214 -2.09 -0.712 -0.177 3.03 1.37 0.425 0.0558 -0.0281 -0.0225 10.4 3.33 0.808 
-0.0342 53.7 13.8 3.04 -4.47e+03 -2.84e+03 -1.08e+03 606 292 103 -4.13e+03 -2.02e+03 -613 
0.0652 24.4 6.25 1.37 -2.84e+03 -2.11e+03 -908 263 117 40.6 -3.76e+03 -1.93e+03 -611 
0.0448 7.65 1.95 0.426 -1.09e+03 -907 -444 80.7 33.7 11.7 -1.61e+03 -852 -273 
-1.89 1.85 0.347 0.0559 606 263 80.7 -3.3e+03 -2.68e+03 -1.2e+03 -3.2e+04 -1.73e+04 -5.88e+03 
-2.02 0.177 -0.0586 -0.0283 293 117 33.7 -2.69e+03 -2.64e+03 -1.33e+03 -2.59e+04 -1.53e+04 -5.46e+03 
-1.06 -0.097 -0.0714 -0.0226 103 40.7 11.7 -1.2e+03 -1.33e+03 -757 -1.14e+04 -7.13e+03 -2.6e+03 
-0.763 193 48.5 10.5 -4.13e+03 -3.76e+03 -1.62e+03 -3.2e+04 -2.59e+04 -1.15e+04 -3.43e+05 -1.83e+05 -6.18e+04 
6.93 64 15.7 3.34 -2.02e+03 -1.93e+03 -852 -1.74e+04 -1.54e+04 -7.14e+03 -1.83e+05 -1.04e+05 -3.65e+04 
7.37 16.2 3.87 0.808 -613 -610 -273 -5.89e+03 -5.46e+03 -2.6e+03 -6.19e+04 -3.65e+04 -1.33e+04 
S matrix
1 0 0 0 0 0 0 0 0 0 0 0 0 
0 0.0319 0.00978 0.00229 -0.0587 -0.0266 -0.00836 -0.00202 -0.000193 0.000106 -0.21 -0.0699 -0.0177 
0 0.00978 0.00321 0.00078 -0.0151 -0.00683 -0.00212 -0.000379 6.47e-05 7.83e-05 -0.053 -0.0172 -0.00423 
0 0.00229 0.00078 0.000194 -0.00332 -0.0015 -0.000465 -6.09e-05 3.12e-05 2.48e-05 -0.0114 -0.00365 -0.000881 
0 -0.0587 -0.0151 -0.00332 4.89 3.11 1.19 -0.664 -0.321 -0.113 4.53 2.22 0.672 
0 -0.0266 -0.00683 -0.0015 3.11 2.31 0.997 -0.289 -0.128 -0.0446 4.13 2.12 0.67 
0 -0.00836 -0.00212 -0.000465 1.19 0.997 0.489 -0.0885 -0.0369 -0.0128 1.77 0.936 0.3 
0 -0.00202 -0.000379 -6.09e-05 -0.664 -0.289 -0.0885 3.63 2.95 1.31 35.2 19.1 6.48 
0 -0.000193 6.47e-05 3.12e-05 -0.321 -0.128 -0.0369 2.95 2.9 1.47 28.5 16.9 6.01 
S matrix
1 0 0 0 0 0 0 0 0 0 0 0 0 
0 0.0319 0.00978 0.00229 -0.0587 -0.0266 -0.00836 -0.00202 -0.000193 0.000106 -0.21 -0.0699 -0.0177 
0 0.00978 0.00321 0.00078 -0.0151 -0.00683 -0.00212 -0.000379 6.47e-05 7.83e-05 -0.053 -0.0172 -0.00423 
0 0.00229 0.00078 0.000194 -0.00332 -0.0015 -0.000465 -6.09e-05 3.12e-05 2.48e-05 -0.0114 -0.00365 -0.000881 
0 -0.0587 -0.0151 -0.00332 4.89 3.11 1.19 -0.664 -0.321 -0.113 4.53 2.22 0.672 
0 0.000106 7.83e-05 2.48e-05 -0.113 -0.0446 -0.0128 1.31 1.47 0.835 12.6 7.86 2.87 
0 -0.21 -0.053 -0.0114 4.53 4.13 1.77 35.2 28.5 12.6 377 202 68.1 
0 -0.0699 -0.0172 -0.00365 2.22 2.12 0.936 19.1 16.9 7.86 202 115 40.2 
0 -0.0177 -0.00423 -0.000881 0.672 0.67 0.3 6.48 6.01 2.87 68.1 40.2 14.7 
0 -0.0266 -0.00683 -0.0015 3.11 2.31 0.997 -0.289 -0.128 -0.0446 4.13 2.12 0.67 
0 -0.00836 -0.00212 -0.000465 1.19 0.997 0.489 -0.0885 -0.0369 -0.0128 1.77 0.936 0.3 
0 -0.00202 -0.000379 -6.09e-05 -0.664 -0.289 -0.0885 3.63 2.95 1.31 35.2 19.1 6.48 
0 -0.000193 6.47e-05 3.12e-05 -0.321 -0.128 -0.0369 2.95 2.9 1.47 28.5 16.9 6.01 
0 0.000106 7.83e-05 2.48e-05 -0.113 -0.0446 -0.0128 1.31 1.47 0.835 12.6 7.86 2.87 
0 -0.21 -0.053 -0.0114 4.53 4.13 1.77 35.2 28.5 12.6 377 202 68.1 
0 -0.0699 -0.0172 -0.00365 2.22 2.12 0.936 19.1 16.9 7.86 202 115 40.2 
0 -0.0177 -0.00423 -0.000881 0.672 0.67 0.3 6.48 6.01 2.87 68.1 40.2 14.7 
H matrix
-915 -0.214 -0.0601 -0.0147 23.9 16.9 3.77 52.1 48.8 8.62 516 277 74.5 
H matrix
-915 -0.214 -0.0601 -0.0147 23.9 16.9 3.77 52.1 48.8 8.62 516 277 74.5 
0.0171 -29.1 -8.94 -2.09 53.6 24.3 7.63 1.85 0.177 -0.0968 192 63.9 16.2 
0.00736 -8.93 -2.93 -0.713 13.8 6.23 1.94 0.346 -0.0582 -0.0712 48.4 15.7 3.87 
0.00214 -2.09 -0.712 -0.177 3.03 1.37 0.425 0.0558 -0.0281 -0.0225 10.4 3.33 0.808 
-0.0342 53.7 13.8 3.04 -4.47e+03 -2.84e+03 -1.08e+03 606 292 103 -4.13e+03 -2.02e+03 -613 
0.0652 24.4 6.25 1.37 -2.84e+03 -2.11e+03 -908 263 117 40.6 -3.76e+03 -1.93e+03 -611 
0.0448 7.65 1.95 0.426 -1.09e+03 -907 -444 80.7 33.7 11.7 -1.61e+03 -852 -273 
-1.89 1.85 0.347 0.0559 606 263 80.7 -3.3e+03 -2.68e+03 -1.2e+03 -3.2e+04 -1.73e+04 -5.88e+03 
-2.02 0.177 -0.0586 -0.0283 293 117 33.7 -2.69e+03 -2.64e+03 -1.33e+03 -2.59e+04 -1.53e+04 -5.46e+03 
0.0171 -29.1 -8.94 -2.09 53.6 24.3 7.63 1.85 0.177 -0.0968 192 63.9 16.2 
0.00736 -8.93 -2.93 -0.713 13.8 6.23 1.94 0.346 -0.0582 -0.0712 48.4 15.7 3.87 
0.00214 -2.09 -0.712 -0.177 3.03 1.37 0.425 0.0558 -0.0281 -0.0225 10.4 3.33 0.808 
-0.0342 53.7 13.8 3.04 -4.47e+03 -2.84e+03 -1.08e+03 606 292 103 -4.13e+03 -2.02e+03 -613 
0.0652 24.4 6.25 1.37 -2.84e+03 -2.11e+03 -908 263 117 40.6 -3.76e+03 -1.93e+03 -611 
-1.06 -0.097 -0.0714 -0.0226 103 40.7 11.7 -1.2e+03 -1.33e+03 -757 -1.14e+04 -7.13e+03 -2.6e+03 
-0.763 193 48.5 10.5 -4.13e+03 -3.76e+03 -1.62e+03 -3.2e+04 -2.59e+04 -1.15e+04 -3.43e+05 -1.83e+05 -6.18e+04 
6.93 64 15.7 3.34 -2.02e+03 -1.93e+03 -852 -1.74e+04 -1.54e+04 -7.14e+03 -1.83e+05 -1.04e+05 -3.65e+04 
0.0448 7.65 1.95 0.426 -1.09e+03 -907 -444 80.7 33.7 11.7 -1.61e+03 -852 -273 
-1.89 1.85 0.347 0.0559 606 263 80.7 -3.3e+03 -2.68e+03 -1.2e+03 -3.2e+04 -1.73e+04 -5.88e+03 
-2.02 0.177 -0.0586 -0.0283 293 117 33.7 -2.69e+03 -2.64e+03 -1.33e+03 -2.59e+04 -1.53e+04 -5.46e+03 
-1.06 -0.097 -0.0714 -0.0226 103 40.7 11.7 -1.2e+03 -1.33e+03 -757 -1.14e+04 -7.13e+03 -2.6e+03 
-0.763 193 48.5 10.5 -4.13e+03 -3.76e+03 -1.62e+03 -3.2e+04 -2.59e+04 -1.15e+04 -3.43e+05 -1.83e+05 -6.18e+04 
7.37 16.2 3.87 0.808 -613 -610 -273 -5.89e+03 -5.46e+03 -2.6e+03 -6.19e+04 -3.65e+04 -1.33e+04 
6.93 64 15.7 3.34 -2.02e+03 -1.93e+03 -852 -1.74e+04 -1.54e+04 -7.14e+03 -1.83e+05 -1.04e+05 -3.65e+04 
7.37 16.2 3.87 0.808 -613 -610 -273 -5.89e+03 -5.46e+03 -2.6e+03 -6.19e+04 -3.65e+04 -1.33e+04 
S matrix
1 0 0 0 0 0 0 0 0 0 0 0 0 
0 0.0319 0.00978 0.00229 -0.0587 -0.0266 -0.00836 -0.00202 -0.000193 0.000106 -0.21 -0.0699 -0.0177 
0 0.00978 0.00321 0.00078 -0.0151 -0.00683 -0.00212 -0.000379 6.47e-05 7.83e-05 -0.053 -0.0172 -0.00423 
0 0.00229 0.00078 0.000194 -0.00332 -0.0015 -0.000465 -6.09e-05 3.12e-05 2.48e-05 -0.0114 -0.00365 -0.000881 
0 -0.0587 -0.0151 -0.00332 4.89 3.11 1.19 -0.664 -0.321 -0.113 4.53 2.22 0.672 
0 -0.0266 -0.00683 -0.0015 3.11 2.31 0.997 -0.289 -0.128 -0.0446 4.13 2.12 0.67 
0 -0.00836 -0.00212 -0.000465 1.19 0.997 0.489 -0.0885 -0.0369 -0.0128 1.77 0.936 0.3 
0 -0.00202 -0.000379 -6.09e-05 -0.664 -0.289 -0.0885 3.63 2.95 1.31 35.2 19.1 6.48 
0 -0.000193 6.47e-05 3.12e-05 -0.321 -0.128 -0.0369 2.95 2.9 1.47 28.5 16.9 6.01 
0 0.000106 7.83e-05 2.48e-05 -0.113 -0.0446 -0.0128 1.31 1.47 0.835 12.6 7.86 2.87 
0 -0.21 -0.053 -0.0114 4.53 4.13 1.77 35.2 28.5 12.6 377 202 68.1 
0 -0.0699 -0.0172 -0.00365 2.22 2.12 0.936 19.1 16.9 7.86 202 115 40.2 
0 -0.0177 -0.00423 -0.000881 0.672 0.67 0.3 6.48 6.01 2.87 68.1 40.2 14.7 
H matrix
-915 -0.214 -0.0601 -0.0147 23.9 16.9 3.77 52.1 48.8 8.62 516 277 74.5 
0.0171 -29.1 -8.94 -2.09 53.6 24.3 7.63 1.85 0.177 -0.0968 192 63.9 16.2 
0.00736 -8.93 -2.93 -0.713 13.8 6.23 1.94 0.346 -0.0582 -0.0712 48.4 15.7 3.87 
0.00214 -2.09 -0.712 -0.177 3.03 1.37 0.425 0.0558 -0.0281 -0.0225 10.4 3.33 0.808 
-0.0342 53.7 13.8 3.04 -4.47e+03 -2.84e+03 -1.08e+03 606 292 103 -4.13e+03 -2.02e+03 -613 
0.0652 24.4 6.25 1.37 -2.84e+03 -2.11e+03 -908 263 117 40.6 -3.76e+03 -1.93e+03 -611 
0.0448 7.65 1.95 0.426 -1.09e+03 -907 -444 80.7 33.7 11.7 -1.61e+03 -852 -273 
-1.89 1.85 0.347 0.0559 606 263 80.7 -3.3e+03 -2.68e+03 -1.2e+03 -3.2e+04 -1.73e+04 -5.88e+03 
-2.02 0.177 -0.0586 -0.0283 293 117 33.7 -2.69e+03 -2.64e+03 -1.33e+03 -2.59e+04 -1.53e+04 -5.46e+03 
-1.06 -0.097 -0.0714 -0.0226 103 40.7 11.7 -1.2e+03 -1.33e+03 -757 -1.14e+04 -7.13e+03 -2.6e+03 
-0.763 193 48.5 10.5 -4.13e+03 -3.76e+03 -1.62e+03 -3.2e+04 -2.59e+04 -1.15e+04 -3.43e+05 -1.83e+05 -6.18e+04 
6.93 64 15.7 3.34 -2.02e+03 -1.93e+03 -852 -1.74e+04 -1.54e+04 -7.14e+03 -1.83e+05 -1.04e+05 -3.65e+04 
7.37 16.2 3.87 0.808 -613 -610 -273 -5.89e+03 -5.46e+03 -2.6e+03 -6.19e+04 -3.65e+04 -1.33e+04 
S matrix
1 0 0 0 0 0 0 0 0 0 0 0 0 
0 0.0319 0.00978 0.00229 -0.0587 -0.0266 -0.00836 -0.00202 -0.000193 0.000106 -0.21 -0.0699 -0.0177 
0 0.00978 0.00321 0.00078 -0.0151 -0.00683 -0.00212 -0.000379 6.47e-05 7.83e-05 -0.053 -0.0172 -0.00423 
0 0.00229 0.00078 0.000194 -0.00332 -0.0015 -0.000465 -6.09e-05 3.12e-05 2.48e-05 -0.0114 -0.00365 -0.000881 
0 -0.0587 -0.0151 -0.00332 4.89 3.11 1.19 -0.664 -0.321 -0.113 4.53 2.22 0.672 
0 -0.0266 -0.00683 -0.0015 3.11 2.31 0.997 -0.289 -0.128 -0.0446 4.13 2.12 0.67 
0 -0.00836 -0.00212 -0.000465 1.19 0.997 0.489 -0.0885 -0.0369 -0.0128 1.77 0.936 0.3 
0 -0.00202 -0.000379 -6.09e-05 -0.664 -0.289 -0.0885 3.63 2.95 1.31 35.2 19.1 6.48 
0 -0.000193 6.47e-05 3.12e-05 -0.321 -0.128 -0.0369 2.95 2.9 1.47 28.5 16.9 6.01 
0 0.000106 7.83e-05 2.48e-05 -0.113 -0.0446 -0.0128 1.31 1.47 0.835 12.6 7.86 2.87 
0 -0.21 -0.053 -0.0114 4.53 4.13 1.77 35.2 28.5 12.6 377 202 68.1 
0 -0.0699 -0.0172 -0.00365 2.22 2.12 0.936 19.1 16.9 7.86 202 115 40.2 
0 -0.0177 -0.00423 -0.000881 0.672 0.67 0.3 6.48 6.01 2.87 68.1 40.2 14.7 
H matrix
-915 -0.214 -0.0601 -0.0147 23.9 16.9 3.77 52.1 48.8 8.62 516 277 74.5 
0.0171 -29.1 -8.94 -2.09 53.6 24.3 7.63 1.85 0.177 -0.0968 192 63.9 16.2 
0.00736 -8.93 -2.93 -0.713 13.8 6.23 1.94 0.346 -0.0582 -0.0712 48.4 15.7 3.87 
0.00214 -2.09 -0.712 -0.177 3.03 1.37 0.425 0.0558 -0.0281 -0.0225 10.4 3.33 0.808 
-0.0342 53.7 13.8 3.04 -4.47e+03 -2.84e+03 -1.08e+03 606 292 103 -4.13e+03 -2.02e+03 -613 
0.0652 24.4 6.25 1.37 -2.84e+03 -2.11e+03 -908 263 117 40.6 -3.76e+03 -1.93e+03 -611 
0.0448 7.65 1.95 0.426 -1.09e+03 -907 -444 80.7 33.7 11.7 -1.61e+03 -852 -273 
-1.89 1.85 0.347 0.0559 606 263 80.7 -3.3e+03 -2.68e+03 -1.2e+03 -3.2e+04 -1.73e+04 -5.88e+03 
-2.02 0.177 -0.0586 -0.0283 293 117 33.7 -2.69e+03 -2.64e+03 -1.33e+03 -2.59e+04 -1.53e+04 -5.46e+03 
-1.06 -0.097 -0.0714 -0.0226 103 40.7 11.7 -1.2e+03 -1.33e+03 -757 -1.14e+04 -7.13e+03 -2.6e+03 
-0.763 193 48.5 10.5 -4.13e+03 -3.76e+03 -1.62e+03 -3.2e+04 -2.59e+04 -1.15e+04 -3.43e+05 -1.83e+05 -6.18e+04 
6.93 64 15.7 3.34 -2.02e+03 -1.93e+03 -852 -1.74e+04 -1.54e+04 -7.14e+03 -1.83e+05 -1.04e+05 -3.65e+04 
7.37 16.2 3.87 0.808 -613 -610 -273 -5.89e+03 -5.46e+03 -2.6e+03 -6.19e+04 -3.65e+04 -1.33e+04 
proportions significant
S0 1
S 0.08333333333
H0 1
enderiv 1
H 0.08333333333
energy derivative -0.231549645 +/- 0.0002826320764
energy derivative -0.0674243113 +/- 6.732843575e-05
energy derivative -0.01685833024 +/- 3.061325606e-05
energy derivative 23.95119258 +/- 0.01100300838
energy derivative 16.86196014 +/- 0.0196204922
energy derivative 3.721203845 +/- 0.01987249037
energy derivative 53.95988257 +/- 0.01081776129
energy derivative 50.85447993 +/- 0.03010106662
energy derivative 9.68733214 +/- 0.02864642501
energy derivative 516.78314 +/- 0.1905020257
energy derivative 270.4417809 +/- 0.1874193941
energy derivative 67.16482229 +/- 0.1723471617
S matrix
1 0 0 0 0 0 0 0 0 0 0 0 0 
0 0.0319 0.00978 0.00229 -0.0587 -0.0266 -0.00836 -0.00202 -0.000193 0.000106 -0.21 -0.0699 -0.0177 
0 0.00978 0.00321 0.00078 -0.0151 -0.00683 -0.00212 -0.000379 6.47e-05 7.83e-05 -0.053 -0.0172 -0.00423 
0 0.00229 0.00078 0.000194 -0.00332 -0.0015 -0.000465 -6.09e-05 3.12e-05 2.48e-05 -0.0114 -0.00365 -0.000881 
0 -0.0587 -0.0151 -0.00332 4.89 3.11 1.19 -0.664 -0.321 -0.113 4.53 2.22 0.672 
0 -0.0266 -0.00683 -0.0015 3.11 2.31 0.997 -0.289 -0.128 -0.0446 4.13 2.12 0.67 
0 -0.00836 -0.00212 -0.000465 1.19 0.997 0.489 -0.0885 -0.0369 -0.0128 1.77 0.936 0.3 
0 -0.00202 -0.000379 -6.09e-05 -0.664 -0.289 -0.0885 3.63 2.95 1.31 35.2 19.1 6.48 
0 -0.000193 6.47e-05 3.12e-05 -0.321 -0.128 -0.0369 2.95 2.9 1.47 28.5 16.9 6.01 
0 0.000106 7.83e-05 2.48e-05 -0.113 -0.0446 -0.0128 1.31 1.47 0.835 12.6 7.86 2.87 
0 -0.21 -0.053 -0.0114 4.53 4.13 1.77 35.2 28.5 12.6 377 202 68.1 
0 -0.0699 -0.0172 -0.00365 2.22 2.12 0.936 19.1 16.9 7.86 202 115 40.2 
0 -0.0177 -0.00423 -0.000881 0.672 0.67 0.3 6.48 6.01 2.87 68.1 40.2 14.7 
H matrix
-915 -0.214 -0.0601 -0.0147 23.9 16.9 3.77 52.1 48.8 8.62 516 277 74.5 
0.0171 -29.1 -8.94 -2.09 53.6 24.3 7.63 1.85 0.177 -0.0968 192 63.9 16.2 
0.00736 -8.93 -2.93 -0.713 13.8 6.23 1.94 0.346 -0.0582 -0.0712 48.4 15.7 3.87 
0.00214 -2.09 -0.712 -0.177 3.03 1.37 0.425 0.0558 -0.0281 -0.0225 10.4 3.33 0.808 
-0.0342 53.7 13.8 3.04 -4.47e+03 -2.84e+03 -1.08e+03 606 292 103 -4.13e+03 -2.02e+03 -613 
0.0652 24.4 6.25 1.37 -2.84e+03 -2.11e+03 -908 263 117 40.6 -3.76e+03 -1.93e+03 -611 
0.0448 7.65 1.95 0.426 -1.09e+03 -907 -444 80.7 33.7 11.7 -1.61e+03 -852 -273 
-1.89 1.85 0.347 0.0559 606 263 80.7 -3.3e+03 -2.68e+03 -1.2e+03 -3.2e+04 -1.73e+04 -5.88e+03 
-2.02 0.177 -0.0586 -0.0283 293 117 33.7 -2.69e+03 -2.64e+03 -1.33e+03 -2.59e+04 -1.53e+04 -5.46e+03 
-1.06 -0.097 -0.0714 -0.0226 103 40.7 11.7 -1.2e+03 -1.33e+03 -757 -1.14e+04 -7.13e+03 -2.6e+03 
-0.763 193 48.5 10.5 -4.13e+03 -3.76e+03 -1.62e+03 -3.2e+04 -2.59e+04 -1.15e+04 -3.43e+05 -1.83e+05 -6.18e+04 
6.93 64 15.7 3.34 -2.02e+03 -1.93e+03 -852 -1.74e+04 -1.54e+04 -7.14e+03 -1.83e+05 -1.04e+05 -3.65e+04 
7.37 16.2 3.87 0.808 -613 -610 -273 -5.89e+03 -5.46e+03 -2.6e+03 -6.19e+04 -3.65e+04 -1.33e+04 
S matrix
1 0 0 0 0 0 0 0 0 0 0 0 0 
0 0.0319 0.00978 0.00229 -0.0587 -0.0266 -0.00836 -0.00202 -0.000193 0.000106 -0.21 -0.0699 -0.0177 
0 0.00978 0.00321 0.00078 -0.0151 -0.00683 -0.00212 -0.000379 6.47e-05 7.83e-05 -0.053 -0.0172 -0.00423 
0 0.00229 0.00078 0.000194 -0.00332 -0.0015 -0.000465 -6.09e-05 3.12e-05 2.48e-05 -0.0114 -0.00365 -0.000881 
0 -0.0587 -0.0151 -0.00332 4.89 3.11 1.19 -0.664 -0.321 -0.113 4.53 2.22 0.672 
0 -0.0266 -0.00683 -0.0015 3.11 2.31 0.997 -0.289 -0.128 -0.0446 4.13 2.12 0.67 
0 -0.00836 -0.00212 -0.000465 1.19 0.997 0.489 -0.0885 -0.0369 -0.0128 1.77 0.936 0.3 
0 -0.00202 -0.000379 -6.09e-05 -0.664 -0.289 -0.0885 3.63 2.95 1.31 35.2 19.1 6.48 
0 -0.000193 6.47e-05 3.12e-05 -0.321 -0.128 -0.0369 2.95 2.9 1.47 28.5 16.9 6.01 
0 0.000106 7.83e-05 2.48e-05 -0.113 -0.0446 -0.0128 1.31 1.47 0.835 12.6 7.86 2.87 
0 -0.21 -0.053 -0.0114 4.53 4.13 1.77 35.2 28.5 12.6 377 202 68.1 
0 -0.0699 -0.0172 -0.00365 2.22 2.12 0.936 19.1 16.9 7.86 202 115 40.2 
0 -0.0177 -0.00423 -0.000881 0.672 0.67 0.3 6.48 6.01 2.87 68.1 40.2 14.7 
H matrix
-915 -0.214 -0.0601 -0.0147 23.9 16.9 3.77 52.1 48.8 8.62 516 277 74.5 
0.0171 -29.1 -8.94 -2.09 53.6 24.3 7.63 1.85 0.177 -0.0968 192 63.9 16.2 
0.00736 -8.93 -2.93 -0.713 13.8 6.23 1.94 0.346 -0.0582 -0.0712 48.4 15.7 3.87 
0.00214 -2.09 -0.712 -0.177 3.03 1.37 0.425 0.0558 -0.0281 -0.0225 10.4 3.33 0.808 
-0.0342 53.7 13.8 3.04 -4.47e+03 -2.84e+03 -1.08e+03 606 292 103 -4.13e+03 -2.02e+03 -613 
0.0652 24.4 6.25 1.37 -2.84e+03 -2.11e+03 -908 263 117 40.6 -3.76e+03 -1.93e+03 -611 
0.0448 7.65 1.95 0.426 -1.09e+03 -907 -444 80.7 33.7 11.7 -1.61e+03 -852 -273 
-1.89 1.85 0.347 0.0559 606 263 80.7 -3.3e+03 -2.68e+03 -1.2e+03 -3.2e+04 -1.73e+04 -5.88e+03 
-2.02 0.177 -0.0586 -0.0283 293 117 33.7 -2.69e+03 -2.64e+03 -1.33e+03 -2.59e+04 -1.53e+04 -5.46e+03 
-1.06 -0.097 -0.0714 -0.0226 103 40.7 11.7 -1.2e+03 -1.33e+03 -757 -1.14e+04 -7.13e+03 -2.6e+03 
-0.763 193 48.5 10.5 -4.13e+03 -3.76e+03 -1.62e+03 -3.2e+04 -2.59e+04 -1.15e+04 -3.43e+05 -1.83e+05 -6.18e+04 
6.93 64 15.7 3.34 -2.02e+03 -1.93e+03 -852 -1.74e+04 -1.54e+04 -7.14e+03 -1.83e+05 -1.04e+05 -3.65e+04 
7.37 16.2 3.87 0.808 -613 -610 -273 -5.89e+03 -5.46e+03 -2.6e+03 -6.19e+04 -3.65e+04 -1.33e+04 
S matrix
1 0 0 0 0 0 0 0 0 0 0 0 0 
0 0.0319 0.00978 0.00229 -0.0587 -0.0266 -0.00836 -0.00202 -0.000193 0.000106 -0.21 -0.0699 -0.0177 
0 0.00978 0.00321 0.00078 -0.0151 -0.00683 -0.00212 -0.000379 6.47e-05 7.83e-05 -0.053 -0.0172 -0.00423 
0 0.00229 0.00078 0.000194 -0.00332 -0.0015 -0.000465 -6.09e-05 3.12e-05 2.48e-05 -0.0114 -0.00365 -0.000881 
0 -0.0587 -0.0151 -0.00332 4.89 3.11 1.19 -0.664 -0.321 -0.113 4.53 2.22 0.672 
0 -0.0266 -0.00683 -0.0015 3.11 2.31 0.997 -0.289 -0.128 -0.0446 4.13 2.12 0.67 
0 -0.00836 -0.00212 -0.000465 1.19 0.997 0.489 -0.0885 -0.0369 -0.0128 1.77 0.936 0.3 
0 -0.00202 -0.000379 -6.09e-05 -0.664 -0.289 -0.0885 3.63 2.95 1.31 35.2 19.1 6.48 
0 -0.000193 6.47e-05 3.12e-05 -0.321 -0.128 -0.0369 2.95 2.9 1.47 28.5 16.9 6.01 
0 0.000106 7.83e-05 2.48e-05 -0.113 -0.0446 -0.0128 1.31 1.47 0.835 12.6 7.86 2.87 
0 -0.21 -0.053 -0.0114 4.53 4.13 1.77 35.2 28.5 12.6 377 202 68.1 
0 -0.0699 -0.0172 -0.00365 2.22 2.12 0.936 19.1 16.9 7.86 202 115 40.2 
0 -0.0177 -0.00423 -0.000881 0.672 0.67 0.3 6.48 6.01 2.87 68.1 40.2 14.7 
H matrix
-915 -0.214 -0.0601 -0.0147 23.9 16.9 3.77 52.1 48.8 8.62 516 277 74.5 
0.0171 -29.1 -8.94 -2.09 53.6 24.3 7.63 1.85 0.177 -0.0968 192 63.9 16.2 
0.00736 -8.93 -2.93 -0.713 13.8 6.23 1.94 0.346 -0.0582 -0.0712 48.4 15.7 3.87 
0.00214 -2.09 -0.712 -0.177 3.03 1.37 0.425 0.0558 -0.0281 -0.0225 10.4 3.33 0.808 
-0.0342 53.7 13.8 3.04 -4.47e+03 -2.84e+03 -1.08e+03 606 292 103 -4.13e+03 -2.02e+03 -613 
0.0652 24.4 6.25 1.37 -2.84e+03 -2.11e+03 -908 263 117 40.6 -3.76e+03 -1.93e+03 -611 
0.0448 7.65 1.95 0.426 -1.09e+03 -907 -444 80.7 33.7 11.7 -1.61e+03 -852 -273 
-1.89 1.85 0.347 0.0559 606 263 80.7 -3.3e+03 -2.68e+03 -1.2e+03 -3.2e+04 -1.73e+04 -5.88e+03 
-2.02 0.177 -0.0586 -0.0283 293 117 33.7 -2.69e+03 -2.64e+03 -1.33e+03 -2.59e+04 -1.53e+04 -5.46e+03 
-1.06 -0.097 -0.0714 -0.0226 103 40.7 11.7 -1.2e+03 -1.33e+03 -757 -1.14e+04 -7.13e+03 -2.6e+03 
-0.763 193 48.5 10.5 -4.13e+03 -3.76e+03 -1.62e+03 -3.2e+04 -2.59e+04 -1.15e+04 -3.43e+05 -1.83e+05 -6.18e+04 
6.93 64 15.7 3.34 -2.02e+03 -1.93e+03 -852 -1.74e+04 -1.54e+04 -7.14e+03 -1.83e+05 -1.04e+05 -3.65e+04 
7.37 16.2 3.87 0.808 -613 -610 -273 -5.89e+03 -5.46e+03 -2.6e+03 -6.19e+04 -3.65e+04 -1.33e+04 
S matrix
1 0 0 0 0 0 0 0 0 0 0 0 0 
0 0.0319 0.00978 0.00229 -0.0587 -0.0266 -0.00836 -0.00202 -0.000193 0.000106 -0.21 -0.0699 -0.0177 
0 0.00978 0.00321 0.00078 -0.0151 -0.00683 -0.00212 -0.000379 6.47e-05 7.83e-05 -0.053 -0.0172 -0.00423 
0 0.00229 0.00078 0.000194 -0.00332 -0.0015 -0.000465 -6.09e-05 3.12e-05 2.48e-05 -0.0114 -0.00365 -0.000881 
0 -0.0587 -0.0151 -0.00332 4.89 3.11 1.19 -0.664 -0.321 -0.113 4.53 2.22 0.672 
0 -0.0266 -0.00683 -0.0015 3.11 2.31 0.997 -0.289 -0.128 -0.0446 4.13 2.12 0.67 
0 -0.00836 -0.00212 -0.000465 1.19 0.997 0.489 -0.0885 -0.0369 -0.0128 1.77 0.936 0.3 
0 -0.00202 -0.000379 -6.09e-05 -0.664 -0.289 -0.0885 3.63 2.95 1.31 35.2 19.1 6.48 
0 -0.000193 6.47e-05 3.12e-05 -0.321 -0.128 -0.0369 2.95 2.9 1.47 28.5 16.9 6.01 
0 0.000106 7.83e-05 2.48e-05 -0.113 -0.0446 -0.0128 1.31 1.47 0.835 12.6 7.86 2.87 
0 -0.21 -0.053 -0.0114 4.53 4.13 1.77 35.2 28.5 12.6 377 202 68.1 
0 -0.0699 -0.0172 -0.00365 2.22 2.12 0.936 19.1 16.9 7.86 202 115 40.2 
0 -0.0177 -0.00423 -0.000881 0.672 0.67 0.3 6.48 6.01 2.87 68.1 40.2 14.7 
H matrix
-915 -0.214 -0.0601 -0.0147 23.9 16.9 3.77 52.1 48.8 8.62 516 277 74.5 
0.0171 -29.1 -8.94 -2.09 53.6 24.3 7.63 1.85 0.177 -0.0968 192 63.9 16.2 
0.00736 -8.93 -2.93 -0.713 13.8 6.23 1.94 0.346 -0.0582 -0.0712 48.4 15.7 3.87 
0.00214 -2.09 -0.712 -0.177 3.03 1.37 0.425 0.0558 -0.0281 -0.0225 10.4 3.33 0.808 
-0.0342 53.7 13.8 3.04 -4.47e+03 -2.84e+03 -1.08e+03 606 292 103 -4.13e+03 -2.02e+03 -613 
0.0652 24.4 6.25 1.37 -2.84e+03 -2.11e+03 -908 263 117 40.6 -3.76e+03 -1.93e+03 -611 
0.0448 7.65 1.95 0.426 -1.09e+03 -907 -444 80.7 33.7 11.7 -1.61e+03 -852 -273 
-1.89 1.85 0.347 0.0559 606 263 80.7 -3.3e+03 -2.68e+03 -1.2e+03 -3.2e+04 -1.73e+04 -5.88e+03 
-2.02 0.177 -0.0586 -0.0283 293 117 33.7 -2.69e+03 -2.64e+03 -1.33e+03 -2.59e+04 -1.53e+04 -5.46e+03 
-1.06 -0.097 -0.0714 -0.0226 103 40.7 11.7 -1.2e+03 -1.33e+03 -757 -1.14e+04 -7.13e+03 -2.6e+03 
-0.763 193 48.5 10.5 -4.13e+03 -3.76e+03 -1.62e+03 -3.2e+04 -2.59e+04 -1.15e+04 -3.43e+05 -1.83e+05 -6.18e+04 
6.93 64 15.7 3.34 -2.02e+03 -1.93e+03 -852 -1.74e+04 -1.54e+04 -7.14e+03 -1.83e+05 -1.04e+05 -3.65e+04 
7.37 16.2 3.87 0.808 -613 -610 -273 -5.89e+03 -5.46e+03 -2.6e+03 -6.19e+04 -3.65e+04 -1.33e+04 
S matrix
1 0 0 0 0 0 0 0 0 0 0 0 0 
0 0.0319 0.00978 0.00229 -0.0587 -0.0266 -0.00836 -0.00202 -0.000193 0.000106 -0.21 -0.0699 -0.0177 
0 0.00978 0.00321 0.00078 -0.0151 -0.00683 -0.00212 -0.000379 6.47e-05 7.83e-05 -0.053 -0.0172 -0.00423 
0 0.00229 0.00078 0.000194 -0.00332 -0.0015 -0.000465 -6.09e-05 3.12e-05 2.48e-05 -0.0114 -0.00365 -0.000881 
0 -0.0587 -0.0151 -0.00332 4.89 3.11 1.19 -0.664 -0.321 -0.113 4.53 2.22 0.672 
0 -0.0266 -0.00683 -0.0015 3.11 2.31 0.997 -0.289 -0.128 -0.0446 4.13 2.12 0.67 
0 -0.00836 -0.00212 -0.000465 1.19 0.997 0.489 -0.0885 -0.0369 -0.0128 1.77 0.936 0.3 
0 -0.00202 -0.000379 -6.09e-05 -0.664 -0.289 -0.0885 3.63 2.95 1.31 35.2 19.1 6.48 
0 -0.000193 6.47e-05 3.12e-05 -0.321 -0.128 -0.0369 2.95 2.9 1.47 28.5 16.9 6.01 
0 0.000106 7.83e-05 2.48e-05 -0.113 -0.0446 -0.0128 1.31 1.47 0.835 12.6 7.86 2.87 
0 -0.21 -0.053 -0.0114 4.53 4.13 1.77 35.2 28.5 12.6 377 202 68.1 
0 -0.0699 -0.0172 -0.00365 2.22 2.12 0.936 19.1 16.9 7.86 202 115 40.2 
0 -0.0177 -0.00423 -0.000881 0.672 0.67 0.3 6.48 6.01 2.87 68.1 40.2 14.7 
H matrix
-915 -0.214 -0.0601 -0.0147 23.9 16.9 3.77 52.1 48.8 8.62 516 277 74.5 
0.0171 -29.1 -8.94 -2.09 53.6 24.3 7.63 1.85 0.177 -0.0968 192 63.9 16.2 
0.00736 -8.93 -2.93 -0.713 13.8 6.23 1.94 0.346 -0.0582 -0.0712 48.4 15.7 3.87 
0.00214 -2.09 -0.712 -0.177 3.03 1.37 0.425 0.0558 -0.0281 -0.0225 10.4 3.33 0.808 
-0.0342 53.7 13.8 3.04 -4.47e+03 -2.84e+03 -1.08e+03 606 292 103 -4.13e+03 -2.02e+03 -613 
0.0652 24.4 6.25 1.37 -2.84e+03 -2.11e+03 -908 263 117 40.6 -3.76e+03 -1.93e+03 -611 
0.0448 7.65 1.95 0.426 -1.09e+03 -907 -444 80.7 33.7 11.7 -1.61e+03 -852 -273 
-1.89 1.85 0.347 0.0559 606 263 80.7 -3.3e+03 -2.68e+03 -1.2e+03 -3.2e+04 -1.73e+04 -5.88e+03 
-2.02 0.177 -0.0586 -0.0283 293 117 33.7 -2.69e+03 -2.64e+03 -1.33e+03 -2.59e+04 -1.53e+04 -5.46e+03 
-1.06 -0.097 -0.0714 -0.0226 103 40.7 11.7 -1.2e+03 -1.33e+03 -757 -1.14e+04 -7.13e+03 -2.6e+03 
-0.763 193 48.5 10.5 -4.13e+03 -3.76e+03 -1.62e+03 -3.2e+04 -2.59e+04 -1.15e+04 -3.43e+05 -1.83e+05 -6.18e+04 
6.93 64 15.7 3.34 -2.02e+03 -1.93e+03 -852 -1.74e+04 -1.54e+04 -7.14e+03 -1.83e+05 -1.04e+05 -3.65e+04 
7.37 16.2 3.87 0.808 -613 -610 -273 -5.89e+03 -5.46e+03 -2.6e+03 -6.19e+04 -3.65e+04 -1.33e+04 
S matrix
1 0 0 0 0 0 0 0 0 0 0 0 0 
0 0.0319 0.00978 0.00229 -0.0587 -0.0266 -0.00836 -0.00202 -0.000193 0.000106 -0.21 -0.0699 -0.0177 
0 0.00978 0.00321 0.00078 -0.0151 -0.00683 -0.00212 -0.000379 6.47e-05 7.83e-05 -0.053 -0.0172 -0.00423 
0 0.00229 0.00078 0.000194 -0.00332 -0.0015 -0.000465 -6.09e-05 3.12e-05 2.48e-05 -0.0114 -0.00365 -0.000881 
0 -0.0587 -0.0151 -0.00332 4.89 3.11 1.19 -0.664 -0.321 -0.113 4.53 2.22 0.672 
S matrix
1 0 0 0 0 0 0 0 0 0 0 0 0 
0 0.0319 0.00978 0.00229 -0.0587 -0.0266 -0.00836 -0.00202 -0.000193 0.000106 -0.21 -0.0699 -0.0177 
0 0.00978 0.00321 0.00078 -0.0151 -0.00683 -0.00212 -0.000379 6.47e-05 7.83e-05 -0.053 -0.0172 -0.00423 
0 0.00229 0.00078 0.000194 -0.00332 -0.0015 -0.000465 -6.09e-05 3.12e-05 2.48e-05 -0.0114 -0.00365 -0.000881 
0 -0.0587 -0.0151 -0.00332 4.89 3.11 1.19 -0.664 -0.321 -0.113 4.53 2.22 0.672 
0 -0.0266 -0.00683 -0.0015 3.11 2.31 0.997 -0.289 -0.128 -0.0446 4.13 2.12 0.67 
0 -0.00836 -0.00212 -0.000465 1.19 0.997 0.489 -0.0885 -0.0369 -0.0128 1.77 0.936 0.3 
0 -0.00202 -0.000379 -6.09e-05 -0.664 -0.289 -0.0885 3.63 2.95 1.31 35.2 19.1 6.48 
0 -0.000193 6.47e-05 3.12e-05 -0.321 -0.128 -0.0369 2.95 2.9 1.47 28.5 16.9 6.01 
0 0.000106 7.83e-05 2.48e-05 -0.113 -0.0446 -0.0128 1.31 1.47 0.835 12.6 7.86 2.87 
0 -0.21 -0.053 -0.0114 4.53 4.13 1.77 35.2 28.5 12.6 377 202 68.1 
0 -0.0699 -0.0172 -0.00365 2.22 2.12 0.936 19.1 16.9 7.86 202 115 40.2 
0 -0.0177 -0.00423 -0.000881 0.672 0.67 0.3 6.48 6.01 2.87 68.1 40.2 14.7 
H matrix
-915 -0.214 -0.0601 -0.0147 23.9 16.9 3.77 52.1 48.8 8.62 516 277 74.5 
S matrix
1 0 0 0 0 0 0 0 0 0 0 0 0 
0 0.0319 0.00978 0.00229 -0.0587 -0.0266 -0.00836 -0.00202 -0.000193 0.000106 -0.21 -0.0699 -0.0177 
0 0.00978 0.00321 0.00078 -0.0151 -0.00683 -0.00212 -0.000379 6.47e-05 7.83e-05 -0.053 -0.0172 -0.00423 
0 0.00229 0.00078 0.000194 -0.00332 -0.0015 -0.000465 -6.09e-05 3.12e-05 2.48e-05 -0.0114 -0.00365 -0.000881 
0 -0.0587 -0.0151 -0.00332 4.89 3.11 1.19 -0.664 -0.321 -0.113 4.53 2.22 0.672 
0 -0.0266 -0.00683 -0.0015 3.11 2.31 0.997 -0.289 -0.128 -0.0446 4.13 2.12 0.67 
0 -0.00836 -0.00212 -0.000465 1.19 0.997 0.489 -0.0885 -0.0369 -0.0128 1.77 0.936 0.3 
0 -0.00202 -0.000379 -6.09e-05 -0.664 -0.289 -0.0885 3.63 2.95 1.31 35.2 19.1 6.48 
0 -0.000193 6.47e-05 3.12e-05 -0.321 -0.128 -0.0369 2.95 2.9 1.47 28.5 16.9 6.01 
0 0.000106 7.83e-05 2.48e-05 -0.113 -0.0446 -0.0128 1.31 1.47 0.835 12.6 7.86 2.87 
0 -0.21 -0.053 -0.0114 4.53 4.13 1.77 35.2 28.5 12.6 377 202 68.1 
0 -0.0699 -0.0172 -0.00365 2.22 2.12 0.936 19.1 16.9 7.86 202 115 40.2 
0 -0.0177 -0.00423 -0.000881 0.672 0.67 0.3 6.48 6.01 2.87 68.1 40.2 14.7 
H matrix
-915 -0.214 -0.0601 -0.0147 23.9 16.9 3.77 52.1 48.8 8.62 516 277 74.5 
0.0171 -29.1 -8.94 -2.09 53.6 24.3 7.63 1.85 0.177 -0.0968 192 63.9 16.2 
0.00736 -8.93 -2.93 -0.713 13.8 6.23 1.94 0.346 -0.0582 -0.0712 48.4 15.7 3.87 
0.00214 -2.09 -0.712 -0.177 3.03 1.37 0.425 0.0558 -0.0281 -0.0225 10.4 3.33 0.808 
S matrix
1 0 0 0 0 0 0 0 0 0 0 0 0 
0 0.0319 0.00978 0.00229 -0.0587 -0.0266 -0.00836 -0.00202 -0.000193 0.000106 -0.21 -0.0699 -0.0177 
0 0.00978 0.00321 0.00078 -0.0151 -0.00683 -0.00212 -0.000379 6.47e-05 7.83e-05 -0.053 -0.0172 -0.00423 
0 0.00229 0.00078 0.000194 -0.00332 -0.0015 -0.000465 -6.09e-05 3.12e-05 2.48e-05 -0.0114 -0.00365 -0.000881 
0 -0.0587 -0.0151 -0.00332 4.89 3.11 1.19 -0.664 -0.321 -0.113 4.53 2.22 0.672 
0 -0.0266 -0.00683 -0.0015 3.11 2.31 0.997 -0.289 -0.128 -0.0446 4.13 2.12 0.67 
0 -0.00836 -0.00212 -0.000465 1.19 0.997 0.489 -0.0885 -0.0369 -0.0128 1.77 0.936 0.3 
S matrix
1 0 0 0 0 0 0 0 0 0 0 0 0 
0 0.0319 0.00978 0.00229 -0.0587 -0.0266 -0.00836 -0.00202 -0.000193 0.000106 -0.21 -0.0699 -0.0177 
0 0.00978 0.00321 0.00078 -0.0151 -0.00683 -0.00212 -0.000379 6.47e-05 7.83e-05 -0.053 -0.0172 -0.00423 
0 0.00229 0.00078 0.000194 -0.00332 -0.0015 -0.000465 -6.09e-05 3.12e-05 2.48e-05 -0.0114 -0.00365 -0.000881 
0 -0.0587 -0.0151 -0.00332 4.89 3.11 1.19 -0.664 -0.321 -0.113 4.53 2.22 0.672 
0 -0.0266 -0.00683 -0.0015 3.11 2.31 0.997 -0.289 -0.128 -0.0446 4.13 2.12 0.67 
0 -0.00836 -0.00212 -0.000465 1.19 0.997 0.489 -0.0885 -0.0369 -0.0128 1.77 0.936 0.3 
0 -0.00202 -0.000379 -6.09e-05 -0.664 -0.289 -0.0885 3.63 2.95 1.31 35.2 19.1 6.48 
0 -0.000193 6.47e-05 3.12e-05 -0.321 -0.128 -0.0369 2.95 2.9 1.47 28.5 16.9 6.01 
0 0.000106 7.83e-05 2.48e-05 -0.113 -0.0446 -0.0128 1.31 1.47 0.835 12.6 7.86 2.87 
0 -0.21 -0.053 -0.0114 4.53 4.13 1.77 35.2 28.5 12.6 377 202 68.1 
0 -0.0699 -0.0172 -0.00365 2.22 2.12 0.936 19.1 16.9 7.86 202 115 40.2 
0 -0.0177 -0.00423 -0.000881 0.672 0.67 0.3 6.48 6.01 2.87 68.1 40.2 14.7 
H matrix
-915 -0.214 -0.0601 -0.0147 23.9 16.9 3.77 52.1 48.8 8.62 516 277 74.5 
0.0171 -29.1 -8.94 -2.09 53.6 24.3 7.63 1.85 0.177 -0.0968 192 63.9 16.2 
0.00736 -8.93 -2.93 -0.713 13.8 6.23 1.94 0.346 -0.0582 -0.0712 48.4 15.7 3.87 
0.00214 -2.09 -0.712 -0.177 3.03 1.37 0.425 0.0558 -0.0281 -0.0225 10.4 3.33 0.808 
-0.0342 53.7 13.8 3.04 -4.47e+03 -2.84e+03 -1.08e+03 606 292 103 -4.13e+03 -2.02e+03 -613 
0.0171 -29.1 -8.94 -2.09 53.6 24.3 7.63 1.85 0.177 -0.0968 192 63.9 16.2 
0.00736 -8.93 -2.93 -0.713 13.8 6.23 1.94 0.346 -0.0582 -0.0712 48.4 15.7 3.87 
0.00214 -2.09 -0.712 -0.177 3.03 1.37 0.425 0.0558 -0.0281 -0.0225 10.4 3.33 0.808 
-0.0342 53.7 13.8 3.04 -4.47e+03 -2.84e+03 -1.08e+03 606 292 103 -4.13e+03 -2.02e+03 -613 
0.0652 24.4 6.25 1.37 -2.84e+03 -2.11e+03 -908 263 117 40.6 -3.76e+03 -1.93e+03 -611 
0.0448 7.65 1.95 0.426 -1.09e+03 -907 -444 80.7 33.7 11.7 -1.61e+03 -852 -273 
-1.89 1.85 0.347 0.0559 606 263 80.7 -3.3e+03 -2.68e+03 -1.2e+03 -3.2e+04 -1.73e+04 -5.88e+03 
-2.02 0.177 -0.0586 -0.0283 293 117 33.7 -2.69e+03 -2.64e+03 -1.33e+03 -2.59e+04 -1.53e+04 -5.46e+03 
-1.06 -0.097 -0.0714 -0.0226 103 40.7 11.7 -1.2e+03 -1.33e+03 -757 -1.14e+04 -7.13e+03 -2.6e+03 
0 -0.0266 -0.00683 -0.0015 3.11 2.31 0.997 -0.289 -0.128 -0.0446 4.13 2.12 0.67 
0 -0.00836 -0.00212 -0.000465 1.19 0.997 0.489 -0.0885 -0.0369 -0.0128 1.77 0.936 0.3 
0 -0.00202 -0.000379 -6.09e-05 -0.664 -0.289 -0.0885 3.63 2.95 1.31 35.2 19.1 6.48 
0 -0.000193 6.47e-05 3.12e-05 -0.321 -0.128 -0.0369 2.95 2.9 1.47 28.5 16.9 6.01 
0 0.000106 7.83e-05 2.48e-05 -0.113 -0.0446 -0.0128 1.31 1.47 0.835 12.6 7.86 2.87 
0 -0.21 -0.053 -0.0114 4.53 4.13 1.77 35.2 28.5 12.6 377 202 68.1 
0 -0.0699 -0.0172 -0.00365 2.22 2.12 0.936 19.1 16.9 7.86 202 115 40.2 
0 -0.0177 -0.00423 -0.000881 0.672 0.67 0.3 6.48 6.01 2.87 68.1 40.2 14.7 
H matrix
-915 -0.214 -0.0601 -0.0147 23.9 16.9 3.77 52.1 48.8 8.62 516 277 74.5 
-0.0342 53.7 13.8 3.04 -4.47e+03 -2.84e+03 -1.08e+03 606 292 103 -4.13e+03 -2.02e+03 -613 
0.0652 24.4 6.25 1.37 -2.84e+03 -2.11e+03 -908 263 117 40.6 -3.76e+03 -1.93e+03 -611 
0.0448 7.65 1.95 0.426 -1.09e+03 -907 -444 80.7 33.7 11.7 -1.61e+03 -852 -273 
-1.89 1.85 0.347 0.0559 606 263 80.7 -3.3e+03 -2.68e+03 -1.2e+03 -3.2e+04 -1.73e+04 -5.88e+03 
-2.02 0.177 -0.0586 -0.0283 293 117 33.7 -2.69e+03 -2.64e+03 -1.33e+03 -2.59e+04 -1.53e+04 -5.46e+03 
-1.06 -0.097 -0.0714 -0.0226 103 40.7 11.7 -1.2e+03 -1.33e+03 -757 -1.14e+04 -7.13e+03 -2.6e+03 
-0.763 193 48.5 10.5 -4.13e+03 -3.76e+03 -1.62e+03 -3.2e+04 -2.59e+04 -1.15e+04 -3.43e+05 -1.83e+05 -6.18e+04 
6.93 64 15.7 3.34 -2.02e+03 -1.93e+03 -852 -1.74e+04 -1.54e+04 -7.14e+03 -1.83e+05 -1.04e+05 -3.65e+04 
0 -0.00202 -0.000379 -6.09e-05 -0.664 -0.289 -0.0885 3.63 2.95 1.31 35.2 19.1 6.48 
0 -0.000193 6.47e-05 3.12e-05 -0.321 -0.128 -0.0369 2.95 2.9 1.47 28.5 16.9 6.01 
0 0.000106 7.83e-05 2.48e-05 -0.113 -0.0446 -0.0128 1.31 1.47 0.835 12.6 7.86 2.87 
0 -0.21 -0.053 -0.0114 4.53 4.13 1.77 35.2 28.5 12.6 377 202 68.1 
0 -0.0699 -0.0172 -0.00365 2.22 2.12 0.936 19.1 16.9 7.86 202 115 40.2 
0 -0.0177 -0.00423 -0.000881 0.672 0.67 0.3 6.48 6.01 2.87 68.1 40.2 14.7 
H matrix
-915 -0.214 -0.0601 -0.0147 23.9 16.9 3.77 52.1 48.8 8.62 516 277 74.5 
0.0171 -29.1 -8.94 -2.09 53.6 24.3 7.63 1.85 0.177 -0.0968 192 63.9 16.2 
0.00736 -8.93 -2.93 -0.713 13.8 6.23 1.94 0.346 -0.0582 -0.0712 48.4 15.7 3.87 
0.0652 24.4 6.25 1.37 -2.84e+03 -2.11e+03 -908 263 117 40.6 -3.76e+03 -1.93e+03 -611 
0.0448 7.65 1.95 0.426 -1.09e+03 -907 -444 80.7 33.7 11.7 -1.61e+03 -852 -273 
-1.89 1.85 0.347 0.0559 606 263 80.7 -3.3e+03 -2.68e+03 -1.2e+03 -3.2e+04 -1.73e+04 -5.88e+03 
-2.02 0.177 -0.0586 -0.0283 293 117 33.7 -2.69e+03 -2.64e+03 -1.33e+03 -2.59e+04 -1.53e+04 -5.46e+03 
-1.06 -0.097 -0.0714 -0.0226 103 40.7 11.7 -1.2e+03 -1.33e+03 -757 -1.14e+04 -7.13e+03 -2.6e+03 
-0.763 193 48.5 10.5 -4.13e+03 -3.76e+03 -1.62e+03 -3.2e+04 -2.59e+04 -1.15e+04 -3.43e+05 -1.83e+05 -6.18e+04 
6.93 64 15.7 3.34 -2.02e+03 -1.93e+03 -852 -1.74e+04 -1.54e+04 -7.14e+03 -1.83e+05 -1.04e+05 -3.65e+04 
7.37 16.2 3.87 0.808 -613 -610 -273 -5.89e+03 -5.46e+03 -2.6e+03 -6.19e+04 -3.65e+04 -1.33e+04 
0.0171 -29.1 -8.94 -2.09 53.6 24.3 7.63 1.85 0.177 -0.0968 192 63.9 16.2 
0.00736 -8.93 -2.93 -0.713 13.8 6.23 1.94 0.346 -0.0582 -0.0712 48.4 15.7 3.87 
0.00214 -2.09 -0.712 -0.177 3.03 1.37 0.425 0.0558 -0.0281 -0.0225 10.4 3.33 0.808 
-0.0342 53.7 13.8 3.04 -4.47e+03 -2.84e+03 -1.08e+03 606 292 103 -4.13e+03 -2.02e+03 -613 
0.0652 24.4 6.25 1.37 -2.84e+03 -2.11e+03 -908 263 117 40.6 -3.76e+03 -1.93e+03 -611 
7.37 16.2 3.87 0.808 -613 -610 -273 -5.89e+03 -5.46e+03 -2.6e+03 -6.19e+04 -3.65e+04 -1.33e+04 
0.00214 -2.09 -0.712 -0.177 3.03 1.37 0.425 0.0558 -0.0281 -0.0225 10.4 3.33 0.808 
-0.0342 53.7 13.8 3.04 -4.47e+03 -2.84e+03 -1.08e+03 606 292 103 -4.13e+03 -2.02e+03 -613 
0.0652 24.4 6.25 1.37 -2.84e+03 -2.11e+03 -908 263 117 40.6 -3.76e+03 -1.93e+03 -611 
0.0448 7.65 1.95 0.426 -1.09e+03 -907 -444 80.7 33.7 11.7 -1.61e+03 -852 -273 
-1.89 1.85 0.347 0.0559 606 263 80.7 -3.3e+03 -2.68e+03 -1.2e+03 -3.2e+04 -1.73e+04 -5.88e+03 
-2.02 0.177 -0.0586 -0.0283 293 117 33.7 -2.69e+03 -2.64e+03 -1.33e+03 -2.59e+04 -1.53e+04 -5.46e+03 
-1.06 -0.097 -0.0714 -0.0226 103 40.7 11.7 -1.2e+03 -1.33e+03 -757 -1.14e+04 -7.13e+03 -2.6e+03 
-0.763 193 48.5 10.5 -4.13e+03 -3.76e+03 -1.62e+03 -3.2e+04 -2.59e+04 -1.15e+04 -3.43e+05 -1.83e+05 -6.18e+04 
6.93 64 15.7 3.34 -2.02e+03 -1.93e+03 -852 -1.74e+04 -1.54e+04 -7.14e+03 -1.83e+05 -1.04e+05 -3.65e+04 
7.37 16.2 3.87 0.808 -613 -610 -273 -5.89e+03 -5.46e+03 -2.6e+03 -6.19e+04 -3.65e+04 -1.33e+04 
-0.763 193 48.5 10.5 -4.13e+03 -3.76e+03 -1.62e+03 -3.2e+04 -2.59e+04 -1.15e+04 -3.43e+05 -1.83e+05 -6.18e+04 
6.93 64 15.7 3.34 -2.02e+03 -1.93e+03 -852 -1.74e+04 -1.54e+04 -7.14e+03 -1.83e+05 -1.04e+05 -3.65e+04 
7.37 16.2 3.87 0.808 -613 -610 -273 -5.89e+03 -5.46e+03 -2.6e+03 -6.19e+04 -3.65e+04 -1.33e+04 
0.0448 7.65 1.95 0.426 -1.09e+03 -907 -444 80.7 33.7 11.7 -1.61e+03 -852 -273 
-1.89 1.85 0.347 0.0559 606 263 80.7 -3.3e+03 -2.68e+03 -1.2e+03 -3.2e+04 -1.73e+04 -5.88e+03 
-2.02 0.177 -0.0586 -0.0283 293 117 33.7 -2.69e+03 -2.64e+03 -1.33e+03 -2.59e+04 -1.53e+04 -5.46e+03 
-1.06 -0.097 -0.0714 -0.0226 103 40.7 11.7 -1.2e+03 -1.33e+03 -757 -1.14e+04 -7.13e+03 -2.6e+03 
-0.763 193 48.5 10.5 -4.13e+03 -3.76e+03 -1.62e+03 -3.2e+04 -2.59e+04 -1.15e+04 -3.43e+05 -1.83e+05 -6.18e+04 
6.93 64 15.7 3.34 -2.02e+03 -1.93e+03 -852 -1.74e+04 -1.54e+04 -7.14e+03 -1.83e+05 -1.04e+05 -3.65e+04 
7.37 16.2 3.87 0.808 -613 -610 -273 -5.89e+03 -5.46e+03 -2.6e+03 -6.19e+04 -3.65e+04 -1.33e+04 
S matrix
1 0 0 0 0 0 0 0 0 0 0 0 0 
0 0.0319 0.00978 0.00229 -0.0587 -0.0266 -0.00836 -0.00202 -0.000193 0.000106 -0.21 -0.0699 -0.0177 
0 0.00978 0.00321 0.00078 -0.0151 -0.00683 -0.00212 -0.000379 6.47e-05 7.83e-05 -0.053 -0.0172 -0.00423 
0 0.00229 0.00078 0.000194 -0.00332 -0.0015 -0.000465 -6.09e-05 3.12e-05 2.48e-05 -0.0114 -0.00365 -0.000881 
0 -0.0587 -0.0151 -0.00332 4.89 3.11 1.19 -0.664 -0.321 -0.113 4.53 2.22 0.672 
0 -0.0266 -0.00683 -0.0015 3.11 2.31 0.997 -0.289 -0.128 -0.0446 4.13 2.12 0.67 
0 -0.00836 -0.00212 -0.000465 1.19 0.997 0.489 -0.0885 -0.0369 -0.0128 1.77 0.936 0.3 
0 -0.00202 -0.000379 -6.09e-05 -0.664 -0.289 -0.0885 3.63 2.95 1.31 35.2 19.1 6.48 
0 -0.000193 6.47e-05 3.12e-05 -0.321 -0.128 -0.0369 2.95 2.9 1.47 28.5 16.9 6.01 
0 0.000106 7.83e-05 2.48e-05 -0.113 -0.0446 -0.0128 1.31 1.47 0.835 12.6 7.86 2.87 
0 -0.21 -0.053 -0.0114 4.53 4.13 1.77 35.2 28.5 12.6 377 202 68.1 
0 -0.0699 -0.0172 -0.00365 2.22 2.12 0.936 19.1 16.9 7.86 202 115 40.2 
0 -0.0177 -0.00423 -0.000881 0.672 0.67 0.3 6.48 6.01 2.87 68.1 40.2 14.7 
H matrix
-915 -0.214 -0.0601 -0.0147 23.9 16.9 3.77 52.1 48.8 8.62 516 277 74.5 
0.0171 -29.1 -8.94 -2.09 53.6 24.3 7.63 1.85 0.177 -0.0968 192 63.9 16.2 
0.00736 -8.93 -2.93 -0.713 13.8 6.23 1.94 0.346 -0.0582 -0.0712 48.4 15.7 3.87 
0.00214 -2.09 -0.712 -0.177 3.03 1.37 0.425 0.0558 -0.0281 -0.0225 10.4 3.33 0.808 
-0.0342 53.7 13.8 3.04 -4.47e+03 -2.84e+03 -1.08e+03 606 292 103 -4.13e+03 -2.02e+03 -613 
0.0652 24.4 6.25 1.37 -2.84e+03 -2.11e+03 -908 263 117 40.6 -3.76e+03 -1.93e+03 -611 
