--------------------------------------------------------------------------
[[7363,1],0]: A high-performance Open MPI point-to-point messaging module
was unable to find any relevant network interfaces:

Module: OpenFabrics (openib)
  Host: golub052

Another transport will be used instead, although this may result in
lower performance.
--------------------------------------------------------------------------
0: output to qwalk_000.linear.o
1: cell volume 1430.02
1: elsu 6.48894
1: alpha 0.770542
2: cell volume 1430.02
2: elsu 6.48894
2: alpha 0.770542
3: cell volume 1430.02
3: elsu 6.48894
3: alpha 0.770542
4: cell volume 1430.02
4: elsu 6.48894
4: alpha 0.770542
5: cell volume 1430.02
5: elsu 6.48894
5: alpha 0.770542
6: cell volume 1430.02
6: elsu 6.48894
6: alpha 0.770542
7: cell volume 1430.02
7: elsu 6.48894
7: alpha 0.770542
8: cell volume 1430.02
8: elsu 6.48894
8: alpha 0.770542
9: cell volume 1430.02
9: elsu 6.48894
9: alpha 0.770542
10: cell volume 1430.02
10: elsu 6.48894
10: alpha 0.770542
11: cell volume 1430.02
11: elsu 6.48894
11: alpha 0.770542
12: cell volume 1430.02
12: elsu 6.48894
12: alpha 0.770542
13: cell volume 1430.02
13: elsu 6.48894
13: alpha 0.770542
14: cell volume 1430.02
14: elsu 6.48894
14: alpha 0.770542
15: cell volume 1430.02
15: elsu 6.48894
15: alpha 0.770542
cutoff 9.59706
 total centers 271
0: cell volume 1430.02
**Warning** atom 4 is out of the simulation cell.  Putting it inside.
**Warning** atom 5 is out of the simulation cell.  Putting it inside.
**Warning** atom 6 is out of the simulation cell.  Putting it inside.
**Warning** atom 8 is out of the simulation cell.  Putting it inside.
**Warning** atom 10 is out of the simulation cell.  Putting it inside.
**Warning** atom 12 is out of the simulation cell.  Putting it inside.
**Warning** atom 13 is out of the simulation cell.  Putting it inside.
0: elsu 6.48894
0: alpha 0.770542
13: real space ion-ion 0.0258213
1: real space ion-ion 0.0258213
13: reciprocal space ion 377.807
12: real space ion-ion 0.0258213
1: reciprocal space ion 377.807
12: reciprocal space ion 377.807
10: real space ion-ion 0.0258213
4: real space ion-ion 0.0258213
10: reciprocal space ion 377.807
14: real space ion-ion 0.0258213
3: real space ion-ion 0.0258213
6: real space ion-ion 0.0258213
8: real space ion-ion 0.0258213
4: reciprocal space ion 377.807
14: reciprocal space ion 377.807
6: reciprocal space ion 377.807
8: reciprocal space ion 377.807
3: reciprocal space ion 377.807
11: real space ion-ion 0.0258213
2: real space ion-ion 0.0258213
7: real space ion-ion 0.0258213
9: real space ion-ion 0.0258213
9: reciprocal space ion 377.807
11: reciprocal space ion 377.807
7: reciprocal space ion 377.807
2: reciprocal space ion 377.807
Ewald sum using 2491 reciprocal points
0: real space ion-ion 0.0258213
0: reciprocal space ion 377.807
15: real space ion-ion 0.0258213
15: reciprocal space ion 377.807
5: real space ion-ion 0.0258213
5: reciprocal space ion 377.807
Could not open qwalk_000.linear.config. Generating configurations from scratch
[golub052:08184] 15 more processes have sent help message help-mpi-btl-base.txt / btl:no-nics
[golub052:08184] Set MCA parameter "orte_base_help_aggregate" to 0 to see all help / error messages
6: Timestep is 0.4075
15: Timestep is 0.4075
8: Timestep is 0.4075
7: Timestep is 0.4075
14: Timestep is 0.4075
11: Timestep is 0.4075
12: Timestep is 0.4075
3: Timestep is 0.4075
13: Timestep is 0.4075
2: Timestep is 0.4075
10: Timestep is 0.4075
0: Timestep is 0.4075
5: Timestep is 0.4075
1: Timestep is 0.4075
9: Timestep is 0.4075
4: Timestep is 0.4075
1: Write took 0 seconds
1: Write took 0 seconds
1: Write took 0 seconds
1: Write took 0 seconds
1: Write took 0 seconds
1: Write took 0 seconds
1: Write took 0 seconds
1: Write took 0 seconds
1: Write took 1 seconds
1: Write took 0 seconds
1: Write took 0 seconds
1: Write took 0 seconds
1: Write took 0 seconds
1: Write took 0 seconds
1: Write took 0 seconds
1: Write took 0 seconds
1: Write took 0 seconds
1: Write took 0 seconds
1: Write took 0 seconds
1: Write took 0 seconds
S matrix
1 0 0 0 0 0 0 0 0 0 0 0 0 
0 0.036 0.0111 0.0026 -0.0589 -0.0259 -0.00803 -0.00428 -0.00174 -0.000513 -0.241 -0.0829 -0.0219 
0 0.0111 0.00365 0.00089 -0.0152 -0.00666 -0.00207 -0.0011 -0.000444 -0.000131 -0.0625 -0.0215 -0.00566 
0 0.0026 0.00089 0.000222 -0.00333 -0.00146 -0.000452 -0.000242 -9.75e-05 -2.89e-05 -0.0138 -0.00471 -0.00124 
0 -0.0589 -0.0152 -0.00333 4.33 2.74 1.04 -0.52 -0.223 -0.0707 4.67 2.27 0.691 
0 -0.0259 -0.00666 -0.00146 2.74 2.06 0.898 -0.227 -0.0905 -0.0279 3.87 1.97 0.616 
0 -0.00803 -0.00207 -0.000452 1.04 0.898 0.45 -0.0707 -0.0276 -0.00842 1.61 0.838 0.267 
0 -0.00428 -0.0011 -0.000242 -0.52 -0.227 -0.0707 2.73 2.19 0.969 26.9 14.5 4.88 
0 -0.00174 -0.000444 -9.75e-05 -0.223 -0.0905 -0.0276 2.19 2.23 1.15 21.5 12.9 4.61 
0 -0.000513 -0.000131 -2.89e-05 -0.0707 -0.0279 -0.00842 0.969 1.15 0.69 9.41 6.03 2.22 
0 -0.241 -0.0625 -0.0138 4.67 3.87 1.61 26.9 21.5 9.41 296 156 52.4 
0 -0.0829 -0.0215 -0.00471 2.27 1.97 0.838 14.5 12.9 6.03 156 89.1 31.3 
0 -0.0219 -0.00566 -0.00124 0.691 0.616 0.267 4.88 4.61 2.22 52.4 31.3 11.5 
H matrix
-919 -0.236 -0.0676 -0.0167 23.9 16.8 3.75 53.1 50.4 9 528 283 73.8 
0.0154 -33 -10.2 -2.39 54.1 23.7 7.37 3.93 1.59 0.471 221 76 20.1 
0.00653 -10.2 -3.36 -0.818 13.9 6.11 1.89 1.01 0.407 0.121 57.4 19.7 5.2 
0.00199 -2.39 -0.817 -0.204 3.06 1.34 0.415 0.222 0.0893 0.0266 12.6 4.32 1.14 
-0.407 54.2 14 3.07 -3.97e+03 -2.51e+03 -956 477 204 64.7 -4.27e+03 -2.08e+03 -633 
-0.0633 23.8 6.13 1.34 -2.51e+03 -1.88e+03 -821 208 82.9 25.5 -3.54e+03 -1.8e+03 -564 
0.0534 7.39 1.9 0.416 -957 -821 -411 64.9 25.3 7.7 -1.47e+03 -766 -244 
0.0434 3.94 1.01 0.223 477 208 64.8 -2.5e+03 -2e+03 -885 -2.46e+04 -1.32e+04 -4.46e+03 
-0.0177 1.6 0.408 0.0896 205 83 25.3 -2e+03 -2.03e+03 -1.05e+03 -1.96e+04 -1.18e+04 -4.21e+03 
-0.0147 0.471 0.121 0.0266 64.9 25.5 7.71 -886 -1.05e+03 -628 -8.59e+03 -5.5e+03 -2.03e+03 
4.07 222 57.5 12.7 -4.28e+03 -3.54e+03 -1.47e+03 -2.46e+04 -1.96e+04 -8.6e+03 -2.71e+05 -1.43e+05 -4.78e+04 
3.22 76.2 19.7 4.34 -2.08e+03 -1.8e+03 -767 -1.32e+04 -1.18e+04 -5.51e+03 -1.43e+05 -8.13e+04 -2.85e+04 
1.85 20.2 5.21 1.14 -633 -564 -244 -4.47e+03 -4.21e+03 -2.03e+03 -4.79e+04 -2.85e+04 -1.05e+04 
S matrix
1 0 0 0 0 0 0 0 0 0 0 0 0 
0 0.036 0.0111 0.0026 -0.0589 -0.0259 -0.00803 -0.00428 -0.00174 -0.000513 -0.241 -0.0829 -0.0219 
0 0.0111 0.00365 0.00089 -0.0152 -0.00666 -0.00207 -0.0011 -0.000444 -0.000131 -0.0625 -0.0215 -0.00566 
0 0.0026 0.00089 0.000222 -0.00333 -0.00146 -0.000452 -0.000242 -9.75e-05 -2.89e-05 -0.0138 -0.00471 -0.00124 
0 -0.0589 -0.0152 -0.00333 4.33 2.74 1.04 -0.52 -0.223 -0.0707 4.67 2.27 0.691 
0 -0.0259 -0.00666 -0.00146 2.74 2.06 0.898 -0.227 -0.0905 -0.0279 3.87 1.97 0.616 
0 -0.00803 -0.00207 -0.000452 1.04 0.898 0.45 -0.0707 -0.0276 -0.00842 1.61 0.838 0.267 
0 -0.00428 -0.0011 -0.000242 -0.52 -0.227 -0.0707 2.73 2.19 0.969 26.9 14.5 4.88 
0 -0.00174 -0.000444 -9.75e-05 -0.223 -0.0905 -0.0276 2.19 2.23 1.15 21.5 12.9 4.61 
0 -0.000513 -0.000131 -2.89e-05 -0.0707 -0.0279 -0.00842 0.969 1.15 0.69 9.41 6.03 2.22 
0 -0.241 -0.0625 -0.0138 4.67 3.87 1.61 26.9 21.5 9.41 296 156 52.4 
0 -0.0829 -0.0215 -0.00471 2.27 1.97 0.838 14.5 12.9 6.03 156 89.1 31.3 
0 -0.0219 -0.00566 -0.00124 0.691 0.616 0.267 4.88 4.61 2.22 52.4 31.3 11.5 
H matrix
-919 -0.236 -0.0676 -0.0167 23.9 16.8 3.75 53.1 50.4 9 528 283 73.8 
0.0154 -33 -10.2 -2.39 54.1 23.7 7.37 3.93 1.59 0.471 221 76 20.1 
0.00653 -10.2 -3.36 -0.818 13.9 6.11 1.89 1.01 0.407 0.121 57.4 19.7 5.2 
0.00199 -2.39 -0.817 -0.204 3.06 1.34 0.415 0.222 0.0893 0.0266 12.6 4.32 1.14 
-0.407 54.2 14 3.07 -3.97e+03 -2.51e+03 -956 477 204 64.7 -4.27e+03 -2.08e+03 -633 
-0.0633 23.8 6.13 1.34 -2.51e+03 -1.88e+03 -821 208 82.9 25.5 -3.54e+03 -1.8e+03 -564 
0.0534 7.39 1.9 0.416 -957 -821 -411 64.9 25.3 7.7 -1.47e+03 -766 -244 
0.0434 3.94 1.01 0.223 477 208 64.8 -2.5e+03 -2e+03 -885 -2.46e+04 -1.32e+04 -4.46e+03 
-0.0177 1.6 0.408 0.0896 205 83 25.3 -2e+03 -2.03e+03 -1.05e+03 -1.96e+04 -1.18e+04 -4.21e+03 
-0.0147 0.471 0.121 0.0266 64.9 25.5 7.71 -886 -1.05e+03 -628 -8.59e+03 -5.5e+03 -2.03e+03 
4.07 222 57.5 12.7 -4.28e+03 -3.54e+03 -1.47e+03 -2.46e+04 -1.96e+04 -8.6e+03 -2.71e+05 -1.43e+05 -4.78e+04 
3.22 76.2 19.7 4.34 -2.08e+03 -1.8e+03 -767 -1.32e+04 -1.18e+04 -5.51e+03 -1.43e+05 -8.13e+04 -2.85e+04 
1.85 20.2 5.21 1.14 -633 -564 -244 -4.47e+03 -4.21e+03 -2.03e+03 -4.79e+04 -2.85e+04 -1.05e+04 
S matrix
1 0 0 0 0 0 0 0 0 0 0 0 0 
0 0.036 0.0111 0.0026 -0.0589 -0.0259 -0.00803 -0.00428 -0.00174 -0.000513 -0.241 -0.0829 -0.0219 
0 0.0111 0.00365 0.00089 -0.0152 -0.00666 -0.00207 -0.0011 -0.000444 -0.000131 -0.0625 -0.0215 -0.00566 
0 0.0026 0.00089 0.000222 -0.00333 -0.00146 -0.000452 -0.000242 -9.75e-05 -2.89e-05 -0.0138 -0.00471 -0.00124 
0 -0.0589 -0.0152 -0.00333 4.33 2.74 1.04 -0.52 -0.223 -0.0707 4.67 2.27 0.691 
0 -0.0259 -0.00666 -0.00146 2.74 2.06 0.898 -0.227 -0.0905 -0.0279 3.87 1.97 0.616 
0 -0.00803 -0.00207 -0.000452 1.04 0.898 0.45 -0.0707 -0.0276 -0.00842 1.61 0.838 0.267 
0 -0.00428 -0.0011 -0.000242 -0.52 -0.227 -0.0707 2.73 2.19 0.969 26.9 14.5 4.88 
0 -0.00174 -0.000444 -9.75e-05 -0.223 -0.0905 -0.0276 2.19 2.23 1.15 21.5 12.9 4.61 
0 -0.000513 -0.000131 -2.89e-05 -0.0707 -0.0279 -0.00842 0.969 1.15 0.69 9.41 6.03 2.22 
0 -0.241 -0.0625 -0.0138 4.67 3.87 1.61 26.9 21.5 9.41 296 156 52.4 
0 -0.0829 -0.0215 -0.00471 2.27 1.97 0.838 14.5 12.9 6.03 156 89.1 31.3 
0 -0.0219 -0.00566 -0.00124 0.691 0.616 0.267 4.88 4.61 2.22 52.4 31.3 11.5 
H matrix
-919 -0.236 -0.0676 -0.0167 23.9 16.8 3.75 53.1 50.4 9 528 283 73.8 
0.0154 -33 -10.2 -2.39 54.1 23.7 7.37 3.93 1.59 0.471 221 76 20.1 
0.00653 -10.2 -3.36 -0.818 13.9 6.11 1.89 1.01 0.407 0.121 57.4 19.7 5.2 
0.00199 -2.39 -0.817 -0.204 3.06 1.34 0.415 0.222 0.0893 0.0266 12.6 4.32 1.14 
-0.407 54.2 14 3.07 -3.97e+03 -2.51e+03 -956 477 204 64.7 -4.27e+03 -2.08e+03 -633 
-0.0633 23.8 6.13 1.34 -2.51e+03 -1.88e+03 -821 208 82.9 25.5 -3.54e+03 -1.8e+03 -564 
0.0534 7.39 1.9 0.416 -957 -821 -411 64.9 25.3 7.7 -1.47e+03 -766 -244 
0.0434 3.94 1.01 0.223 477 208 64.8 -2.5e+03 -2e+03 -885 -2.46e+04 -1.32e+04 -4.46e+03 
-0.0177 1.6 0.408 0.0896 205 83 25.3 -2e+03 -2.03e+03 -1.05e+03 -1.96e+04 -1.18e+04 -4.21e+03 
-0.0147 0.471 0.121 0.0266 64.9 25.5 7.71 -886 -1.05e+03 -628 -8.59e+03 -5.5e+03 -2.03e+03 
4.07 222 57.5 12.7 -4.28e+03 -3.54e+03 -1.47e+03 -2.46e+04 -1.96e+04 -8.6e+03 -2.71e+05 -1.43e+05 -4.78e+04 
3.22 76.2 19.7 4.34 -2.08e+03 -1.8e+03 -767 -1.32e+04 -1.18e+04 -5.51e+03 -1.43e+05 -8.13e+04 -2.85e+04 
1.85 20.2 5.21 1.14 -633 -564 -244 -4.47e+03 -4.21e+03 -2.03e+03 -4.79e+04 -2.85e+04 -1.05e+04 
S matrix
1 0 0 0 0 0 0 0 0 0 0 0 0 
0 0.036 0.0111 0.0026 -0.0589 -0.0259 -0.00803 -0.00428 -0.00174 -0.000513 -0.241 -0.0829 -0.0219 
0 0.0111 0.00365 0.00089 -0.0152 -0.00666 -0.00207 -0.0011 -0.000444 -0.000131 -0.0625 -0.0215 -0.00566 
0 0.0026 0.00089 0.000222 -0.00333 -0.00146 -0.000452 -0.000242 -9.75e-05 -2.89e-05 -0.0138 -0.00471 -0.00124 
0 -0.0589 -0.0152 -0.00333 4.33 2.74 1.04 -0.52 -0.223 -0.0707 4.67 2.27 0.691 
0 -0.0259 -0.00666 -0.00146 2.74 2.06 0.898 -0.227 -0.0905 -0.0279 3.87 1.97 0.616 
0 -0.00803 -0.00207 -0.000452 1.04 0.898 0.45 -0.0707 -0.0276 -0.00842 1.61 0.838 0.267 
0 -0.00428 -0.0011 -0.000242 -0.52 -0.227 -0.0707 2.73 2.19 0.969 26.9 14.5 4.88 
0 -0.00174 -0.000444 -9.75e-05 -0.223 -0.0905 -0.0276 2.19 2.23 1.15 21.5 12.9 4.61 
0 -0.000513 -0.000131 -2.89e-05 -0.0707 -0.0279 -0.00842 0.969 1.15 0.69 9.41 6.03 2.22 
0 -0.241 -0.0625 -0.0138 4.67 3.87 1.61 26.9 21.5 9.41 296 156 52.4 
0 -0.0829 -0.0215 -0.00471 2.27 1.97 0.838 14.5 12.9 6.03 156 89.1 31.3 
0 -0.0219 -0.00566 -0.00124 0.691 0.616 0.267 4.88 4.61 2.22 52.4 31.3 11.5 
H matrix
-919 -0.236 -0.0676 -0.0167 23.9 16.8 3.75 53.1 50.4 9 528 283 73.8 
0.0154 -33 -10.2 -2.39 54.1 23.7 7.37 3.93 1.59 0.471 221 76 20.1 
0.00653 -10.2 -3.36 -0.818 13.9 6.11 1.89 1.01 0.407 0.121 57.4 19.7 5.2 
0.00199 -2.39 -0.817 -0.204 3.06 1.34 0.415 0.222 0.0893 0.0266 12.6 4.32 1.14 
-0.407 54.2 14 3.07 -3.97e+03 -2.51e+03 -956 477 204 64.7 -4.27e+03 -2.08e+03 -633 
-0.0633 23.8 6.13 1.34 -2.51e+03 -1.88e+03 -821 208 82.9 25.5 -3.54e+03 -1.8e+03 -564 
0.0534 7.39 1.9 0.416 -957 -821 -411 64.9 25.3 7.7 -1.47e+03 -766 -244 
0.0434 3.94 1.01 0.223 477 208 64.8 -2.5e+03 -2e+03 -885 -2.46e+04 -1.32e+04 -4.46e+03 
-0.0177 1.6 0.408 0.0896 205 83 25.3 -2e+03 -2.03e+03 -1.05e+03 -1.96e+04 -1.18e+04 -4.21e+03 
-0.0147 0.471 0.121 0.0266 64.9 25.5 7.71 -886 -1.05e+03 -628 -8.59e+03 -5.5e+03 -2.03e+03 
4.07 222 57.5 12.7 -4.28e+03 -3.54e+03 -1.47e+03 -2.46e+04 -1.96e+04 -8.6e+03 -2.71e+05 -1.43e+05 -4.78e+04 
3.22 76.2 19.7 4.34 -2.08e+03 -1.8e+03 -767 -1.32e+04 -1.18e+04 -5.51e+03 -1.43e+05 -8.13e+04 -2.85e+04 
1.85 20.2 5.21 1.14 -633 -564 -244 -4.47e+03 -4.21e+03 -2.03e+03 -4.79e+04 -2.85e+04 -1.05e+04 
S matrix
1 0 0 0 0 0 0 0 0 0 0 0 0 
0 0.036 0.0111 0.0026 -0.0589 -0.0259 -0.00803 -0.00428 -0.00174 -0.000513 -0.241 -0.0829 -0.0219 
0 0.0111 0.00365 0.00089 -0.0152 -0.00666 -0.00207 -0.0011 -0.000444 -0.000131 -0.0625 -0.0215 -0.00566 
0 0.0026 0.00089 0.000222 -0.00333 -0.00146 -0.000452 -0.000242 -9.75e-05 -2.89e-05 -0.0138 -0.00471 -0.00124 
0 -0.0589 -0.0152 -0.00333 4.33 2.74 1.04 -0.52 -0.223 -0.0707 4.67 2.27 0.691 
0 -0.0259 -0.00666 -0.00146 2.74 2.06 0.898 -0.227 -0.0905 -0.0279 3.87 1.97 0.616 
0 -0.00803 -0.00207 -0.000452 1.04 0.898 0.45 -0.0707 -0.0276 -0.00842 1.61 0.838 0.267 
0 -0.00428 -0.0011 -0.000242 -0.52 -0.227 -0.0707 2.73 2.19 0.969 26.9 14.5 4.88 
0 -0.00174 -0.000444 -9.75e-05 -0.223 -0.0905 -0.0276 2.19 2.23 1.15 21.5 12.9 4.61 
0 -0.000513 -0.000131 -2.89e-05 -0.0707 -0.0279 -0.00842 0.969 1.15 0.69 9.41 6.03 2.22 
0 -0.241 -0.0625 -0.0138 4.67 3.87 1.61 26.9 21.5 9.41 296 156 52.4 
0 -0.0829 -0.0215 -0.00471 2.27 1.97 0.838 14.5 12.9 6.03 156 89.1 31.3 
0 -0.0219 -0.00566 -0.00124 0.691 0.616 0.267 4.88 4.61 2.22 52.4 31.3 11.5 
H matrix
-919 -0.236 -0.0676 -0.0167 23.9 16.8 3.75 53.1 50.4 9 528 283 73.8 
0.0154 -33 -10.2 -2.39 54.1 23.7 7.37 3.93 1.59 0.471 221 76 20.1 
0.00653 -10.2 -3.36 -0.818 13.9 6.11 1.89 1.01 0.407 0.121 57.4 19.7 5.2 
0.00199 -2.39 -0.817 -0.204 3.06 1.34 0.415 0.222 0.0893 0.0266 12.6 4.32 1.14 
-0.407 54.2 14 3.07 -3.97e+03 -2.51e+03 -956 477 204 64.7 -4.27e+03 -2.08e+03 -633 
-0.0633 23.8 6.13 1.34 -2.51e+03 -1.88e+03 -821 208 82.9 25.5 -3.54e+03 -1.8e+03 -564 
0.0534 7.39 1.9 0.416 -957 -821 -411 64.9 25.3 7.7 -1.47e+03 -766 -244 
0.0434 3.94 1.01 0.223 477 208 64.8 -2.5e+03 -2e+03 -885 -2.46e+04 -1.32e+04 -4.46e+03 
-0.0177 1.6 0.408 0.0896 205 83 25.3 -2e+03 -2.03e+03 -1.05e+03 -1.96e+04 -1.18e+04 -4.21e+03 
-0.0147 0.471 0.121 0.0266 64.9 25.5 7.71 -886 -1.05e+03 -628 -8.59e+03 -5.5e+03 -2.03e+03 
4.07 222 57.5 12.7 -4.28e+03 -3.54e+03 -1.47e+03 -2.46e+04 -1.96e+04 -8.6e+03 -2.71e+05 -1.43e+05 -4.78e+04 
3.22 76.2 19.7 4.34 -2.08e+03 -1.8e+03 -767 -1.32e+04 -1.18e+04 -5.51e+03 -1.43e+05 -8.13e+04 -2.85e+04 
1.85 20.2 5.21 1.14 -633 -564 -244 -4.47e+03 -4.21e+03 -2.03e+03 -4.79e+04 -2.85e+04 -1.05e+04 
S matrix
1 0 0 0 0 0 0 0 0 0 0 0 0 
0 0.036 0.0111 0.0026 -0.0589 -0.0259 -0.00803 -0.00428 -0.00174 -0.000513 -0.241 -0.0829 -0.0219 
0 0.0111 0.00365 0.00089 -0.0152 -0.00666 -0.00207 -0.0011 -0.000444 -0.000131 -0.0625 -0.0215 -0.00566 
0 0.0026 0.00089 0.000222 -0.00333 -0.00146 -0.000452 -0.000242 -9.75e-05 -2.89e-05 -0.0138 -0.00471 -0.00124 
0 -0.0589 -0.0152 -0.00333 4.33 2.74 1.04 -0.52 -0.223 -0.0707 4.67 2.27 0.691 
0 -0.0259 -0.00666 -0.00146 2.74 2.06 0.898 -0.227 -0.0905 -0.0279 3.87 1.97 0.616 
0 -0.00803 -0.00207 -0.000452 1.04 0.898 0.45 -0.0707 -0.0276 -0.00842 1.61 0.838 0.267 
0 -0.00428 -0.0011 -0.000242 -0.52 -0.227 -0.0707 2.73 2.19 0.969 26.9 14.5 4.88 
0 -0.00174 -0.000444 -9.75e-05 -0.223 -0.0905 -0.0276 2.19 2.23 1.15 21.5 12.9 4.61 
0 -0.000513 -0.000131 -2.89e-05 -0.0707 -0.0279 -0.00842 0.969 1.15 0.69 9.41 6.03 2.22 
0 -0.241 -0.0625 -0.0138 4.67 3.87 1.61 26.9 21.5 9.41 296 156 52.4 
0 -0.0829 -0.0215 -0.00471 2.27 1.97 0.838 14.5 12.9 6.03 156 89.1 31.3 
0 -0.0219 -0.00566 -0.00124 0.691 0.616 0.267 4.88 4.61 2.22 52.4 31.3 11.5 
H matrix
-919 -0.236 -0.0676 -0.0167 23.9 16.8 3.75 53.1 50.4 9 528 283 73.8 
0.0154 -33 -10.2 -2.39 54.1 23.7 7.37 3.93 1.59 0.471 221 76 20.1 
0.00653 -10.2 -3.36 -0.818 13.9 6.11 1.89 1.01 0.407 0.121 57.4 19.7 5.2 
0.00199 -2.39 -0.817 -0.204 3.06 1.34 0.415 0.222 0.0893 0.0266 12.6 4.32 1.14 
-0.407 54.2 14 3.07 -3.97e+03 -2.51e+03 -956 477 204 64.7 -4.27e+03 -2.08e+03 -633 
-0.0633 23.8 6.13 1.34 -2.51e+03 -1.88e+03 -821 208 82.9 25.5 -3.54e+03 -1.8e+03 -564 
0.0534 7.39 1.9 0.416 -957 -821 -411 64.9 25.3 7.7 -1.47e+03 -766 -244 
0.0434 3.94 1.01 0.223 477 208 64.8 -2.5e+03 -2e+03 -885 -2.46e+04 -1.32e+04 -4.46e+03 
-0.0177 1.6 0.408 0.0896 205 83 25.3 -2e+03 -2.03e+03 -1.05e+03 -1.96e+04 -1.18e+04 -4.21e+03 
-0.0147 0.471 0.121 0.0266 64.9 25.5 7.71 -886 -1.05e+03 -628 -8.59e+03 -5.5e+03 -2.03e+03 
4.07 222 57.5 12.7 -4.28e+03 -3.54e+03 -1.47e+03 -2.46e+04 -1.96e+04 -8.6e+03 -2.71e+05 -1.43e+05 -4.78e+04 
3.22 76.2 19.7 4.34 -2.08e+03 -1.8e+03 -767 -1.32e+04 -1.18e+04 -5.51e+03 -1.43e+05 -8.13e+04 -2.85e+04 
1.85 20.2 5.21 1.14 -633 -564 -244 -4.47e+03 -4.21e+03 -2.03e+03 -4.79e+04 -2.85e+04 -1.05e+04 
S matrix
1 0 0 0 0 0 0 0 0 0 0 0 0 
0 0.036 0.0111 0.0026 -0.0589 -0.0259 -0.00803 -0.00428 -0.00174 -0.000513 -0.241 -0.0829 -0.0219 
0 0.0111 0.00365 0.00089 -0.0152 -0.00666 -0.00207 -0.0011 -0.000444 -0.000131 -0.0625 -0.0215 -0.00566 
0 0.0026 0.00089 0.000222 -0.00333 -0.00146 -0.000452 -0.000242 -9.75e-05 -2.89e-05 -0.0138 -0.00471 -0.00124 
0 -0.0589 -0.0152 -0.00333 4.33 2.74 1.04 -0.52 -0.223 -0.0707 4.67 2.27 0.691 
0 -0.0259 -0.00666 -0.00146 2.74 2.06 0.898 -0.227 -0.0905 -0.0279 3.87 1.97 0.616 
0 -0.00803 -0.00207 -0.000452 1.04 0.898 0.45 -0.0707 -0.0276 -0.00842 1.61 0.838 0.267 
0 -0.00428 -0.0011 -0.000242 -0.52 -0.227 -0.0707 2.73 2.19 0.969 26.9 14.5 4.88 
0 -0.00174 -0.000444 -9.75e-05 -0.223 -0.0905 -0.0276 2.19 2.23 1.15 21.5 12.9 4.61 
0 -0.000513 -0.000131 -2.89e-05 -0.0707 -0.0279 -0.00842 0.969 1.15 0.69 9.41 6.03 2.22 
0 -0.241 -0.0625 -0.0138 4.67 3.87 1.61 26.9 21.5 9.41 296 156 52.4 
0 -0.0829 -0.0215 -0.00471 2.27 1.97 0.838 14.5 12.9 6.03 156 89.1 31.3 
0 -0.0219 -0.00566 -0.00124 0.691 0.616 0.267 4.88 4.61 2.22 52.4 31.3 11.5 
H matrix
-919 -0.236 -0.0676 -0.0167 23.9 16.8 3.75 53.1 50.4 9 528 283 73.8 
0.0154 -33 -10.2 -2.39 54.1 23.7 7.37 3.93 1.59 0.471 221 76 20.1 
0.00653 -10.2 -3.36 -0.818 13.9 6.11 1.89 1.01 0.407 0.121 57.4 19.7 5.2 
0.00199 -2.39 -0.817 -0.204 3.06 1.34 0.415 0.222 0.0893 0.0266 12.6 4.32 1.14 
-0.407 54.2 14 3.07 -3.97e+03 -2.51e+03 -956 477 204 64.7 -4.27e+03 -2.08e+03 -633 
-0.0633 23.8 6.13 1.34 -2.51e+03 -1.88e+03 -821 208 82.9 25.5 -3.54e+03 -1.8e+03 -564 
0.0534 7.39 1.9 0.416 -957 -821 -411 64.9 25.3 7.7 -1.47e+03 -766 -244 
0.0434 3.94 1.01 0.223 477 208 64.8 -2.5e+03 -2e+03 -885 -2.46e+04 -1.32e+04 -4.46e+03 
-0.0177 1.6 0.408 0.0896 205 83 25.3 -2e+03 -2.03e+03 -1.05e+03 -1.96e+04 -1.18e+04 -4.21e+03 
-0.0147 0.471 0.121 0.0266 64.9 25.5 7.71 -886 -1.05e+03 -628 -8.59e+03 -5.5e+03 -2.03e+03 
4.07 222 57.5 12.7 -4.28e+03 -3.54e+03 -1.47e+03 -2.46e+04 -1.96e+04 -8.6e+03 -2.71e+05 -1.43e+05 -4.78e+04 
3.22 76.2 19.7 4.34 -2.08e+03 -1.8e+03 -767 -1.32e+04 -1.18e+04 -5.51e+03 -1.43e+05 -8.13e+04 -2.85e+04 
1.85 20.2 5.21 1.14 -633 -564 -244 -4.47e+03 -4.21e+03 -2.03e+03 -4.79e+04 -2.85e+04 -1.05e+04 
S matrix
1 0 0 0 0 0 0 0 0 0 0 0 0 
0 0.036 0.0111 0.0026 -0.0589 -0.0259 -0.00803 -0.00428 -0.00174 -0.000513 -0.241 -0.0829 -0.0219 
0 0.0111 0.00365 0.00089 -0.0152 -0.00666 -0.00207 -0.0011 -0.000444 -0.000131 -0.0625 -0.0215 -0.00566 
0 0.0026 0.00089 0.000222 -0.00333 -0.00146 -0.000452 -0.000242 -9.75e-05 -2.89e-05 -0.0138 -0.00471 -0.00124 
0 -0.0589 -0.0152 -0.00333 4.33 2.74 1.04 -0.52 -0.223 -0.0707 4.67 2.27 0.691 
0 -0.0259 -0.00666 -0.00146 2.74 2.06 0.898 -0.227 -0.0905 -0.0279 3.87 1.97 0.616 
0 -0.00803 -0.00207 -0.000452 1.04 0.898 0.45 -0.0707 -0.0276 -0.00842 1.61 0.838 0.267 
0 -0.00428 -0.0011 -0.000242 -0.52 -0.227 -0.0707 2.73 2.19 0.969 26.9 14.5 4.88 
0 -0.00174 -0.000444 -9.75e-05 -0.223 -0.0905 -0.0276 2.19 2.23 1.15 21.5 12.9 4.61 
0 -0.000513 -0.000131 -2.89e-05 -0.0707 -0.0279 -0.00842 0.969 1.15 0.69 9.41 6.03 2.22 
0 -0.241 -0.0625 -0.0138 4.67 3.87 1.61 26.9 21.5 9.41 296 156 52.4 
0 -0.0829 -0.0215 -0.00471 2.27 1.97 0.838 14.5 12.9 6.03 156 89.1 31.3 
0 -0.0219 -0.00566 -0.00124 0.691 0.616 0.267 4.88 4.61 2.22 52.4 31.3 11.5 
H matrix
-919 -0.236 -0.0676 -0.0167 23.9 16.8 3.75 53.1 50.4 9 528 283 73.8 
0.0154 -33 -10.2 -2.39 54.1 23.7 7.37 3.93 1.59 0.471 221 76 20.1 
0.00653 -10.2 -3.36 -0.818 13.9 6.11 1.89 1.01 0.407 0.121 57.4 19.7 5.2 
0.00199 -2.39 -0.817 -0.204 3.06 1.34 0.415 0.222 0.0893 0.0266 12.6 4.32 1.14 
-0.407 54.2 14 3.07 -3.97e+03 -2.51e+03 -956 477 204 64.7 -4.27e+03 -2.08e+03 -633 
-0.0633 23.8 6.13 1.34 -2.51e+03 -1.88e+03 -821 208 82.9 25.5 -3.54e+03 -1.8e+03 -564 
0.0534 7.39 1.9 0.416 -957 -821 -411 64.9 25.3 7.7 -1.47e+03 -766 -244 
0.0434 3.94 1.01 0.223 477 208 64.8 -2.5e+03 -2e+03 -885 -2.46e+04 -1.32e+04 -4.46e+03 
-0.0177 1.6 0.408 0.0896 205 83 25.3 -2e+03 -2.03e+03 -1.05e+03 -1.96e+04 -1.18e+04 -4.21e+03 
-0.0147 0.471 0.121 0.0266 64.9 25.5 7.71 -886 -1.05e+03 -628 -8.59e+03 -5.5e+03 -2.03e+03 
4.07 222 57.5 12.7 -4.28e+03 -3.54e+03 -1.47e+03 -2.46e+04 -1.96e+04 -8.6e+03 -2.71e+05 -1.43e+05 -4.78e+04 
3.22 76.2 19.7 4.34 -2.08e+03 -1.8e+03 -767 -1.32e+04 -1.18e+04 -5.51e+03 -1.43e+05 -8.13e+04 -2.85e+04 
1.85 20.2 5.21 1.14 -633 -564 -244 -4.47e+03 -4.21e+03 -2.03e+03 -4.79e+04 -2.85e+04 -1.05e+04 
S matrix
1 0 0 0 0 0 0 0 0 0 0 0 0 
0 0.036 0.0111 0.0026 -0.0589 -0.0259 -0.00803 -0.00428 -0.00174 -0.000513 -0.241 -0.0829 -0.0219 
0 0.0111 0.00365 0.00089 -0.0152 -0.00666 -0.00207 -0.0011 -0.000444 -0.000131 -0.0625 -0.0215 -0.00566 
0 0.0026 0.00089 0.000222 -0.00333 -0.00146 -0.000452 -0.000242 -9.75e-05 -2.89e-05 -0.0138 -0.00471 -0.00124 
0 -0.0589 -0.0152 -0.00333 4.33 2.74 1.04 -0.52 -0.223 -0.0707 4.67 2.27 0.691 
0 -0.0259 -0.00666 -0.00146 2.74 2.06 0.898 -0.227 -0.0905 -0.0279 3.87 1.97 0.616 
0 -0.00803 -0.00207 -0.000452 1.04 0.898 0.45 -0.0707 -0.0276 -0.00842 1.61 0.838 0.267 
0 -0.00428 -0.0011 -0.000242 -0.52 -0.227 -0.0707 2.73 2.19 0.969 26.9 14.5 4.88 
0 -0.00174 -0.000444 -9.75e-05 -0.223 -0.0905 -0.0276 2.19 2.23 1.15 21.5 12.9 4.61 
0 -0.000513 -0.000131 -2.89e-05 -0.0707 -0.0279 -0.00842 0.969 1.15 0.69 9.41 6.03 2.22 
0 -0.241 -0.0625 -0.0138 4.67 3.87 1.61 26.9 21.5 9.41 296 156 52.4 
0 -0.0829 -0.0215 -0.00471 2.27 1.97 0.838 14.5 12.9 6.03 156 89.1 31.3 
0 -0.0219 -0.00566 -0.00124 0.691 0.616 0.267 4.88 4.61 2.22 52.4 31.3 11.5 
H matrix
-919 -0.236 -0.0676 -0.0167 23.9 16.8 3.75 53.1 50.4 9 528 283 73.8 
0.0154 -33 -10.2 -2.39 54.1 23.7 7.37 3.93 1.59 0.471 221 76 20.1 
0.00653 -10.2 -3.36 -0.818 13.9 6.11 1.89 1.01 0.407 0.121 57.4 19.7 5.2 
0.00199 -2.39 -0.817 -0.204 3.06 1.34 0.415 0.222 0.0893 0.0266 12.6 4.32 1.14 
-0.407 54.2 14 3.07 -3.97e+03 -2.51e+03 -956 477 204 64.7 -4.27e+03 -2.08e+03 -633 
-0.0633 23.8 6.13 1.34 -2.51e+03 -1.88e+03 -821 208 82.9 25.5 -3.54e+03 -1.8e+03 -564 
0.0534 7.39 1.9 0.416 -957 -821 -411 64.9 25.3 7.7 -1.47e+03 -766 -244 
0.0434 3.94 1.01 0.223 477 208 64.8 -2.5e+03 -2e+03 -885 -2.46e+04 -1.32e+04 -4.46e+03 
-0.0177 1.6 0.408 0.0896 205 83 25.3 -2e+03 -2.03e+03 -1.05e+03 -1.96e+04 -1.18e+04 -4.21e+03 
-0.0147 0.471 0.121 0.0266 64.9 25.5 7.71 -886 -1.05e+03 -628 -8.59e+03 -5.5e+03 -2.03e+03 
4.07 222 57.5 12.7 -4.28e+03 -3.54e+03 -1.47e+03 -2.46e+04 -1.96e+04 -8.6e+03 -2.71e+05 -1.43e+05 -4.78e+04 
3.22 76.2 19.7 4.34 -2.08e+03 -1.8e+03 -767 -1.32e+04 -1.18e+04 -5.51e+03 -1.43e+05 -8.13e+04 -2.85e+04 
1.85 20.2 5.21 1.14 -633 -564 -244 -4.47e+03 -4.21e+03 -2.03e+03 -4.79e+04 -2.85e+04 -1.05e+04 
S matrix
1 0 0 0 0 0 0 0 0 0 0 0 0 
0 0.036 0.0111 0.0026 -0.0589 -0.0259 -0.00803 -0.00428 -0.00174 -0.000513 -0.241 -0.0829 -0.0219 
0 0.0111 0.00365 0.00089 -0.0152 -0.00666 -0.00207 -0.0011 -0.000444 -0.000131 -0.0625 -0.0215 -0.00566 
0 0.0026 0.00089 0.000222 -0.00333 -0.00146 -0.000452 -0.000242 -9.75e-05 -2.89e-05 -0.0138 -0.00471 -0.00124 
0 -0.0589 -0.0152 -0.00333 4.33 2.74 1.04 -0.52 -0.223 -0.0707 4.67 2.27 0.691 
0 -0.0259 -0.00666 -0.00146 2.74 2.06 0.898 -0.227 -0.0905 -0.0279 3.87 1.97 0.616 
0 -0.00803 -0.00207 -0.000452 1.04 0.898 0.45 -0.0707 -0.0276 -0.00842 1.61 0.838 0.267 
0 -0.00428 -0.0011 -0.000242 -0.52 -0.227 -0.0707 2.73 2.19 0.969 26.9 14.5 4.88 
0 -0.00174 -0.000444 -9.75e-05 -0.223 -0.0905 -0.0276 2.19 2.23 1.15 21.5 12.9 4.61 
0 -0.000513 -0.000131 -2.89e-05 -0.0707 -0.0279 -0.00842 0.969 1.15 0.69 9.41 6.03 2.22 
0 -0.241 -0.0625 -0.0138 4.67 3.87 1.61 26.9 21.5 9.41 296 156 52.4 
0 -0.0829 -0.0215 -0.00471 2.27 1.97 0.838 14.5 12.9 6.03 156 89.1 31.3 
0 -0.0219 -0.00566 -0.00124 0.691 0.616 0.267 4.88 4.61 2.22 52.4 31.3 11.5 
H matrix
-919 -0.236 -0.0676 -0.0167 23.9 16.8 3.75 53.1 50.4 9 528 283 73.8 
0.0154 -33 -10.2 -2.39 54.1 23.7 7.37 3.93 1.59 0.471 221 76 20.1 
0.00653 -10.2 -3.36 -0.818 13.9 6.11 1.89 1.01 0.407 0.121 57.4 19.7 5.2 
0.00199 -2.39 -0.817 -0.204 3.06 1.34 0.415 0.222 0.0893 0.0266 12.6 4.32 1.14 
-0.407 54.2 14 3.07 -3.97e+03 -2.51e+03 -956 477 204 64.7 -4.27e+03 -2.08e+03 -633 
-0.0633 23.8 6.13 1.34 -2.51e+03 -1.88e+03 -821 208 82.9 25.5 -3.54e+03 -1.8e+03 -564 
0.0534 7.39 1.9 0.416 -957 -821 -411 64.9 25.3 7.7 -1.47e+03 -766 -244 
0.0434 3.94 1.01 0.223 477 208 64.8 -2.5e+03 -2e+03 -885 -2.46e+04 -1.32e+04 -4.46e+03 
S matrix
1 0 0 0 0 0 0 0 0 0 0 0 0 
0 0.036 0.0111 0.0026 -0.0589 -0.0259 -0.00803 -0.00428 -0.00174 -0.000513 -0.241 -0.0829 -0.0219 
0 0.0111 0.00365 0.00089 -0.0152 -0.00666 -0.00207 -0.0011 -0.000444 -0.000131 -0.0625 -0.0215 -0.00566 
0 0.0026 0.00089 0.000222 -0.00333 -0.00146 -0.000452 -0.000242 -9.75e-05 -2.89e-05 -0.0138 -0.00471 -0.00124 
0 -0.0589 -0.0152 -0.00333 4.33 2.74 1.04 -0.52 -0.223 -0.0707 4.67 2.27 0.691 
0 -0.0259 -0.00666 -0.00146 2.74 2.06 0.898 -0.227 -0.0905 -0.0279 3.87 1.97 0.616 
0 -0.00803 -0.00207 -0.000452 1.04 0.898 0.45 -0.0707 -0.0276 -0.00842 1.61 0.838 0.267 
0 -0.00428 -0.0011 -0.000242 -0.52 -0.227 -0.0707 2.73 2.19 0.969 26.9 14.5 4.88 
0 -0.00174 -0.000444 -9.75e-05 -0.223 -0.0905 -0.0276 2.19 2.23 1.15 21.5 12.9 4.61 
0 -0.000513 -0.000131 -2.89e-05 -0.0707 -0.0279 -0.00842 0.969 1.15 0.69 9.41 6.03 2.22 
0 -0.241 -0.0625 -0.0138 4.67 3.87 1.61 26.9 21.5 9.41 296 156 52.4 
0 -0.0829 -0.0215 -0.00471 2.27 1.97 0.838 14.5 12.9 6.03 156 89.1 31.3 
0 -0.0219 -0.00566 -0.00124 0.691 0.616 0.267 4.88 4.61 2.22 52.4 31.3 11.5 
H matrix
-919 -0.236 -0.0676 -0.0167 23.9 16.8 3.75 53.1 50.4 9 528 283 73.8 
0.0154 -33 -10.2 -2.39 54.1 23.7 7.37 3.93 1.59 0.471 221 76 20.1 
0.00653 -10.2 -3.36 -0.818 13.9 6.11 1.89 1.01 0.407 0.121 57.4 19.7 5.2 
0.00199 -2.39 -0.817 -0.204 3.06 1.34 0.415 0.222 0.0893 0.0266 12.6 4.32 1.14 
-0.407 54.2 14 3.07 -3.97e+03 -2.51e+03 -956 477 204 64.7 -4.27e+03 -2.08e+03 -633 
-0.0633 23.8 6.13 1.34 -2.51e+03 -1.88e+03 -821 208 82.9 25.5 -3.54e+03 -1.8e+03 -564 
0.0534 7.39 1.9 0.416 -957 -821 -411 64.9 25.3 7.7 -1.47e+03 -766 -244 
0.0434 3.94 1.01 0.223 477 208 64.8 -2.5e+03 -2e+03 -885 -2.46e+04 -1.32e+04 -4.46e+03 
-0.0177 1.6 0.408 0.0896 205 83 25.3 -2e+03 -2.03e+03 -1.05e+03 -1.96e+04 -1.18e+04 -4.21e+03 
-0.0147 0.471 0.121 0.0266 64.9 25.5 7.71 -886 -1.05e+03 -628 -8.59e+03 -5.5e+03 -2.03e+03 
4.07 222 57.5 12.7 -4.28e+03 -3.54e+03 -1.47e+03 -2.46e+04 -1.96e+04 -8.6e+03 -2.71e+05 -1.43e+05 -4.78e+04 
3.22 76.2 19.7 4.34 -2.08e+03 -1.8e+03 -767 -1.32e+04 -1.18e+04 -5.51e+03 -1.43e+05 -8.13e+04 -2.85e+04 
1.85 20.2 5.21 1.14 -633 -564 -244 -4.47e+03 -4.21e+03 -2.03e+03 -4.79e+04 -2.85e+04 -1.05e+04 
S matrix
1 0 0 0 0 0 0 0 0 0 0 0 0 
0 0.036 0.0111 0.0026 -0.0589 -0.0259 -0.00803 -0.00428 -0.00174 -0.000513 -0.241 -0.0829 -0.0219 
0 0.0111 0.00365 0.00089 -0.0152 -0.00666 -0.00207 -0.0011 -0.000444 -0.000131 -0.0625 -0.0215 -0.00566 
0 0.0026 0.00089 0.000222 -0.00333 -0.00146 -0.000452 -0.000242 -9.75e-05 -2.89e-05 -0.0138 -0.00471 -0.00124 
0 -0.0589 -0.0152 -0.00333 4.33 2.74 1.04 -0.52 -0.223 -0.0707 4.67 2.27 0.691 
0 -0.0259 -0.00666 -0.00146 2.74 2.06 0.898 -0.227 -0.0905 -0.0279 3.87 1.97 0.616 
0 -0.00803 -0.00207 -0.000452 1.04 0.898 0.45 -0.0707 -0.0276 -0.00842 1.61 0.838 0.267 
0 -0.00428 -0.0011 -0.000242 -0.52 -0.227 -0.0707 2.73 2.19 0.969 26.9 14.5 4.88 
0 -0.00174 -0.000444 -9.75e-05 -0.223 -0.0905 -0.0276 2.19 2.23 1.15 21.5 12.9 4.61 
0 -0.000513 -0.000131 -2.89e-05 -0.0707 -0.0279 -0.00842 0.969 1.15 0.69 9.41 6.03 2.22 
0 -0.241 -0.0625 -0.0138 4.67 3.87 1.61 26.9 21.5 9.41 296 156 52.4 
0 -0.0829 -0.0215 -0.00471 2.27 1.97 0.838 14.5 12.9 6.03 156 89.1 31.3 
0 -0.0219 -0.00566 -0.00124 0.691 0.616 0.267 4.88 4.61 2.22 52.4 31.3 11.5 
H matrix
-919 -0.236 -0.0676 -0.0167 23.9 16.8 3.75 53.1 50.4 9 528 283 73.8 
0.0154 -33 -10.2 -2.39 54.1 23.7 7.37 3.93 1.59 0.471 221 76 20.1 
0.00653 -10.2 -3.36 -0.818 13.9 6.11 1.89 1.01 0.407 0.121 57.4 19.7 5.2 
0.00199 -2.39 -0.817 -0.204 3.06 1.34 0.415 0.222 0.0893 0.0266 12.6 4.32 1.14 
-0.407 54.2 14 3.07 -3.97e+03 -2.51e+03 -956 477 204 64.7 -4.27e+03 -2.08e+03 -633 
-0.0633 23.8 6.13 1.34 -2.51e+03 -1.88e+03 -821 208 82.9 25.5 -3.54e+03 -1.8e+03 -564 
0.0534 7.39 1.9 0.416 -957 -821 -411 64.9 25.3 7.7 -1.47e+03 -766 -244 
0.0434 3.94 1.01 0.223 477 208 64.8 -2.5e+03 -2e+03 -885 -2.46e+04 -1.32e+04 -4.46e+03 
-0.0177 1.6 0.408 0.0896 205 83 25.3 -2e+03 -2.03e+03 -1.05e+03 -1.96e+04 -1.18e+04 -4.21e+03 
-0.0147 0.471 0.121 0.0266 64.9 25.5 7.71 -886 -1.05e+03 -628 -8.59e+03 -5.5e+03 -2.03e+03 
proportions significant
S0 1
S 0.08333333333
H0 1
enderiv 1
H 0.08333333333
energy derivative -0.2512385603 +/- 9.342094096e-05
energy derivative -0.07410618749 +/- 2.183663601e-05
energy derivative -0.01866922497 +/- 1.172169392e-05
energy derivative 24.25837884 +/- 0.001845661068
energy derivative 16.8800365 +/- 0.003218684062
energy derivative 3.694327253 +/- 0.003586497743
energy derivative 53.07890471 +/- 0.003887782485
energy derivative 50.40796127 +/- 0.009136076256
energy derivative 9.012285285 +/- 0.01009475809
energy derivative 524.1225792 +/- 0.05832630869
energy derivative 280.121131 +/- 0.04539973666
energy derivative 71.99380395 +/- 0.03370640914
S matrix
1 0 0 0 0 0 0 0 0 0 0 0 0 
0 0.036 0.0111 0.0026 -0.0589 -0.0259 -0.00803 -0.00428 -0.00174 -0.000513 -0.241 -0.0829 -0.0219 
0 0.0111 0.00365 0.00089 -0.0152 -0.00666 -0.00207 -0.0011 -0.000444 -0.000131 -0.0625 -0.0215 -0.00566 
0 0.0026 0.00089 0.000222 -0.00333 -0.00146 -0.000452 -0.000242 -9.75e-05 -2.89e-05 -0.0138 -0.00471 -0.00124 
0 -0.0589 -0.0152 -0.00333 4.33 2.74 1.04 -0.52 -0.223 -0.0707 4.67 2.27 0.691 
0 -0.0259 -0.00666 -0.00146 2.74 2.06 0.898 -0.227 -0.0905 -0.0279 3.87 1.97 0.616 
0 -0.00803 -0.00207 -0.000452 1.04 0.898 0.45 -0.0707 -0.0276 -0.00842 1.61 0.838 0.267 
0 -0.00428 -0.0011 -0.000242 -0.52 -0.227 -0.0707 2.73 2.19 0.969 26.9 14.5 4.88 
0 -0.00174 -0.000444 -9.75e-05 -0.223 -0.0905 -0.0276 2.19 2.23 1.15 21.5 12.9 4.61 
0 -0.000513 -0.000131 -2.89e-05 -0.0707 -0.0279 -0.00842 0.969 1.15 0.69 9.41 6.03 2.22 
0 -0.241 -0.0625 -0.0138 4.67 3.87 1.61 26.9 21.5 9.41 296 156 52.4 
0 -0.0829 -0.0215 -0.00471 2.27 1.97 0.838 14.5 12.9 6.03 156 89.1 31.3 
0 -0.0219 -0.00566 -0.00124 0.691 0.616 0.267 4.88 4.61 2.22 52.4 31.3 11.5 
H matrix
-919 -0.236 -0.0676 -0.0167 23.9 16.8 3.75 53.1 50.4 9 528 283 73.8 
0.0154 -33 -10.2 -2.39 54.1 23.7 7.37 3.93 1.59 0.471 221 76 20.1 
0.00653 -10.2 -3.36 -0.818 13.9 6.11 1.89 1.01 0.407 0.121 57.4 19.7 5.2 
0.00199 -2.39 -0.817 -0.204 3.06 1.34 0.415 0.222 0.0893 0.0266 12.6 4.32 1.14 
-0.407 54.2 14 3.07 -3.97e+03 -2.51e+03 -956 477 204 64.7 -4.27e+03 -2.08e+03 -633 
-0.0633 23.8 6.13 1.34 -2.51e+03 -1.88e+03 -821 208 82.9 25.5 -3.54e+03 -1.8e+03 -564 
0.0534 7.39 1.9 0.416 -957 -821 -411 64.9 25.3 7.7 -1.47e+03 -766 -244 
0.0434 3.94 1.01 0.223 477 208 64.8 -2.5e+03 -2e+03 -885 -2.46e+04 -1.32e+04 -4.46e+03 
-0.0177 1.6 0.408 0.0896 205 83 25.3 -2e+03 -2.03e+03 -1.05e+03 -1.96e+04 -1.18e+04 -4.21e+03 
-0.0147 0.471 0.121 0.0266 64.9 25.5 7.71 -886 -1.05e+03 -628 -8.59e+03 -5.5e+03 -2.03e+03 
4.07 222 57.5 12.7 -4.28e+03 -3.54e+03 -1.47e+03 -2.46e+04 -1.96e+04 -8.6e+03 -2.71e+05 -1.43e+05 -4.78e+04 
3.22 76.2 19.7 4.34 -2.08e+03 -1.8e+03 -767 -1.32e+04 -1.18e+04 -5.51e+03 -1.43e+05 -8.13e+04 -2.85e+04 
1.85 20.2 5.21 1.14 -633 -564 -244 -4.47e+03 -4.21e+03 -2.03e+03 -4.79e+04 -2.85e+04 -1.05e+04 
S matrix
1 0 0 0 0 0 0 0 0 0 0 0 0 
0 0.036 0.0111 0.0026 -0.0589 -0.0259 -0.00803 -0.00428 -0.00174 -0.000513 -0.241 -0.0829 -0.0219 
0 0.0111 0.00365 0.00089 -0.0152 -0.00666 -0.00207 -0.0011 -0.000444 -0.000131 -0.0625 -0.0215 -0.00566 
0 0.0026 0.00089 0.000222 -0.00333 -0.00146 -0.000452 -0.000242 -9.75e-05 -2.89e-05 -0.0138 -0.00471 -0.00124 
0 -0.0589 -0.0152 -0.00333 4.33 2.74 1.04 -0.52 -0.223 -0.0707 4.67 2.27 0.691 
0 -0.0259 -0.00666 -0.00146 2.74 2.06 0.898 -0.227 -0.0905 -0.0279 3.87 1.97 0.616 
0 -0.00803 -0.00207 -0.000452 1.04 0.898 0.45 -0.0707 -0.0276 -0.00842 1.61 0.838 0.267 
0 -0.00428 -0.0011 -0.000242 -0.52 -0.227 -0.0707 2.73 2.19 0.969 26.9 14.5 4.88 
0 -0.00174 -0.000444 -9.75e-05 -0.223 -0.0905 -0.0276 2.19 2.23 1.15 21.5 12.9 4.61 
0 -0.000513 -0.000131 -2.89e-05 -0.0707 -0.0279 -0.00842 0.969 1.15 0.69 9.41 6.03 2.22 
0 -0.241 -0.0625 -0.0138 4.67 3.87 1.61 26.9 21.5 9.41 296 156 52.4 
0 -0.0829 -0.0215 -0.00471 2.27 1.97 0.838 14.5 12.9 6.03 156 89.1 31.3 
0 -0.0219 -0.00566 -0.00124 0.691 0.616 0.267 4.88 4.61 2.22 52.4 31.3 11.5 
H matrix
-919 -0.236 -0.0676 -0.0167 23.9 16.8 3.75 53.1 50.4 9 528 283 73.8 
0.0154 -33 -10.2 -2.39 54.1 23.7 7.37 3.93 1.59 0.471 221 76 20.1 
0.00653 -10.2 -3.36 -0.818 13.9 6.11 1.89 1.01 0.407 0.121 57.4 19.7 5.2 
0.00199 -2.39 -0.817 -0.204 3.06 1.34 0.415 0.222 0.0893 0.0266 12.6 4.32 1.14 
-0.407 54.2 14 3.07 -3.97e+03 -2.51e+03 -956 477 204 64.7 -4.27e+03 -2.08e+03 -633 
-0.0633 23.8 6.13 1.34 -2.51e+03 -1.88e+03 -821 208 82.9 25.5 -3.54e+03 -1.8e+03 -564 
0.0534 7.39 1.9 0.416 -957 -821 -411 64.9 25.3 7.7 -1.47e+03 -766 -244 
0.0434 3.94 1.01 0.223 477 208 64.8 -2.5e+03 -2e+03 -885 -2.46e+04 -1.32e+04 -4.46e+03 
S matrix
1 0 0 0 0 0 0 0 0 0 0 0 0 
0 0.036 0.0111 0.0026 -0.0589 -0.0259 -0.00803 -0.00428 -0.00174 -0.000513 -0.241 -0.0829 -0.0219 
0 0.0111 0.00365 0.00089 -0.0152 -0.00666 -0.00207 -0.0011 -0.000444 -0.000131 -0.0625 -0.0215 -0.00566 
0 0.0026 0.00089 0.000222 -0.00333 -0.00146 -0.000452 -0.000242 -9.75e-05 -2.89e-05 -0.0138 -0.00471 -0.00124 
0 -0.0589 -0.0152 -0.00333 4.33 2.74 1.04 -0.52 -0.223 -0.0707 4.67 2.27 0.691 
0 -0.0259 -0.00666 -0.00146 2.74 2.06 0.898 -0.227 -0.0905 -0.0279 3.87 1.97 0.616 
0 -0.00803 -0.00207 -0.000452 1.04 0.898 0.45 -0.0707 -0.0276 -0.00842 1.61 0.838 0.267 
0 -0.00428 -0.0011 -0.000242 -0.52 -0.227 -0.0707 2.73 2.19 0.969 26.9 14.5 4.88 
0 -0.00174 -0.000444 -9.75e-05 -0.223 -0.0905 -0.0276 2.19 2.23 1.15 21.5 12.9 4.61 
0 -0.000513 -0.000131 -2.89e-05 -0.0707 -0.0279 -0.00842 0.969 1.15 0.69 9.41 6.03 2.22 
0 -0.241 -0.0625 -0.0138 4.67 3.87 1.61 26.9 21.5 9.41 296 156 52.4 
0 -0.0829 -0.0215 -0.00471 2.27 1.97 0.838 14.5 12.9 6.03 156 89.1 31.3 
0 -0.0219 -0.00566 -0.00124 0.691 0.616 0.267 4.88 4.61 2.22 52.4 31.3 11.5 
H matrix
-919 -0.236 -0.0676 -0.0167 23.9 16.8 3.75 53.1 50.4 9 528 283 73.8 
0.0154 -33 -10.2 -2.39 54.1 23.7 7.37 3.93 1.59 0.471 221 76 20.1 
0.00653 -10.2 -3.36 -0.818 13.9 6.11 1.89 1.01 0.407 0.121 57.4 19.7 5.2 
0.00199 -2.39 -0.817 -0.204 3.06 1.34 0.415 0.222 0.0893 0.0266 12.6 4.32 1.14 
-0.407 54.2 14 3.07 -3.97e+03 -2.51e+03 -956 477 204 64.7 -4.27e+03 -2.08e+03 -633 
-0.0633 23.8 6.13 1.34 -2.51e+03 -1.88e+03 -821 208 82.9 25.5 -3.54e+03 -1.8e+03 -564 
0.0534 7.39 1.9 0.416 -957 -821 -411 64.9 25.3 7.7 -1.47e+03 -766 -244 
0.0434 3.94 1.01 0.223 477 208 64.8 -2.5e+03 -2e+03 -885 -2.46e+04 -1.32e+04 -4.46e+03 
-0.0177 1.6 0.408 0.0896 205 83 25.3 -2e+03 -2.03e+03 -1.05e+03 -1.96e+04 -1.18e+04 -4.21e+03 
-0.0147 0.471 0.121 0.0266 64.9 25.5 7.71 -886 -1.05e+03 -628 -8.59e+03 -5.5e+03 -2.03e+03 
4.07 222 57.5 12.7 -4.28e+03 -3.54e+03 -1.47e+03 -2.46e+04 -1.96e+04 -8.6e+03 -2.71e+05 -1.43e+05 -4.78e+04 
3.22 76.2 19.7 4.34 -2.08e+03 -1.8e+03 -767 -1.32e+04 -1.18e+04 -5.51e+03 -1.43e+05 -8.13e+04 -2.85e+04 
1.85 20.2 5.21 1.14 -633 -564 -244 -4.47e+03 -4.21e+03 -2.03e+03 -4.79e+04 -2.85e+04 -1.05e+04 
S matrix
1 0 0 0 0 0 0 0 0 0 0 0 0 
0 0.036 0.0111 0.0026 -0.0589 -0.0259 -0.00803 -0.00428 -0.00174 -0.000513 -0.241 -0.0829 -0.0219 
0 0.0111 0.00365 0.00089 -0.0152 -0.00666 -0.00207 -0.0011 -0.000444 -0.000131 -0.0625 -0.0215 -0.00566 
0 0.0026 0.00089 0.000222 -0.00333 -0.00146 -0.000452 -0.000242 -9.75e-05 -2.89e-05 -0.0138 -0.00471 -0.00124 
0 -0.0589 -0.0152 -0.00333 4.33 2.74 1.04 -0.52 -0.223 -0.0707 4.67 2.27 0.691 
0 -0.0259 -0.00666 -0.00146 2.74 2.06 0.898 -0.227 -0.0905 -0.0279 3.87 1.97 0.616 
0 -0.00803 -0.00207 -0.000452 1.04 0.898 0.45 -0.0707 -0.0276 -0.00842 1.61 0.838 0.267 
0 -0.00428 -0.0011 -0.000242 -0.52 -0.227 -0.0707 2.73 2.19 0.969 26.9 14.5 4.88 
0 -0.00174 -0.000444 -9.75e-05 -0.223 -0.0905 -0.0276 2.19 2.23 1.15 21.5 12.9 4.61 
0 -0.000513 -0.000131 -2.89e-05 -0.0707 -0.0279 -0.00842 0.969 1.15 0.69 9.41 6.03 2.22 
0 -0.241 -0.0625 -0.0138 4.67 3.87 1.61 26.9 21.5 9.41 296 156 52.4 
0 -0.0829 -0.0215 -0.00471 2.27 1.97 0.838 14.5 12.9 6.03 156 89.1 31.3 
0 -0.0219 -0.00566 -0.00124 0.691 0.616 0.267 4.88 4.61 2.22 52.4 31.3 11.5 
H matrix
-919 -0.236 -0.0676 -0.0167 23.9 16.8 3.75 53.1 50.4 9 528 283 73.8 
0.0154 -33 -10.2 -2.39 54.1 23.7 7.37 3.93 1.59 0.471 221 76 20.1 
0.00653 -10.2 -3.36 -0.818 13.9 6.11 1.89 1.01 0.407 0.121 57.4 19.7 5.2 
0.00199 -2.39 -0.817 -0.204 3.06 1.34 0.415 0.222 0.0893 0.0266 12.6 4.32 1.14 
-0.407 54.2 14 3.07 -3.97e+03 -2.51e+03 -956 477 204 64.7 -4.27e+03 -2.08e+03 -633 
-0.0633 23.8 6.13 1.34 -2.51e+03 -1.88e+03 -821 208 82.9 25.5 -3.54e+03 -1.8e+03 -564 
0.0534 7.39 1.9 0.416 -957 -821 -411 64.9 25.3 7.7 -1.47e+03 -766 -244 
0.0434 3.94 1.01 0.223 477 208 64.8 -2.5e+03 -2e+03 -885 -2.46e+04 -1.32e+04 -4.46e+03 
-0.0177 1.6 0.408 0.0896 205 83 25.3 -2e+03 -2.03e+03 -1.05e+03 -1.96e+04 -1.18e+04 -4.21e+03 
-0.0147 0.471 0.121 0.0266 64.9 25.5 7.71 -886 -1.05e+03 -628 -8.59e+03 -5.5e+03 -2.03e+03 
4.07 222 57.5 12.7 -4.28e+03 -3.54e+03 -1.47e+03 -2.46e+04 -1.96e+04 -8.6e+03 -2.71e+05 -1.43e+05 -4.78e+04 
3.22 76.2 19.7 4.34 -2.08e+03 -1.8e+03 -767 -1.32e+04 -1.18e+04 -5.51e+03 -1.43e+05 -8.13e+04 -2.85e+04 
1.85 20.2 5.21 1.14 -633 -564 -244 -4.47e+03 -4.21e+03 -2.03e+03 -4.79e+04 -2.85e+04 -1.05e+04 
-0.0177 1.6 0.408 0.0896 205 83 25.3 -2e+03 -2.03e+03 -1.05e+03 -1.96e+04 -1.18e+04 -4.21e+03 
-0.0147 0.471 0.121 0.0266 64.9 25.5 7.71 -886 -1.05e+03 -628 -8.59e+03 -5.5e+03 -2.03e+03 
4.07 222 57.5 12.7 -4.28e+03 -3.54e+03 -1.47e+03 -2.46e+04 -1.96e+04 -8.6e+03 -2.71e+05 -1.43e+05 -4.78e+04 
3.22 76.2 19.7 4.34 -2.08e+03 -1.8e+03 -767 -1.32e+04 -1.18e+04 -5.51e+03 -1.43e+05 -8.13e+04 -2.85e+04 
1.85 20.2 5.21 1.14 -633 -564 -244 -4.47e+03 -4.21e+03 -2.03e+03 -4.79e+04 -2.85e+04 -1.05e+04 
4.07 222 57.5 12.7 -4.28e+03 -3.54e+03 -1.47e+03 -2.46e+04 -1.96e+04 -8.6e+03 -2.71e+05 -1.43e+05 -4.78e+04 
3.22 76.2 19.7 4.34 -2.08e+03 -1.8e+03 -767 -1.32e+04 -1.18e+04 -5.51e+03 -1.43e+05 -8.13e+04 -2.85e+04 
1.85 20.2 5.21 1.14 -633 -564 -244 -4.47e+03 -4.21e+03 -2.03e+03 -4.79e+04 -2.85e+04 -1.05e+04 
-0.0177 1.6 0.408 0.0896 205 83 25.3 -2e+03 -2.03e+03 -1.05e+03 -1.96e+04 -1.18e+04 -4.21e+03 
-0.0147 0.471 0.121 0.0266 64.9 25.5 7.71 -886 -1.05e+03 -628 -8.59e+03 -5.5e+03 -2.03e+03 
4.07 222 57.5 12.7 -4.28e+03 -3.54e+03 -1.47e+03 -2.46e+04 -1.96e+04 -8.6e+03 -2.71e+05 -1.43e+05 -4.78e+04 
3.22 76.2 19.7 4.34 -2.08e+03 -1.8e+03 -767 -1.32e+04 -1.18e+04 -5.51e+03 -1.43e+05 -8.13e+04 -2.85e+04 
