--------------------------------------------------------------------------
[[50536,1],1]: A high-performance Open MPI point-to-point messaging module
was unable to find any relevant network interfaces:

Module: OpenFabrics (openib)
  Host: golub220

Another transport will be used instead, although this may result in
lower performance.
--------------------------------------------------------------------------
0: output to qwalk_000.linear.o
14: cell volume 1430.02
14: elsu 6.48894
14: alpha 0.770542
15: cell volume 1430.02
15: elsu 6.48894
15: alpha 0.770542
16: cell volume 1430.02
16: elsu 6.48894
16: alpha 0.770542
17: cell volume 1430.02
17: elsu 6.48894
17: alpha 0.770542
18: cell volume 1430.02
18: elsu 6.48894
18: alpha 0.770542
19: cell volume 1430.02
19: elsu 6.48894
19: alpha 0.770542
1: cell volume 1430.02
1: elsu 6.48894
1: alpha 0.770542
2: cell volume 1430.02
2: elsu 6.48894
2: alpha 0.770542
3: cell volume 1430.02
3: elsu 6.48894
3: alpha 0.770542
4: cell volume 1430.02
4: elsu 6.48894
4: alpha 0.770542
5: cell volume 1430.02
5: elsu 6.48894
5: alpha 0.770542
7: cell volume 1430.02
7: elsu 6.48894
7: alpha 0.770542
8: cell volume 1430.02
8: elsu 6.48894
8: alpha 0.770542
9: cell volume 1430.02
9: elsu 6.48894
9: alpha 0.770542
10: cell volume 1430.02
10: elsu 6.48894
10: alpha 0.770542
11: cell volume 1430.02
11: elsu 6.48894
11: alpha 0.770542
12: cell volume 1430.02
12: elsu 6.48894
12: alpha 0.770542
13: cell volume 1430.02
13: elsu 6.48894
13: alpha 0.770542
6: cell volume 1430.02
6: elsu 6.48894
6: alpha 0.770542
cutoff 9.59706
 total centers 271
0: cell volume 1430.02
**Warning** atom 4 is out of the simulation cell.  Putting it inside.
**Warning** atom 5 is out of the simulation cell.  Putting it inside.
**Warning** atom 6 is out of the simulation cell.  Putting it inside.
**Warning** atom 8 is out of the simulation cell.  Putting it inside.
**Warning** atom 10 is out of the simulation cell.  Putting it inside.
**Warning** atom 12 is out of the simulation cell.  Putting it inside.
**Warning** atom 13 is out of the simulation cell.  Putting it inside.
0: elsu 6.48894
0: alpha 0.770542
2: real space ion-ion 0.0258213
5: real space ion-ion 0.0258213
7: real space ion-ion 0.0258213
12: real space ion-ion 0.0258213
15: real space ion-ion 0.0258213
19: real space ion-ion 0.0258213
7: reciprocal space ion 377.807
14: real space ion-ion 0.0258213
12: reciprocal space ion 377.807
16: real space ion-ion 0.0258213
2: reciprocal space ion 377.807
8: real space ion-ion 0.0258213
19: reciprocal space ion 377.807
15: reciprocal space ion 377.807
5: reciprocal space ion 377.807
14: reciprocal space ion 377.807
16: reciprocal space ion 377.807
8: reciprocal space ion 377.807
13: real space ion-ion 0.0258213
1: real space ion-ion 0.0258213
18: real space ion-ion 0.0258213
13: reciprocal space ion 377.807
6: real space ion-ion 0.0258213
1: reciprocal space ion 377.807
18: reciprocal space ion 377.807
6: reciprocal space ion 377.807
10: real space ion-ion 0.0258213
10: reciprocal space ion 377.807
4: real space ion-ion 0.0258213
4: reciprocal space ion 377.807
9: real space ion-ion 0.0258213
9: reciprocal space ion 377.807
11: real space ion-ion 0.0258213
11: reciprocal space ion 377.807
17: real space ion-ion 0.0258213
17: reciprocal space ion 377.807
Ewald sum using 2491 reciprocal points
0: real space ion-ion 0.0258213
0: reciprocal space ion 377.807
3: real space ion-ion 0.0258213
3: reciprocal space ion 377.807
Could not open qwalk_000.linear.config. Generating configurations from scratch
[golub220:63274] 19 more processes have sent help message help-mpi-btl-base.txt / btl:no-nics
[golub220:63274] Set MCA parameter "orte_base_help_aggregate" to 0 to see all help / error messages
0: Timestep is 0.421
19: Timestep is 0.421
1: Timestep is 0.421
17: Timestep is 0.421
3: Timestep is 0.421
10: Timestep is 0.421
8: Timestep is 0.421
14: Timestep is 0.421
15: Timestep is 0.421
2: Timestep is 0.421
4: Timestep is 0.421
6: Timestep is 0.421
9: Timestep is 0.421
16: Timestep is 0.421
13: Timestep is 0.421
7: Timestep is 0.421
5: Timestep is 0.421
12: Timestep is 0.421
11: Timestep is 0.421
18: Timestep is 0.421
1: Write took 0 seconds
1: Write took 0 seconds
1: Write took 0 seconds
1: Write took 0 seconds
1: Write took 0 seconds
1: Write took 0 seconds
1: Write took 0 seconds
1: Write took 0 seconds
1: Write took 0 seconds
1: Write took 0 seconds
1: Write took 0 seconds
1: Write took 0 seconds
1: Write took 0 seconds
1: Write took 0 seconds
1: Write took 0 seconds
1: Write took 0 seconds
1: Write took 0 seconds
1: Write took 0 seconds
1: Write took 0 seconds
1: Write took 0 seconds
S matrix
1 0 0 0 0 0 0 0 0 0 0 0 0 
0 0.0353 0.0109 0.00254 -0.0568 -0.0247 -0.00755 -0.00487 -0.00221 -0.000666 -0.243 -0.0846 -0.0226 
0 0.0109 0.00357 0.00087 -0.0146 -0.00633 -0.00193 -0.00126 -0.000557 -0.00016 -0.0629 -0.0218 -0.0058 
0 0.00254 0.00087 0.000217 -0.0032 -0.00138 -0.000421 -0.000272 -0.000118 -3.26e-05 -0.0138 -0.00475 -0.00126 
0 -0.0568 -0.0146 -0.0032 4.23 2.68 1.02 -0.5 -0.212 -0.0673 4.8 2.33 0.707 
0 -0.0247 -0.00633 -0.00138 2.68 2.03 0.886 -0.219 -0.0878 -0.0277 3.91 1.98 0.619 
0 -0.00755 -0.00193 -0.000421 1.02 0.886 0.446 -0.0691 -0.0276 -0.00879 1.61 0.838 0.266 
0 -0.00487 -0.00126 -0.000272 -0.5 -0.219 -0.0691 2.64 2.11 0.932 26 13.9 4.69 
0 -0.00221 -0.000557 -0.000118 -0.212 -0.0878 -0.0276 2.11 2.15 1.12 20.6 12.4 4.43 
0 -0.000666 -0.00016 -3.26e-05 -0.0673 -0.0277 -0.00879 0.932 1.12 0.672 9.02 5.8 2.14 
0 -0.243 -0.0629 -0.0138 4.8 3.91 1.61 26 20.6 9.02 287 151 50.4 
0 -0.0846 -0.0218 -0.00475 2.33 1.98 0.838 13.9 12.4 5.8 151 85.7 30 
0 -0.0226 -0.0058 -0.00126 0.707 0.619 0.266 4.69 4.43 2.14 50.4 30 11.1 
H matrix
-919 -0.233 -0.0665 -0.0164 24.3 17.2 3.84 52.9 50.1 8.88 526 281 72.6 
0.0136 -32.4 -9.97 -2.34 52.1 22.6 6.93 4.47 2.02 0.611 223 77.6 20.8 
0.00602 -9.97 -3.28 -0.799 13.4 5.81 1.77 1.15 0.51 0.146 57.7 20 5.32 
0.00187 -2.34 -0.799 -0.199 2.94 1.27 0.387 0.25 0.108 0.0299 12.6 4.36 1.15 
-0.0559 52.2 13.4 2.94 -3.88e+03 -2.46e+03 -937 459 194 61.6 -4.39e+03 -2.13e+03 -648 
0.0977 22.7 5.83 1.27 -2.46e+03 -1.85e+03 -811 201 80.4 25.3 -3.58e+03 -1.81e+03 -567 
0.0476 6.95 1.78 0.388 -937 -810 -407 63.4 25.3 8.05 -1.47e+03 -766 -243 
-0.102 4.48 1.16 0.251 459 201 63.4 -2.42e+03 -1.93e+03 -852 -2.38e+04 -1.27e+04 -4.29e+03 
0.0467 2.03 0.511 0.108 195 80.5 25.3 -1.93e+03 -1.96e+03 -1.02e+03 -1.89e+04 -1.13e+04 -4.05e+03 
0.142 0.612 0.146 0.0299 61.8 25.4 8.05 -853 -1.02e+03 -612 -8.25e+03 -5.29e+03 -1.95e+03 
1.59 223 57.9 12.7 -4.4e+03 -3.58e+03 -1.47e+03 -2.38e+04 -1.89e+04 -8.25e+03 -2.62e+05 -1.38e+05 -4.6e+04 
0.897 77.8 20.1 4.37 -2.13e+03 -1.81e+03 -767 -1.28e+04 -1.13e+04 -5.3e+03 -1.38e+05 -7.83e+04 -2.74e+04 
0.294 20.8 5.34 1.16 -648 -567 -243 -4.3e+03 -4.05e+03 -1.95e+03 -4.61e+04 -2.74e+04 -1.01e+04 
S matrix
1 0 0 0 0 0 0 0 0 0 0 0 0 
0 0.0353 0.0109 0.00254 -0.0568 -0.0247 -0.00755 -0.00487 -0.00221 -0.000666 -0.243 -0.0846 -0.0226 
0 0.0109 0.00357 0.00087 -0.0146 -0.00633 -0.00193 -0.00126 -0.000557 -0.00016 -0.0629 -0.0218 -0.0058 
0 0.00254 0.00087 0.000217 -0.0032 -0.00138 -0.000421 -0.000272 -0.000118 -3.26e-05 -0.0138 -0.00475 -0.00126 
0 -0.0568 -0.0146 -0.0032 4.23 2.68 1.02 -0.5 -0.212 -0.0673 4.8 2.33 0.707 
0 -0.0247 -0.00633 -0.00138 2.68 2.03 0.886 -0.219 -0.0878 -0.0277 3.91 1.98 0.619 
0 -0.00755 -0.00193 -0.000421 1.02 0.886 0.446 -0.0691 -0.0276 -0.00879 1.61 0.838 0.266 
0 -0.00487 -0.00126 -0.000272 -0.5 -0.219 -0.0691 2.64 2.11 0.932 26 13.9 4.69 
0 -0.00221 -0.000557 -0.000118 -0.212 -0.0878 -0.0276 2.11 2.15 1.12 20.6 12.4 4.43 
0 -0.000666 -0.00016 -3.26e-05 -0.0673 -0.0277 -0.00879 0.932 1.12 0.672 9.02 5.8 2.14 
0 -0.243 -0.0629 -0.0138 4.8 3.91 1.61 26 20.6 9.02 287 151 50.4 
0 -0.0846 -0.0218 -0.00475 2.33 1.98 0.838 13.9 12.4 5.8 151 85.7 30 
0 -0.0226 -0.0058 -0.00126 0.707 0.619 0.266 4.69 4.43 2.14 50.4 30 11.1 
H matrix
-919 -0.233 -0.0665 -0.0164 24.3 17.2 3.84 52.9 50.1 8.88 526 281 72.6 
0.0136 -32.4 -9.97 -2.34 52.1 22.6 6.93 4.47 2.02 0.611 223 77.6 20.8 
0.00602 -9.97 -3.28 -0.799 13.4 5.81 1.77 1.15 0.51 0.146 57.7 20 5.32 
0.00187 -2.34 -0.799 -0.199 2.94 1.27 0.387 0.25 0.108 0.0299 12.6 4.36 1.15 
-0.0559 52.2 13.4 2.94 -3.88e+03 -2.46e+03 -937 459 194 61.6 -4.39e+03 -2.13e+03 -648 
0.0977 22.7 5.83 1.27 -2.46e+03 -1.85e+03 -811 201 80.4 25.3 -3.58e+03 -1.81e+03 -567 
0.0476 6.95 1.78 0.388 -937 -810 -407 63.4 25.3 8.05 -1.47e+03 -766 -243 
-0.102 4.48 1.16 0.251 459 201 63.4 -2.42e+03 -1.93e+03 -852 -2.38e+04 -1.27e+04 -4.29e+03 
0.0467 2.03 0.511 0.108 195 80.5 25.3 -1.93e+03 -1.96e+03 -1.02e+03 -1.89e+04 -1.13e+04 -4.05e+03 
0.142 0.612 0.146 0.0299 61.8 25.4 8.05 -853 -1.02e+03 -612 -8.25e+03 -5.29e+03 -1.95e+03 
1.59 223 57.9 12.7 -4.4e+03 -3.58e+03 -1.47e+03 -2.38e+04 -1.89e+04 -8.25e+03 -2.62e+05 -1.38e+05 -4.6e+04 
0.897 77.8 20.1 4.37 -2.13e+03 -1.81e+03 -767 -1.28e+04 -1.13e+04 -5.3e+03 -1.38e+05 -7.83e+04 -2.74e+04 
0.294 20.8 5.34 1.16 -648 -567 -243 -4.3e+03 -4.05e+03 -1.95e+03 -4.61e+04 -2.74e+04 -1.01e+04 
S matrix
1 0 0 0 0 0 0 0 0 0 0 0 0 
0 0.0353 0.0109 0.00254 -0.0568 -0.0247 -0.00755 -0.00487 -0.00221 -0.000666 -0.243 -0.0846 -0.0226 
0 0.0109 0.00357 0.00087 -0.0146 -0.00633 -0.00193 -0.00126 -0.000557 -0.00016 -0.0629 -0.0218 -0.0058 
0 0.00254 0.00087 0.000217 -0.0032 -0.00138 -0.000421 -0.000272 -0.000118 -3.26e-05 -0.0138 -0.00475 -0.00126 
0 -0.0568 -0.0146 -0.0032 4.23 2.68 1.02 -0.5 -0.212 -0.0673 4.8 2.33 0.707 
0 -0.0247 -0.00633 -0.00138 2.68 2.03 0.886 -0.219 -0.0878 -0.0277 3.91 1.98 0.619 
0 -0.00755 -0.00193 -0.000421 1.02 0.886 0.446 -0.0691 -0.0276 -0.00879 1.61 0.838 0.266 
0 -0.00487 -0.00126 -0.000272 -0.5 -0.219 -0.0691 2.64 2.11 0.932 26 13.9 4.69 
0 -0.00221 -0.000557 -0.000118 -0.212 -0.0878 -0.0276 2.11 2.15 1.12 20.6 12.4 4.43 
0 -0.000666 -0.00016 -3.26e-05 -0.0673 -0.0277 -0.00879 0.932 1.12 0.672 9.02 5.8 2.14 
0 -0.243 -0.0629 -0.0138 4.8 3.91 1.61 26 20.6 9.02 287 151 50.4 
0 -0.0846 -0.0218 -0.00475 2.33 1.98 0.838 13.9 12.4 5.8 151 85.7 30 
0 -0.0226 -0.0058 -0.00126 0.707 0.619 0.266 4.69 4.43 2.14 50.4 30 11.1 
H matrix
-919 -0.233 -0.0665 -0.0164 24.3 17.2 3.84 52.9 50.1 8.88 526 281 72.6 
0.0136 -32.4 -9.97 -2.34 52.1 22.6 6.93 4.47 2.02 0.611 223 77.6 20.8 
0.00602 -9.97 -3.28 -0.799 13.4 5.81 1.77 1.15 0.51 0.146 57.7 20 5.32 
0.00187 -2.34 -0.799 -0.199 2.94 1.27 0.387 0.25 0.108 0.0299 12.6 4.36 1.15 
-0.0559 52.2 13.4 2.94 -3.88e+03 -2.46e+03 -937 459 194 61.6 -4.39e+03 -2.13e+03 -648 
0.0977 22.7 5.83 1.27 -2.46e+03 -1.85e+03 -811 201 80.4 25.3 -3.58e+03 -1.81e+03 -567 
0.0476 6.95 1.78 0.388 -937 -810 -407 63.4 25.3 8.05 -1.47e+03 -766 -243 
-0.102 4.48 1.16 0.251 459 201 63.4 -2.42e+03 -1.93e+03 -852 -2.38e+04 -1.27e+04 -4.29e+03 
0.0467 2.03 0.511 0.108 195 80.5 25.3 -1.93e+03 -1.96e+03 -1.02e+03 -1.89e+04 -1.13e+04 -4.05e+03 
0.142 0.612 0.146 0.0299 61.8 25.4 8.05 -853 -1.02e+03 -612 -8.25e+03 -5.29e+03 -1.95e+03 
1.59 223 57.9 12.7 -4.4e+03 -3.58e+03 -1.47e+03 -2.38e+04 -1.89e+04 -8.25e+03 -2.62e+05 -1.38e+05 -4.6e+04 
0.897 77.8 20.1 4.37 -2.13e+03 -1.81e+03 -767 -1.28e+04 -1.13e+04 -5.3e+03 -1.38e+05 -7.83e+04 -2.74e+04 
0.294 20.8 5.34 1.16 -648 -567 -243 -4.3e+03 -4.05e+03 -1.95e+03 -4.61e+04 -2.74e+04 -1.01e+04 
S matrix
1 0 0 0 0 0 0 0 0 0 0 0 0 
0 0.0353 0.0109 0.00254 -0.0568 -0.0247 -0.00755 -0.00487 -0.00221 -0.000666 -0.243 -0.0846 -0.0226 
0 0.0109 0.00357 0.00087 -0.0146 -0.00633 -0.00193 -0.00126 -0.000557 -0.00016 -0.0629 -0.0218 -0.0058 
0 0.00254 0.00087 0.000217 -0.0032 -0.00138 -0.000421 -0.000272 -0.000118 -3.26e-05 -0.0138 -0.00475 -0.00126 
0 -0.0568 -0.0146 -0.0032 4.23 2.68 1.02 -0.5 -0.212 -0.0673 4.8 2.33 0.707 
0 -0.0247 -0.00633 -0.00138 2.68 2.03 0.886 -0.219 -0.0878 -0.0277 3.91 1.98 0.619 
0 -0.00755 -0.00193 -0.000421 1.02 0.886 0.446 -0.0691 -0.0276 -0.00879 1.61 0.838 0.266 
0 -0.00487 -0.00126 -0.000272 -0.5 -0.219 -0.0691 2.64 2.11 0.932 26 13.9 4.69 
0 -0.00221 -0.000557 -0.000118 -0.212 -0.0878 -0.0276 2.11 2.15 1.12 20.6 12.4 4.43 
0 -0.000666 -0.00016 -3.26e-05 -0.0673 -0.0277 -0.00879 0.932 1.12 0.672 9.02 5.8 2.14 
0 -0.243 -0.0629 -0.0138 4.8 3.91 1.61 26 20.6 9.02 287 151 50.4 
0 -0.0846 -0.0218 -0.00475 2.33 1.98 0.838 13.9 12.4 5.8 151 85.7 30 
0 -0.0226 -0.0058 -0.00126 0.707 0.619 0.266 4.69 4.43 2.14 50.4 30 11.1 
H matrix
-919 -0.233 -0.0665 -0.0164 24.3 17.2 3.84 52.9 50.1 8.88 526 281 72.6 
0.0136 -32.4 -9.97 -2.34 52.1 22.6 6.93 4.47 2.02 0.611 223 77.6 20.8 
0.00602 -9.97 -3.28 -0.799 13.4 5.81 1.77 1.15 0.51 0.146 57.7 20 5.32 
0.00187 -2.34 -0.799 -0.199 2.94 1.27 0.387 0.25 0.108 0.0299 12.6 4.36 1.15 
-0.0559 52.2 13.4 2.94 -3.88e+03 -2.46e+03 -937 459 194 61.6 -4.39e+03 -2.13e+03 -648 
0.0977 22.7 5.83 1.27 -2.46e+03 -1.85e+03 -811 201 80.4 25.3 -3.58e+03 -1.81e+03 -567 
0.0476 6.95 1.78 0.388 -937 -810 -407 63.4 25.3 8.05 -1.47e+03 -766 -243 
-0.102 4.48 1.16 0.251 459 201 63.4 -2.42e+03 -1.93e+03 -852 -2.38e+04 -1.27e+04 -4.29e+03 
0.0467 2.03 0.511 0.108 195 80.5 25.3 -1.93e+03 -1.96e+03 -1.02e+03 -1.89e+04 -1.13e+04 -4.05e+03 
0.142 0.612 0.146 0.0299 61.8 25.4 8.05 -853 -1.02e+03 -612 -8.25e+03 -5.29e+03 -1.95e+03 
1.59 223 57.9 12.7 -4.4e+03 -3.58e+03 -1.47e+03 -2.38e+04 -1.89e+04 -8.25e+03 -2.62e+05 -1.38e+05 -4.6e+04 
0.897 77.8 20.1 4.37 -2.13e+03 -1.81e+03 -767 -1.28e+04 -1.13e+04 -5.3e+03 -1.38e+05 -7.83e+04 -2.74e+04 
0.294 20.8 5.34 1.16 -648 -567 -243 -4.3e+03 -4.05e+03 -1.95e+03 -4.61e+04 -2.74e+04 -1.01e+04 
i 1 1.964178916 prop_psi0 0.9609727142
i 2 2.525372893 prop_psi0 0.9694954742
i 3 3.991959582 prop_psi0 0.9758189562
i 4 3.991959582 prop_psi0 0.9758189562
i 5 4597.301053 prop_psi0 0.9999999587
alphas
-0.00636 -0.00701 -0.0031 0.321 0.0388 -0.0262 1.46 0.29 -0.0996 -0.0872 -0.104 -0.0528 
0.00419 -0.00536 -0.003 0.37 0.0412 -0.0258 1.68 0.406 -0.146 -0.145 -0.0174 -0.0867 
0.00246 -0.00556 -0.00298 0.358 0.042 -0.0251 1.63 0.401 -0.127 -0.145 -0.00403 -0.0893 
0.000369 -0.00578 -0.00295 0.344 0.0428 -0.0241 1.57 0.392 -0.0987 -0.149 0.0176 -0.09 
0.000369 -0.00578 -0.00295 0.344 0.0428 -0.0241 1.57 0.392 -0.0987 -0.149 0.0176 -0.09 
-0.00637 -0.00701 -0.0031 0.321 0.0388 -0.0263 1.46 0.29 -0.0996 -0.0874 -0.104 -0.0528 
i 1 1.964178916 prop_psi0 0.9609727142
i 2 2.525372893 prop_psi0 0.9694954742
i 3 3.991959582 prop_psi0 0.9758189562
i 4 3.991959582 prop_psi0 0.9758189562
i 5 4597.301053 prop_psi0 0.9999999587
alphas
-0.00636 -0.00701 -0.0031 0.321 0.0388 -0.0262 1.46 0.29 -0.0996 -0.0872 -0.104 -0.0528 
0.00419 -0.00536 -0.003 0.37 0.0412 -0.0258 1.68 0.406 -0.146 -0.145 -0.0174 -0.0867 
0.00246 -0.00556 -0.00298 0.358 0.042 -0.0251 1.63 0.401 -0.127 -0.145 -0.00403 -0.0893 
0.000369 -0.00578 -0.00295 0.344 0.0428 -0.0241 1.57 0.392 -0.0987 -0.149 0.0176 -0.09 
0.000369 -0.00578 -0.00295 0.344 0.0428 -0.0241 1.57 0.392 -0.0987 -0.149 0.0176 -0.09 
-0.00637 -0.00701 -0.0031 0.321 0.0388 -0.0263 1.46 0.29 -0.0996 -0.0874 -0.104 -0.0528 
i 1 1.964178916 prop_psi0 0.9609727142
i 2 2.525372893 prop_psi0 0.9694954742
i 3 3.991959582 prop_psi0 0.9758189562
i 4 3.991959582 prop_psi0 0.9758189562
i 5 4597.301053 prop_psi0 0.9999999587
alphas
-0.00636 -0.00701 -0.0031 0.321 0.0388 -0.0262 1.46 0.29 -0.0996 -0.0872 -0.104 -0.0528 
0.00419 -0.00536 -0.003 0.37 0.0412 -0.0258 1.68 0.406 -0.146 -0.145 -0.0174 -0.0867 
0.00246 -0.00556 -0.00298 0.358 0.042 -0.0251 1.63 0.401 -0.127 -0.145 -0.00403 -0.0893 
0.000369 -0.00578 -0.00295 0.344 0.0428 -0.0241 1.57 0.392 -0.0987 -0.149 0.0176 -0.09 
0.000369 -0.00578 -0.00295 0.344 0.0428 -0.0241 1.57 0.392 -0.0987 -0.149 0.0176 -0.09 
-0.00637 -0.00701 -0.0031 0.321 0.0388 -0.0263 1.46 0.29 -0.0996 -0.0874 -0.104 -0.0528 
S matrix
1 0 0 0 0 0 0 0 0 0 0 0 0 
0 0.0353 0.0109 0.00254 -0.0568 -0.0247 -0.00755 -0.00487 -0.00221 -0.000666 -0.243 -0.0846 -0.0226 
0 0.0109 0.00357 0.00087 -0.0146 -0.00633 -0.00193 -0.00126 -0.000557 -0.00016 -0.0629 -0.0218 -0.0058 
0 0.00254 0.00087 0.000217 -0.0032 -0.00138 -0.000421 -0.000272 -0.000118 -3.26e-05 -0.0138 -0.00475 -0.00126 
0 -0.0568 -0.0146 -0.0032 4.23 2.68 1.02 -0.5 -0.212 -0.0673 4.8 2.33 0.707 
0 -0.0247 -0.00633 -0.00138 2.68 2.03 0.886 -0.219 -0.0878 -0.0277 3.91 1.98 0.619 
0 -0.00755 -0.00193 -0.000421 1.02 0.886 0.446 -0.0691 -0.0276 -0.00879 1.61 0.838 0.266 
proportions significant
S0 1
S 0.08333333333
H0 1
enderiv 1
H 0.08333333333
energy derivative -0.2461429385 +/- 0.0002069114557
energy derivative -0.07255316187 +/- 5.539903672e-05
energy derivative -0.01826548462 +/- 2.143548554e-05
energy derivative 24.39382043 +/- 0.00368912564
energy derivative 17.10644363 +/- 0.006310501865
energy derivative 3.790044834 +/- 0.01059422801
energy derivative 52.96516934 +/- 0.007944773171
energy derivative 50.09807088 +/- 0.02230344463
energy derivative 8.742709757 +/- 0.0219357206
energy derivative 523.9717627 +/- 0.1230087952
energy derivative 280.0290376 +/- 0.1082028616
energy derivative 72.31497517 +/- 0.07775669201
S matrix
1 0 0 0 0 0 0 0 0 0 0 0 0 
0 0.0353 0.0109 0.00254 -0.0568 -0.0247 -0.00755 -0.00487 -0.00221 -0.000666 -0.243 -0.0846 -0.0226 
0 0.0109 0.00357 0.00087 -0.0146 -0.00633 -0.00193 -0.00126 -0.000557 -0.00016 -0.0629 -0.0218 -0.0058 
0 0.00254 0.00087 0.000217 -0.0032 -0.00138 -0.000421 -0.000272 -0.000118 -3.26e-05 -0.0138 -0.00475 -0.00126 
0 -0.0568 -0.0146 -0.0032 4.23 2.68 1.02 -0.5 -0.212 -0.0673 4.8 2.33 0.707 
0 -0.0247 -0.00633 -0.00138 2.68 2.03 0.886 -0.219 -0.0878 -0.0277 3.91 1.98 0.619 
0 -0.00755 -0.00193 -0.000421 1.02 0.886 0.446 -0.0691 -0.0276 -0.00879 1.61 0.838 0.266 
0 -0.00487 -0.00126 -0.000272 -0.5 -0.219 -0.0691 2.64 2.11 0.932 26 13.9 4.69 
0 -0.00221 -0.000557 -0.000118 -0.212 -0.0878 -0.0276 2.11 2.15 1.12 20.6 12.4 4.43 
0 -0.000666 -0.00016 -3.26e-05 -0.0673 -0.0277 -0.00879 0.932 1.12 0.672 9.02 5.8 2.14 
0 -0.243 -0.0629 -0.0138 4.8 3.91 1.61 26 20.6 9.02 287 151 50.4 
0 -0.0846 -0.0218 -0.00475 2.33 1.98 0.838 13.9 12.4 5.8 151 85.7 30 
0 -0.0226 -0.0058 -0.00126 0.707 0.619 0.266 4.69 4.43 2.14 50.4 30 11.1 
H matrix
-919 -0.233 -0.0665 -0.0164 24.3 17.2 3.84 52.9 50.1 8.88 526 281 72.6 
0.0136 -32.4 -9.97 -2.34 52.1 22.6 6.93 4.47 2.02 0.611 223 77.6 20.8 
0.00602 -9.97 -3.28 -0.799 13.4 5.81 1.77 1.15 0.51 0.146 57.7 20 5.32 
0.00187 -2.34 -0.799 -0.199 2.94 1.27 0.387 0.25 0.108 0.0299 12.6 4.36 1.15 
-0.0559 52.2 13.4 2.94 -3.88e+03 -2.46e+03 -937 459 194 61.6 -4.39e+03 -2.13e+03 -648 
0.0977 22.7 5.83 1.27 -2.46e+03 -1.85e+03 -811 201 80.4 25.3 -3.58e+03 -1.81e+03 -567 
0.0476 6.95 1.78 0.388 -937 -810 -407 63.4 25.3 8.05 -1.47e+03 -766 -243 
-0.102 4.48 1.16 0.251 459 201 63.4 -2.42e+03 -1.93e+03 -852 -2.38e+04 -1.27e+04 -4.29e+03 
0.0467 2.03 0.511 0.108 195 80.5 25.3 -1.93e+03 -1.96e+03 -1.02e+03 -1.89e+04 -1.13e+04 -4.05e+03 
0.142 0.612 0.146 0.0299 61.8 25.4 8.05 -853 -1.02e+03 -612 -8.25e+03 -5.29e+03 -1.95e+03 
1.59 223 57.9 12.7 -4.4e+03 -3.58e+03 -1.47e+03 -2.38e+04 -1.89e+04 -8.25e+03 -2.62e+05 -1.38e+05 -4.6e+04 
0.897 77.8 20.1 4.37 -2.13e+03 -1.81e+03 -767 -1.28e+04 -1.13e+04 -5.3e+03 -1.38e+05 -7.83e+04 -2.74e+04 
0.294 20.8 5.34 1.16 -648 -567 -243 -4.3e+03 -4.05e+03 -1.95e+03 -4.61e+04 -2.74e+04 -1.01e+04 
S matrix
1 0 0 0 0 0 0 0 0 0 0 0 0 
0 0.0353 0.0109 0.00254 -0.0568 -0.0247 -0.00755 -0.00487 -0.00221 -0.000666 -0.243 -0.0846 -0.0226 
0 0.0109 0.00357 0.00087 -0.0146 -0.00633 -0.00193 -0.00126 -0.000557 -0.00016 -0.0629 -0.0218 -0.0058 
0 0.00254 0.00087 0.000217 -0.0032 -0.00138 -0.000421 -0.000272 -0.000118 -3.26e-05 -0.0138 -0.00475 -0.00126 
0 -0.0568 -0.0146 -0.0032 4.23 2.68 1.02 -0.5 -0.212 -0.0673 4.8 2.33 0.707 
0 -0.0247 -0.00633 -0.00138 2.68 2.03 0.886 -0.219 -0.0878 -0.0277 3.91 1.98 0.619 
0 -0.00755 -0.00193 -0.000421 1.02 0.886 0.446 -0.0691 -0.0276 -0.00879 1.61 0.838 0.266 
0 -0.00487 -0.00126 -0.000272 -0.5 -0.219 -0.0691 2.64 2.11 0.932 26 13.9 4.69 
0 -0.00221 -0.000557 -0.000118 -0.212 -0.0878 -0.0276 2.11 2.15 1.12 20.6 12.4 4.43 
0 -0.000666 -0.00016 -3.26e-05 -0.0673 -0.0277 -0.00879 0.932 1.12 0.672 9.02 5.8 2.14 
0 -0.243 -0.0629 -0.0138 4.8 3.91 1.61 26 20.6 9.02 287 151 50.4 
0 -0.0846 -0.0218 -0.00475 2.33 1.98 0.838 13.9 12.4 5.8 151 85.7 30 
0 -0.0226 -0.0058 -0.00126 0.707 0.619 0.266 4.69 4.43 2.14 50.4 30 11.1 
H matrix
-919 -0.233 -0.0665 -0.0164 24.3 17.2 3.84 52.9 50.1 8.88 526 281 72.6 
0.0136 -32.4 -9.97 -2.34 52.1 22.6 6.93 4.47 2.02 0.611 223 77.6 20.8 
0.00602 -9.97 -3.28 -0.799 13.4 5.81 1.77 1.15 0.51 0.146 57.7 20 5.32 
0.00187 -2.34 -0.799 -0.199 2.94 1.27 0.387 0.25 0.108 0.0299 12.6 4.36 1.15 
-0.0559 52.2 13.4 2.94 -3.88e+03 -2.46e+03 -937 459 194 61.6 -4.39e+03 -2.13e+03 -648 
0.0977 22.7 5.83 1.27 -2.46e+03 -1.85e+03 -811 201 80.4 25.3 -3.58e+03 -1.81e+03 -567 
0.0476 6.95 1.78 0.388 -937 -810 -407 63.4 25.3 8.05 -1.47e+03 -766 -243 
-0.102 4.48 1.16 0.251 459 201 63.4 -2.42e+03 -1.93e+03 -852 -2.38e+04 -1.27e+04 -4.29e+03 
0.0467 2.03 0.511 0.108 195 80.5 25.3 -1.93e+03 -1.96e+03 -1.02e+03 -1.89e+04 -1.13e+04 -4.05e+03 
0.142 0.612 0.146 0.0299 61.8 25.4 8.05 -853 -1.02e+03 -612 -8.25e+03 -5.29e+03 -1.95e+03 
1.59 223 57.9 12.7 -4.4e+03 -3.58e+03 -1.47e+03 -2.38e+04 -1.89e+04 -8.25e+03 -2.62e+05 -1.38e+05 -4.6e+04 
0.897 77.8 20.1 4.37 -2.13e+03 -1.81e+03 -767 -1.28e+04 -1.13e+04 -5.3e+03 -1.38e+05 -7.83e+04 -2.74e+04 
0.294 20.8 5.34 1.16 -648 -567 -243 -4.3e+03 -4.05e+03 -1.95e+03 -4.61e+04 -2.74e+04 -1.01e+04 
S matrix
1 0 0 0 0 0 0 0 0 0 0 0 0 
0 0.0353 0.0109 0.00254 -0.0568 -0.0247 -0.00755 -0.00487 -0.00221 -0.000666 -0.243 -0.0846 -0.0226 
0 0.0109 0.00357 0.00087 -0.0146 -0.00633 -0.00193 -0.00126 -0.000557 -0.00016 -0.0629 -0.0218 -0.0058 
0 0.00254 0.00087 0.000217 -0.0032 -0.00138 -0.000421 -0.000272 -0.000118 -3.26e-05 -0.0138 -0.00475 -0.00126 
0 -0.0568 -0.0146 -0.0032 4.23 2.68 1.02 -0.5 -0.212 -0.0673 4.8 2.33 0.707 
0 -0.0247 -0.00633 -0.00138 2.68 2.03 0.886 -0.219 -0.0878 -0.0277 3.91 1.98 0.619 
0 -0.00755 -0.00193 -0.000421 1.02 0.886 0.446 -0.0691 -0.0276 -0.00879 1.61 0.838 0.266 
0 -0.00487 -0.00126 -0.000272 -0.5 -0.219 -0.0691 2.64 2.11 0.932 26 13.9 4.69 
0 -0.00221 -0.000557 -0.000118 -0.212 -0.0878 -0.0276 2.11 2.15 1.12 20.6 12.4 4.43 
0 -0.000666 -0.00016 -3.26e-05 -0.0673 -0.0277 -0.00879 0.932 1.12 0.672 9.02 5.8 2.14 
0 -0.243 -0.0629 -0.0138 4.8 3.91 1.61 26 20.6 9.02 287 151 50.4 
0 -0.0846 -0.0218 -0.00475 2.33 1.98 0.838 13.9 12.4 5.8 151 85.7 30 
0 -0.0226 -0.0058 -0.00126 0.707 0.619 0.266 4.69 4.43 2.14 50.4 30 11.1 
H matrix
-919 -0.233 -0.0665 -0.0164 24.3 17.2 3.84 52.9 50.1 8.88 526 281 72.6 
0.0136 -32.4 -9.97 -2.34 52.1 22.6 6.93 4.47 2.02 0.611 223 77.6 20.8 
0.00602 -9.97 -3.28 -0.799 13.4 5.81 1.77 1.15 0.51 0.146 57.7 20 5.32 
0.00187 -2.34 -0.799 -0.199 2.94 1.27 0.387 0.25 0.108 0.0299 12.6 4.36 1.15 
-0.0559 52.2 13.4 2.94 -3.88e+03 -2.46e+03 -937 459 194 61.6 -4.39e+03 -2.13e+03 -648 
0.0977 22.7 5.83 1.27 -2.46e+03 -1.85e+03 -811 201 80.4 25.3 -3.58e+03 -1.81e+03 -567 
0.0476 6.95 1.78 0.388 -937 -810 -407 63.4 25.3 8.05 -1.47e+03 -766 -243 
-0.102 4.48 1.16 0.251 459 201 63.4 -2.42e+03 -1.93e+03 -852 -2.38e+04 -1.27e+04 -4.29e+03 
0.0467 2.03 0.511 0.108 195 80.5 25.3 -1.93e+03 -1.96e+03 -1.02e+03 -1.89e+04 -1.13e+04 -4.05e+03 
0.142 0.612 0.146 0.0299 61.8 25.4 8.05 -853 -1.02e+03 -612 -8.25e+03 -5.29e+03 -1.95e+03 
1.59 223 57.9 12.7 -4.4e+03 -3.58e+03 -1.47e+03 -2.38e+04 -1.89e+04 -8.25e+03 -2.62e+05 -1.38e+05 -4.6e+04 
0.897 77.8 20.1 4.37 -2.13e+03 -1.81e+03 -767 -1.28e+04 -1.13e+04 -5.3e+03 -1.38e+05 -7.83e+04 -2.74e+04 
0.294 20.8 5.34 1.16 -648 -567 -243 -4.3e+03 -4.05e+03 -1.95e+03 -4.61e+04 -2.74e+04 -1.01e+04 
S matrix
1 0 0 0 0 0 0 0 0 0 0 0 0 
0 0.0353 0.0109 0.00254 -0.0568 -0.0247 -0.00755 -0.00487 -0.00221 -0.000666 -0.243 -0.0846 -0.0226 
0 0.0109 0.00357 0.00087 -0.0146 -0.00633 -0.00193 -0.00126 -0.000557 -0.00016 -0.0629 -0.0218 -0.0058 
0 0.00254 0.00087 0.000217 -0.0032 -0.00138 -0.000421 -0.000272 -0.000118 -3.26e-05 -0.0138 -0.00475 -0.00126 
0 -0.0568 -0.0146 -0.0032 4.23 2.68 1.02 -0.5 -0.212 -0.0673 4.8 2.33 0.707 
0 -0.0247 -0.00633 -0.00138 2.68 2.03 0.886 -0.219 -0.0878 -0.0277 3.91 1.98 0.619 
0 -0.00755 -0.00193 -0.000421 1.02 0.886 0.446 -0.0691 -0.0276 -0.00879 1.61 0.838 0.266 
0 -0.00487 -0.00126 -0.000272 -0.5 -0.219 -0.0691 2.64 2.11 0.932 26 13.9 4.69 
0 -0.00221 -0.000557 -0.000118 -0.212 -0.0878 -0.0276 2.11 2.15 1.12 20.6 12.4 4.43 
0 -0.000666 -0.00016 -3.26e-05 -0.0673 -0.0277 -0.00879 0.932 1.12 0.672 9.02 5.8 2.14 
0 -0.243 -0.0629 -0.0138 4.8 3.91 1.61 26 20.6 9.02 287 151 50.4 
0 -0.0846 -0.0218 -0.00475 2.33 1.98 0.838 13.9 12.4 5.8 151 85.7 30 
0 -0.0226 -0.0058 -0.00126 0.707 0.619 0.266 4.69 4.43 2.14 50.4 30 11.1 
H matrix
-919 -0.233 -0.0665 -0.0164 24.3 17.2 3.84 52.9 50.1 8.88 526 281 72.6 
0.0136 -32.4 -9.97 -2.34 52.1 22.6 6.93 4.47 2.02 0.611 223 77.6 20.8 
0.00602 -9.97 -3.28 -0.799 13.4 5.81 1.77 1.15 0.51 0.146 57.7 20 5.32 
0.00187 -2.34 -0.799 -0.199 2.94 1.27 0.387 0.25 0.108 0.0299 12.6 4.36 1.15 
-0.0559 52.2 13.4 2.94 -3.88e+03 -2.46e+03 -937 459 194 61.6 -4.39e+03 -2.13e+03 -648 
0.0977 22.7 5.83 1.27 -2.46e+03 -1.85e+03 -811 201 80.4 25.3 -3.58e+03 -1.81e+03 -567 
0.0476 6.95 1.78 0.388 -937 -810 -407 63.4 25.3 8.05 -1.47e+03 -766 -243 
-0.102 4.48 1.16 0.251 459 201 63.4 -2.42e+03 -1.93e+03 -852 -2.38e+04 -1.27e+04 -4.29e+03 
0.0467 2.03 0.511 0.108 195 80.5 25.3 -1.93e+03 -1.96e+03 -1.02e+03 -1.89e+04 -1.13e+04 -4.05e+03 
0.142 0.612 0.146 0.0299 61.8 25.4 8.05 -853 -1.02e+03 -612 -8.25e+03 -5.29e+03 -1.95e+03 
1.59 223 57.9 12.7 -4.4e+03 -3.58e+03 -1.47e+03 -2.38e+04 -1.89e+04 -8.25e+03 -2.62e+05 -1.38e+05 -4.6e+04 
0.897 77.8 20.1 4.37 -2.13e+03 -1.81e+03 -767 -1.28e+04 -1.13e+04 -5.3e+03 -1.38e+05 -7.83e+04 -2.74e+04 
0.294 20.8 5.34 1.16 -648 -567 -243 -4.3e+03 -4.05e+03 -1.95e+03 -4.61e+04 -2.74e+04 -1.01e+04 
S matrix
1 0 0 0 0 0 0 0 0 0 0 0 0 
0 0.0353 0.0109 0.00254 -0.0568 -0.0247 -0.00755 -0.00487 -0.00221 -0.000666 -0.243 -0.0846 -0.0226 
0 0.0109 0.00357 0.00087 -0.0146 -0.00633 -0.00193 -0.00126 -0.000557 -0.00016 -0.0629 -0.0218 -0.0058 
0 0.00254 0.00087 0.000217 -0.0032 -0.00138 -0.000421 -0.000272 -0.000118 -3.26e-05 -0.0138 -0.00475 -0.00126 
0 -0.0568 -0.0146 -0.0032 4.23 2.68 1.02 -0.5 -0.212 -0.0673 4.8 2.33 0.707 
0 -0.0247 -0.00633 -0.00138 2.68 2.03 0.886 -0.219 -0.0878 -0.0277 3.91 1.98 0.619 
0 -0.00755 -0.00193 -0.000421 1.02 0.886 0.446 -0.0691 -0.0276 -0.00879 1.61 0.838 0.266 
0 -0.00487 -0.00126 -0.000272 -0.5 -0.219 -0.0691 2.64 2.11 0.932 26 13.9 4.69 
0 -0.00221 -0.000557 -0.000118 -0.212 -0.0878 -0.0276 2.11 2.15 1.12 20.6 12.4 4.43 
0 -0.000666 -0.00016 -3.26e-05 -0.0673 -0.0277 -0.00879 0.932 1.12 0.672 9.02 5.8 2.14 
0 -0.243 -0.0629 -0.0138 4.8 3.91 1.61 26 20.6 9.02 287 151 50.4 
0 -0.0846 -0.0218 -0.00475 2.33 1.98 0.838 13.9 12.4 5.8 151 85.7 30 
0 -0.0226 -0.0058 -0.00126 0.707 0.619 0.266 4.69 4.43 2.14 50.4 30 11.1 
H matrix
-919 -0.233 -0.0665 -0.0164 24.3 17.2 3.84 52.9 50.1 8.88 526 281 72.6 
0.0136 -32.4 -9.97 -2.34 52.1 22.6 6.93 4.47 2.02 0.611 223 77.6 20.8 
0.00602 -9.97 -3.28 -0.799 13.4 5.81 1.77 1.15 0.51 0.146 57.7 20 5.32 
0.00187 -2.34 -0.799 -0.199 2.94 1.27 0.387 0.25 0.108 0.0299 12.6 4.36 1.15 
-0.0559 52.2 13.4 2.94 -3.88e+03 -2.46e+03 -937 459 194 61.6 -4.39e+03 -2.13e+03 -648 
0.0977 22.7 5.83 1.27 -2.46e+03 -1.85e+03 -811 201 80.4 25.3 -3.58e+03 -1.81e+03 -567 
0.0476 6.95 1.78 0.388 -937 -810 -407 63.4 25.3 8.05 -1.47e+03 -766 -243 
-0.102 4.48 1.16 0.251 459 201 63.4 -2.42e+03 -1.93e+03 -852 -2.38e+04 -1.27e+04 -4.29e+03 
0.0467 2.03 0.511 0.108 195 80.5 25.3 -1.93e+03 -1.96e+03 -1.02e+03 -1.89e+04 -1.13e+04 -4.05e+03 
0.142 0.612 0.146 0.0299 61.8 25.4 8.05 -853 -1.02e+03 -612 -8.25e+03 -5.29e+03 -1.95e+03 
1.59 223 57.9 12.7 -4.4e+03 -3.58e+03 -1.47e+03 -2.38e+04 -1.89e+04 -8.25e+03 -2.62e+05 -1.38e+05 -4.6e+04 
0.897 77.8 20.1 4.37 -2.13e+03 -1.81e+03 -767 -1.28e+04 -1.13e+04 -5.3e+03 -1.38e+05 -7.83e+04 -2.74e+04 
0.294 20.8 5.34 1.16 -648 -567 -243 -4.3e+03 -4.05e+03 -1.95e+03 -4.61e+04 -2.74e+04 -1.01e+04 
S matrix
1 0 0 0 0 0 0 0 0 0 0 0 0 
0 0.0353 0.0109 0.00254 -0.0568 -0.0247 -0.00755 -0.00487 -0.00221 -0.000666 -0.243 -0.0846 -0.0226 
0 0.0109 0.00357 0.00087 -0.0146 -0.00633 -0.00193 -0.00126 -0.000557 -0.00016 -0.0629 -0.0218 -0.0058 
0 0.00254 0.00087 0.000217 -0.0032 -0.00138 -0.000421 -0.000272 -0.000118 -3.26e-05 -0.0138 -0.00475 -0.00126 
0 -0.0568 -0.0146 -0.0032 4.23 2.68 1.02 -0.5 -0.212 -0.0673 4.8 2.33 0.707 
0 -0.0247 -0.00633 -0.00138 2.68 2.03 0.886 -0.219 -0.0878 -0.0277 3.91 1.98 0.619 
0 -0.00755 -0.00193 -0.000421 1.02 0.886 0.446 -0.0691 -0.0276 -0.00879 1.61 0.838 0.266 
0 -0.00487 -0.00126 -0.000272 -0.5 -0.219 -0.0691 2.64 2.11 0.932 26 13.9 4.69 
0 -0.00221 -0.000557 -0.000118 -0.212 -0.0878 -0.0276 2.11 2.15 1.12 20.6 12.4 4.43 
0 -0.000666 -0.00016 -3.26e-05 -0.0673 -0.0277 -0.00879 0.932 1.12 0.672 9.02 5.8 2.14 
0 -0.243 -0.0629 -0.0138 4.8 3.91 1.61 26 20.6 9.02 287 151 50.4 
0 -0.0846 -0.0218 -0.00475 2.33 1.98 0.838 13.9 12.4 5.8 151 85.7 30 
0 -0.0226 -0.0058 -0.00126 0.707 0.619 0.266 4.69 4.43 2.14 50.4 30 11.1 
H matrix
-919 -0.233 -0.0665 -0.0164 24.3 17.2 3.84 52.9 50.1 8.88 526 281 72.6 
0.0136 -32.4 -9.97 -2.34 52.1 22.6 6.93 4.47 2.02 0.611 223 77.6 20.8 
0.00602 -9.97 -3.28 -0.799 13.4 5.81 1.77 1.15 0.51 0.146 57.7 20 5.32 
0.00187 -2.34 -0.799 -0.199 2.94 1.27 0.387 0.25 0.108 0.0299 12.6 4.36 1.15 
-0.0559 52.2 13.4 2.94 -3.88e+03 -2.46e+03 -937 459 194 61.6 -4.39e+03 -2.13e+03 -648 
0.0977 22.7 5.83 1.27 -2.46e+03 -1.85e+03 -811 201 80.4 25.3 -3.58e+03 -1.81e+03 -567 
0.0476 6.95 1.78 0.388 -937 -810 -407 63.4 25.3 8.05 -1.47e+03 -766 -243 
-0.102 4.48 1.16 0.251 459 201 63.4 -2.42e+03 -1.93e+03 -852 -2.38e+04 -1.27e+04 -4.29e+03 
0.0467 2.03 0.511 0.108 195 80.5 25.3 -1.93e+03 -1.96e+03 -1.02e+03 -1.89e+04 -1.13e+04 -4.05e+03 
0.142 0.612 0.146 0.0299 61.8 25.4 8.05 -853 -1.02e+03 -612 -8.25e+03 -5.29e+03 -1.95e+03 
1.59 223 57.9 12.7 -4.4e+03 -3.58e+03 -1.47e+03 -2.38e+04 -1.89e+04 -8.25e+03 -2.62e+05 -1.38e+05 -4.6e+04 
0.897 77.8 20.1 4.37 -2.13e+03 -1.81e+03 -767 -1.28e+04 -1.13e+04 -5.3e+03 -1.38e+05 -7.83e+04 -2.74e+04 
0.294 20.8 5.34 1.16 -648 -567 -243 -4.3e+03 -4.05e+03 -1.95e+03 -4.61e+04 -2.74e+04 -1.01e+04 
S matrix
1 0 0 0 0 0 0 0 0 0 0 0 0 
0 0.0353 0.0109 0.00254 -0.0568 -0.0247 -0.00755 -0.00487 -0.00221 -0.000666 -0.243 -0.0846 -0.0226 
0 0.0109 0.00357 0.00087 -0.0146 -0.00633 -0.00193 -0.00126 -0.000557 -0.00016 -0.0629 -0.0218 -0.0058 
0 0.00254 0.00087 0.000217 -0.0032 -0.00138 -0.000421 -0.000272 -0.000118 -3.26e-05 -0.0138 -0.00475 -0.00126 
0 -0.0568 -0.0146 -0.0032 4.23 2.68 1.02 -0.5 -0.212 -0.0673 4.8 2.33 0.707 
0 -0.0247 -0.00633 -0.00138 2.68 2.03 0.886 -0.219 -0.0878 -0.0277 3.91 1.98 0.619 
0 -0.00755 -0.00193 -0.000421 1.02 0.886 0.446 -0.0691 -0.0276 -0.00879 1.61 0.838 0.266 
0 -0.00487 -0.00126 -0.000272 -0.5 -0.219 -0.0691 2.64 2.11 0.932 26 13.9 4.69 
0 -0.00221 -0.000557 -0.000118 -0.212 -0.0878 -0.0276 2.11 2.15 1.12 20.6 12.4 4.43 
0 -0.000666 -0.00016 -3.26e-05 -0.0673 -0.0277 -0.00879 0.932 1.12 0.672 9.02 5.8 2.14 
0 -0.243 -0.0629 -0.0138 4.8 3.91 1.61 26 20.6 9.02 287 151 50.4 
0 -0.0846 -0.0218 -0.00475 2.33 1.98 0.838 13.9 12.4 5.8 151 85.7 30 
0 -0.0226 -0.0058 -0.00126 0.707 0.619 0.266 4.69 4.43 2.14 50.4 30 11.1 
H matrix
-919 -0.233 -0.0665 -0.0164 24.3 17.2 3.84 52.9 50.1 8.88 526 281 72.6 
0.0136 -32.4 -9.97 -2.34 52.1 22.6 6.93 4.47 2.02 0.611 223 77.6 20.8 
0.00602 -9.97 -3.28 -0.799 13.4 5.81 1.77 1.15 0.51 0.146 57.7 20 5.32 
0.00187 -2.34 -0.799 -0.199 2.94 1.27 0.387 0.25 0.108 0.0299 12.6 4.36 1.15 
-0.0559 52.2 13.4 2.94 -3.88e+03 -2.46e+03 -937 459 194 61.6 -4.39e+03 -2.13e+03 -648 
0.0977 22.7 5.83 1.27 -2.46e+03 -1.85e+03 -811 201 80.4 25.3 -3.58e+03 -1.81e+03 -567 
0.0476 6.95 1.78 0.388 -937 -810 -407 63.4 25.3 8.05 -1.47e+03 -766 -243 
-0.102 4.48 1.16 0.251 459 201 63.4 -2.42e+03 -1.93e+03 -852 -2.38e+04 -1.27e+04 -4.29e+03 
0.0467 2.03 0.511 0.108 195 80.5 25.3 -1.93e+03 -1.96e+03 -1.02e+03 -1.89e+04 -1.13e+04 -4.05e+03 
0.142 0.612 0.146 0.0299 61.8 25.4 8.05 -853 -1.02e+03 -612 -8.25e+03 -5.29e+03 -1.95e+03 
1.59 223 57.9 12.7 -4.4e+03 -3.58e+03 -1.47e+03 -2.38e+04 -1.89e+04 -8.25e+03 -2.62e+05 -1.38e+05 -4.6e+04 
0.897 77.8 20.1 4.37 -2.13e+03 -1.81e+03 -767 -1.28e+04 -1.13e+04 -5.3e+03 -1.38e+05 -7.83e+04 -2.74e+04 
0.294 20.8 5.34 1.16 -648 -567 -243 -4.3e+03 -4.05e+03 -1.95e+03 -4.61e+04 -2.74e+04 -1.01e+04 
S matrix
1 0 0 0 0 0 0 0 0 0 0 0 0 
0 0.0353 0.0109 0.00254 -0.0568 -0.0247 -0.00755 -0.00487 -0.00221 -0.000666 -0.243 -0.0846 -0.0226 
0 0.0109 0.00357 0.00087 -0.0146 -0.00633 -0.00193 -0.00126 -0.000557 -0.00016 -0.0629 -0.0218 -0.0058 
0 0.00254 0.00087 0.000217 -0.0032 -0.00138 -0.000421 -0.000272 -0.000118 -3.26e-05 -0.0138 -0.00475 -0.00126 
0 -0.0568 -0.0146 -0.0032 4.23 2.68 1.02 -0.5 -0.212 -0.0673 4.8 2.33 0.707 
0 -0.0247 -0.00633 -0.00138 2.68 2.03 0.886 -0.219 -0.0878 -0.0277 3.91 1.98 0.619 
0 -0.00755 -0.00193 -0.000421 1.02 0.886 0.446 -0.0691 -0.0276 -0.00879 1.61 0.838 0.266 
0 -0.00487 -0.00126 -0.000272 -0.5 -0.219 -0.0691 2.64 2.11 0.932 26 13.9 4.69 
0 -0.00221 -0.000557 -0.000118 -0.212 -0.0878 -0.0276 2.11 2.15 1.12 20.6 12.4 4.43 
0 -0.000666 -0.00016 -3.26e-05 -0.0673 -0.0277 -0.00879 0.932 1.12 0.672 9.02 5.8 2.14 
0 -0.243 -0.0629 -0.0138 4.8 3.91 1.61 26 20.6 9.02 287 151 50.4 
0 -0.0846 -0.0218 -0.00475 2.33 1.98 0.838 13.9 12.4 5.8 151 85.7 30 
0 -0.0226 -0.0058 -0.00126 0.707 0.619 0.266 4.69 4.43 2.14 50.4 30 11.1 
H matrix
-919 -0.233 -0.0665 -0.0164 24.3 17.2 3.84 52.9 50.1 8.88 526 281 72.6 
0.0136 -32.4 -9.97 -2.34 52.1 22.6 6.93 4.47 2.02 0.611 223 77.6 20.8 
0.00602 -9.97 -3.28 -0.799 13.4 5.81 1.77 1.15 0.51 0.146 57.7 20 5.32 
0.00187 -2.34 -0.799 -0.199 2.94 1.27 0.387 0.25 0.108 0.0299 12.6 4.36 1.15 
-0.0559 52.2 13.4 2.94 -3.88e+03 -2.46e+03 -937 459 194 61.6 -4.39e+03 -2.13e+03 -648 
0.0977 22.7 5.83 1.27 -2.46e+03 -1.85e+03 -811 201 80.4 25.3 -3.58e+03 -1.81e+03 -567 
0.0476 6.95 1.78 0.388 -937 -810 -407 63.4 25.3 8.05 -1.47e+03 -766 -243 
-0.102 4.48 1.16 0.251 459 201 63.4 -2.42e+03 -1.93e+03 -852 -2.38e+04 -1.27e+04 -4.29e+03 
0.0467 2.03 0.511 0.108 195 80.5 25.3 -1.93e+03 -1.96e+03 -1.02e+03 -1.89e+04 -1.13e+04 -4.05e+03 
0.142 0.612 0.146 0.0299 61.8 25.4 8.05 -853 -1.02e+03 -612 -8.25e+03 -5.29e+03 -1.95e+03 
1.59 223 57.9 12.7 -4.4e+03 -3.58e+03 -1.47e+03 -2.38e+04 -1.89e+04 -8.25e+03 -2.62e+05 -1.38e+05 -4.6e+04 
0.897 77.8 20.1 4.37 -2.13e+03 -1.81e+03 -767 -1.28e+04 -1.13e+04 -5.3e+03 -1.38e+05 -7.83e+04 -2.74e+04 
0.294 20.8 5.34 1.16 -648 -567 -243 -4.3e+03 -4.05e+03 -1.95e+03 -4.61e+04 -2.74e+04 -1.01e+04 
S matrix
1 0 0 0 0 0 0 0 0 0 0 0 0 
0 0.0353 0.0109 0.00254 -0.0568 -0.0247 -0.00755 -0.00487 -0.00221 -0.000666 -0.243 -0.0846 -0.0226 
0 0.0109 0.00357 0.00087 -0.0146 -0.00633 -0.00193 -0.00126 -0.000557 -0.00016 -0.0629 -0.0218 -0.0058 
0 0.00254 0.00087 0.000217 -0.0032 -0.00138 -0.000421 -0.000272 -0.000118 -3.26e-05 -0.0138 -0.00475 -0.00126 
0 -0.0568 -0.0146 -0.0032 4.23 2.68 1.02 -0.5 -0.212 -0.0673 4.8 2.33 0.707 
0 -0.0247 -0.00633 -0.00138 2.68 2.03 0.886 -0.219 -0.0878 -0.0277 3.91 1.98 0.619 
0 -0.00755 -0.00193 -0.000421 1.02 0.886 0.446 -0.0691 -0.0276 -0.00879 1.61 0.838 0.266 
0 -0.00487 -0.00126 -0.000272 -0.5 -0.219 -0.0691 2.64 2.11 0.932 26 13.9 4.69 
0 -0.00221 -0.000557 -0.000118 -0.212 -0.0878 -0.0276 2.11 2.15 1.12 20.6 12.4 4.43 
0 -0.000666 -0.00016 -3.26e-05 -0.0673 -0.0277 -0.00879 0.932 1.12 0.672 9.02 5.8 2.14 
0 -0.243 -0.0629 -0.0138 4.8 3.91 1.61 26 20.6 9.02 287 151 50.4 
0 -0.0846 -0.0218 -0.00475 2.33 1.98 0.838 13.9 12.4 5.8 151 85.7 30 
0 -0.0226 -0.0058 -0.00126 0.707 0.619 0.266 4.69 4.43 2.14 50.4 30 11.1 
H matrix
-919 -0.233 -0.0665 -0.0164 24.3 17.2 3.84 52.9 50.1 8.88 526 281 72.6 
0.0136 -32.4 -9.97 -2.34 52.1 22.6 6.93 4.47 2.02 0.611 223 77.6 20.8 
0.00602 -9.97 -3.28 -0.799 13.4 5.81 1.77 1.15 0.51 0.146 57.7 20 5.32 
0.00187 -2.34 -0.799 -0.199 2.94 1.27 0.387 0.25 0.108 0.0299 12.6 4.36 1.15 
-0.0559 52.2 13.4 2.94 -3.88e+03 -2.46e+03 -937 459 194 61.6 -4.39e+03 -2.13e+03 -648 
0.0977 22.7 5.83 1.27 -2.46e+03 -1.85e+03 -811 201 80.4 25.3 -3.58e+03 -1.81e+03 -567 
0.0476 6.95 1.78 0.388 -937 -810 -407 63.4 25.3 8.05 -1.47e+03 -766 -243 
-0.102 4.48 1.16 0.251 459 201 63.4 -2.42e+03 -1.93e+03 -852 -2.38e+04 -1.27e+04 -4.29e+03 
0.0467 2.03 0.511 0.108 195 80.5 25.3 -1.93e+03 -1.96e+03 -1.02e+03 -1.89e+04 -1.13e+04 -4.05e+03 
0.142 0.612 0.146 0.0299 61.8 25.4 8.05 -853 -1.02e+03 -612 -8.25e+03 -5.29e+03 -1.95e+03 
1.59 223 57.9 12.7 -4.4e+03 -3.58e+03 -1.47e+03 -2.38e+04 -1.89e+04 -8.25e+03 -2.62e+05 -1.38e+05 -4.6e+04 
0.897 77.8 20.1 4.37 -2.13e+03 -1.81e+03 -767 -1.28e+04 -1.13e+04 -5.3e+03 -1.38e+05 -7.83e+04 -2.74e+04 
0.294 20.8 5.34 1.16 -648 -567 -243 -4.3e+03 -4.05e+03 -1.95e+03 -4.61e+04 -2.74e+04 -1.01e+04 
S matrix
1 0 0 0 0 0 0 0 0 0 0 0 0 
0 0.0353 0.0109 0.00254 -0.0568 -0.0247 -0.00755 -0.00487 -0.00221 -0.000666 -0.243 -0.0846 -0.0226 
0 0.0109 0.00357 0.00087 -0.0146 -0.00633 -0.00193 -0.00126 -0.000557 -0.00016 -0.0629 -0.0218 -0.0058 
0 0.00254 0.00087 0.000217 -0.0032 -0.00138 -0.000421 -0.000272 -0.000118 -3.26e-05 -0.0138 -0.00475 -0.00126 
0 -0.0568 -0.0146 -0.0032 4.23 2.68 1.02 -0.5 -0.212 -0.0673 4.8 2.33 0.707 
0 -0.0247 -0.00633 -0.00138 2.68 2.03 0.886 -0.219 -0.0878 -0.0277 3.91 1.98 0.619 
0 -0.00755 -0.00193 -0.000421 1.02 0.886 0.446 -0.0691 -0.0276 -0.00879 1.61 0.838 0.266 
0 -0.00487 -0.00126 -0.000272 -0.5 -0.219 -0.0691 2.64 2.11 0.932 26 13.9 4.69 
0 -0.00221 -0.000557 -0.000118 -0.212 -0.0878 -0.0276 2.11 2.15 1.12 20.6 12.4 4.43 
0 -0.000666 -0.00016 -3.26e-05 -0.0673 -0.0277 -0.00879 0.932 1.12 0.672 9.02 5.8 2.14 
0 -0.243 -0.0629 -0.0138 4.8 3.91 1.61 26 20.6 9.02 287 151 50.4 
0 -0.0846 -0.0218 -0.00475 2.33 1.98 0.838 13.9 12.4 5.8 151 85.7 30 
0 -0.0226 -0.0058 -0.00126 0.707 0.619 0.266 4.69 4.43 2.14 50.4 30 11.1 
H matrix
-919 -0.233 -0.0665 -0.0164 24.3 17.2 3.84 52.9 50.1 8.88 526 281 72.6 
0.0136 -32.4 -9.97 -2.34 52.1 22.6 6.93 4.47 2.02 0.611 223 77.6 20.8 
0.00602 -9.97 -3.28 -0.799 13.4 5.81 1.77 1.15 0.51 0.146 57.7 20 5.32 
0.00187 -2.34 -0.799 -0.199 2.94 1.27 0.387 0.25 0.108 0.0299 12.6 4.36 1.15 
-0.0559 52.2 13.4 2.94 -3.88e+03 -2.46e+03 -937 459 194 61.6 -4.39e+03 -2.13e+03 -648 
0.0977 22.7 5.83 1.27 -2.46e+03 -1.85e+03 -811 201 80.4 25.3 -3.58e+03 -1.81e+03 -567 
0.0476 6.95 1.78 0.388 -937 -810 -407 63.4 25.3 8.05 -1.47e+03 -766 -243 
-0.102 4.48 1.16 0.251 459 201 63.4 -2.42e+03 -1.93e+03 -852 -2.38e+04 -1.27e+04 -4.29e+03 
0.0467 2.03 0.511 0.108 195 80.5 25.3 -1.93e+03 -1.96e+03 -1.02e+03 -1.89e+04 -1.13e+04 -4.05e+03 
0.142 0.612 0.146 0.0299 61.8 25.4 8.05 -853 -1.02e+03 -612 -8.25e+03 -5.29e+03 -1.95e+03 
1.59 223 57.9 12.7 -4.4e+03 -3.58e+03 -1.47e+03 -2.38e+04 -1.89e+04 -8.25e+03 -2.62e+05 -1.38e+05 -4.6e+04 
0.897 77.8 20.1 4.37 -2.13e+03 -1.81e+03 -767 -1.28e+04 -1.13e+04 -5.3e+03 -1.38e+05 -7.83e+04 -2.74e+04 
0.294 20.8 5.34 1.16 -648 -567 -243 -4.3e+03 -4.05e+03 -1.95e+03 -4.61e+04 -2.74e+04 -1.01e+04 
S matrix
1 0 0 0 0 0 0 0 0 0 0 0 0 
0 0.0353 0.0109 0.00254 -0.0568 -0.0247 -0.00755 -0.00487 -0.00221 -0.000666 -0.243 -0.0846 -0.0226 
0 0.0109 0.00357 0.00087 -0.0146 -0.00633 -0.00193 -0.00126 -0.000557 -0.00016 -0.0629 -0.0218 -0.0058 
0 0.00254 0.00087 0.000217 -0.0032 -0.00138 -0.000421 -0.000272 -0.000118 -3.26e-05 -0.0138 -0.00475 -0.00126 
0 -0.0568 -0.0146 -0.0032 4.23 2.68 1.02 -0.5 -0.212 -0.0673 4.8 2.33 0.707 
0 -0.0247 -0.00633 -0.00138 2.68 2.03 0.886 -0.219 -0.0878 -0.0277 3.91 1.98 0.619 
0 -0.00755 -0.00193 -0.000421 1.02 0.886 0.446 -0.0691 -0.0276 -0.00879 1.61 0.838 0.266 
0 -0.00487 -0.00126 -0.000272 -0.5 -0.219 -0.0691 2.64 2.11 0.932 26 13.9 4.69 
0 -0.00221 -0.000557 -0.000118 -0.212 -0.0878 -0.0276 2.11 2.15 1.12 20.6 12.4 4.43 
S matrix
1 0 0 0 0 0 0 0 0 0 0 0 0 
0 0.0353 0.0109 0.00254 -0.0568 -0.0247 -0.00755 -0.00487 -0.00221 -0.000666 -0.243 -0.0846 -0.0226 
