--------------------------------------------------------------------------
[[16646,1],0]: A high-performance Open MPI point-to-point messaging module
was unable to find any relevant network interfaces:

Module: OpenFabrics (openib)
  Host: golub227

Another transport will be used instead, although this may result in
lower performance.
--------------------------------------------------------------------------
0: output to qwalk_000.linear.o
18: cell volume 1430.02
18: elsu 6.48894
18: alpha 0.770542
4: cell volume 1430.02
4: elsu 6.48894
4: alpha 0.770542
8: cell volume 1430.02
8: elsu 6.48894
8: alpha 0.770542
9: cell volume 1430.02
9: elsu 6.48894
9: alpha 0.770542
12: cell volume 1430.02
12: elsu 6.48894
12: alpha 0.770542
7: cell volume 1430.02
7: elsu 6.48894
7: alpha 0.770542
cutoff 9.59706
23: cell volume 1430.02
23: elsu 6.48894
23: alpha 0.770542
11: cell volume 1430.02
11: elsu 6.48894
11: alpha 0.770542
20: cell volume 1430.02
20: elsu 6.48894
20: alpha 0.770542
16: cell volume 1430.02
16: elsu 6.48894
16: alpha 0.770542
17: cell volume 1430.02
17: elsu 6.48894
17: alpha 0.770542
1: cell volume 1430.02
1: elsu 6.48894
1: alpha 0.770542
3: cell volume 1430.02
3: elsu 6.48894
3: alpha 0.770542
19: cell volume 1430.02
19: elsu 6.48894
19: alpha 0.770542
22: cell volume 1430.02
22: elsu 6.48894
22: alpha 0.770542
 total centers 271
0: cell volume 1430.02
**Warning** atom 4 is out of the simulation cell.  Putting it inside.
**Warning** atom 5 is out of the simulation cell.  Putting it inside.
**Warning** atom 6 is out of the simulation cell.  Putting it inside.
**Warning** atom 8 is out of the simulation cell.  Putting it inside.
**Warning** atom 10 is out of the simulation cell.  Putting it inside.
**Warning** atom 12 is out of the simulation cell.  Putting it inside.
**Warning** atom 13 is out of the simulation cell.  Putting it inside.
0: elsu 6.48894
0: alpha 0.770542
2: cell volume 1430.02
2: elsu 6.48894
2: alpha 0.770542
5: cell volume 1430.02
5: elsu 6.48894
5: alpha 0.770542
6: cell volume 1430.02
6: elsu 6.48894
6: alpha 0.770542
10: cell volume 1430.02
10: elsu 6.48894
10: alpha 0.770542
13: cell volume 1430.02
13: elsu 6.48894
13: alpha 0.770542
15: cell volume 1430.02
15: elsu 6.48894
15: alpha 0.770542
21: cell volume 1430.02
21: elsu 6.48894
21: alpha 0.770542
14: cell volume 1430.02
14: elsu 6.48894
14: alpha 0.770542
2: real space ion-ion 0.0258213
2: reciprocal space ion 377.807
12: real space ion-ion 0.0258213
21: real space ion-ion 0.0258213
18: real space ion-ion 0.0258213
8: real space ion-ion 0.0258213
6: real space ion-ion 0.0258213
11: real space ion-ion 0.0258213
22: real space ion-ion 0.0258213
12: reciprocal space ion 377.807
13: real space ion-ion 0.0258213
20: real space ion-ion 0.0258213
21: reciprocal space ion 377.807
18: reciprocal space ion 377.807
11: reciprocal space ion 377.807
8: reciprocal space ion 377.807
6: reciprocal space ion 377.807
20: reciprocal space ion 377.807
9: real space ion-ion 0.0258213
22: reciprocal space ion 377.807
13: reciprocal space ion 377.807
3: real space ion-ion 0.0258213
16: real space ion-ion 0.0258213
9: reciprocal space ion 377.807
3: reciprocal space ion 377.807
16: reciprocal space ion 377.807
Ewald sum using 2491 reciprocal points
0: real space ion-ion 0.0258213
0: reciprocal space ion 377.807
10: real space ion-ion 0.0258213
10: reciprocal space ion 377.807
19: real space ion-ion 0.0258213
5: real space ion-ion 0.0258213
19: reciprocal space ion 377.807
5: reciprocal space ion 377.807
14: real space ion-ion 0.0258213
14: reciprocal space ion 377.807
7: real space ion-ion 0.0258213
7: reciprocal space ion 377.807
23: real space ion-ion 0.0258213
23: reciprocal space ion 377.807
1: real space ion-ion 0.0258213
1: reciprocal space ion 377.807
17: real space ion-ion 0.0258213
17: reciprocal space ion 377.807
15: real space ion-ion 0.0258213
15: reciprocal space ion 377.807
4: real space ion-ion 0.0258213
4: reciprocal space ion 377.807
Could not open qwalk_000.linear.config. Generating configurations from scratch
[golub227:65029] 23 more processes have sent help message help-mpi-btl-base.txt / btl:no-nics
[golub227:65029] Set MCA parameter "orte_base_help_aggregate" to 0 to see all help / error messages
1: Timestep is 0.42
16: Timestep is 0.42
23: Timestep is 0.42
6: Timestep is 0.42
5: Timestep is 0.42
19: Timestep is 0.42
2: Timestep is 0.42
15: Timestep is 0.42
21: Timestep is 0.42
11: Timestep is 0.42
7: Timestep is 0.42
20: Timestep is 0.42
4: Timestep is 0.42
3: Timestep is 0.42
12: Timestep is 0.42
22: Timestep is 0.42
9: Timestep is 0.42
14: Timestep is 0.42
13: Timestep is 0.42
8: Timestep is 0.42
17: Timestep is 0.42
10: Timestep is 0.42
18: Timestep is 0.42
0: Timestep is 0.42
1: Write took 0 seconds
1: Write took 0 seconds
1: Write took 0 seconds
1: Write took 0 seconds
1: Write took 0 seconds
1: Write took 0 seconds
1: Write took 0 seconds
1: Write took 0 seconds
1: Write took 0 seconds
1: Write took 0 seconds
1: Write took 0 seconds
1: Write took 0 seconds
1: Write took 0 seconds
1: Write took 0 seconds
1: Write took 0 seconds
1: Write took 0 seconds
1: Write took 0 seconds
1: Write took 0 seconds
1: Write took 0 seconds
1: Write took 0 seconds
S matrix
1 0 0 0 0 0 0 0 0 0 0 0 0 
0 0.0359 0.0111 0.00259 -0.0592 -0.026 -0.00802 -0.00426 -0.00146 -0.0003 -0.242 -0.0829 -0.022 
0 0.0111 0.00364 0.000887 -0.0152 -0.00665 -0.00205 -0.00112 -0.000366 -6.88e-05 -0.0629 -0.0215 -0.00568 
0 0.00259 0.000887 0.000221 -0.00333 -0.00145 -0.000446 -0.000247 -7.87e-05 -1.41e-05 -0.0138 -0.00471 -0.00124 
0 -0.0592 -0.0152 -0.00333 4.34 2.74 1.04 -0.518 -0.22 -0.0697 4.7 2.29 0.701 
0 -0.026 -0.00665 -0.00145 2.74 2.06 0.898 -0.227 -0.0898 -0.0276 3.88 1.97 0.62 
0 -0.00802 -0.00205 -0.000446 1.04 0.898 0.45 -0.0713 -0.0278 -0.0085 1.6 0.836 0.267 
0 -0.00426 -0.00112 -0.000247 -0.518 -0.227 -0.0713 2.73 2.19 0.969 27 14.5 4.88 
0 -0.00146 -0.000366 -7.87e-05 -0.22 -0.0898 -0.0278 2.19 2.23 1.15 21.5 12.9 4.61 
0 -0.0003 -6.88e-05 -1.41e-05 -0.0697 -0.0276 -0.0085 0.969 1.15 0.689 9.42 6.03 2.22 
0 -0.242 -0.0629 -0.0138 4.7 3.88 1.6 27 21.5 9.42 297 157 52.4 
0 -0.0829 -0.0215 -0.00471 2.29 1.97 0.836 14.5 12.9 6.03 157 89.1 31.3 
0 -0.022 -0.00568 -0.00124 0.701 0.62 0.267 4.88 4.61 2.22 52.4 31.3 11.5 
H matrix
-919 -0.236 -0.0674 -0.0166 23.9 16.8 3.74 53.1 50.3 8.99 528 283 73.6 
0.0151 -33 -10.2 -2.38 54.3 23.8 7.35 3.91 1.34 0.277 222 76.1 20.2 
0.00666 -10.2 -3.34 -0.815 14 6.1 1.88 1.03 0.337 0.0638 57.7 19.7 5.21 
0.00204 -2.38 -0.814 -0.203 3.05 1.33 0.409 0.227 0.0725 0.0131 12.7 4.32 1.14 
-0.401 54.4 14 3.06 -3.98e+03 -2.51e+03 -957 475 202 63.7 -4.31e+03 -2.1e+03 -642 
-0.058 23.9 6.12 1.34 -2.51e+03 -1.89e+03 -822 208 82.2 25.2 -3.55e+03 -1.81e+03 -567 
0.0553 7.37 1.88 0.41 -957 -821 -411 65.4 25.5 7.78 -1.47e+03 -765 -244 
0.0482 3.92 1.03 0.227 475 208 65.4 -2.5e+03 -2e+03 -886 -2.47e+04 -1.32e+04 -4.46e+03 
-0.019 1.34 0.337 0.0726 202 82.3 25.5 -2.01e+03 -2.03e+03 -1.05e+03 -1.96e+04 -1.18e+04 -4.2e+03 
-0.0164 0.276 0.0636 0.0131 63.9 25.3 7.79 -887 -1.05e+03 -627 -8.6e+03 -5.5e+03 -2.02e+03 
4.13 222 57.9 12.7 -4.31e+03 -3.55e+03 -1.47e+03 -2.47e+04 -1.96e+04 -8.61e+03 -2.72e+05 -1.43e+05 -4.79e+04 
3.23 76.3 19.8 4.33 -2.1e+03 -1.81e+03 -766 -1.33e+04 -1.18e+04 -5.51e+03 -1.43e+05 -8.13e+04 -2.85e+04 
1.85 20.3 5.23 1.14 -642 -567 -244 -4.47e+03 -4.21e+03 -2.03e+03 -4.79e+04 -2.85e+04 -1.05e+04 
S matrix
1 0 0 0 0 0 0 0 0 0 0 0 0 
0 0.0359 0.0111 0.00259 -0.0592 -0.026 -0.00802 -0.00426 -0.00146 -0.0003 -0.242 -0.0829 -0.022 
0 0.0111 0.00364 0.000887 -0.0152 -0.00665 -0.00205 -0.00112 -0.000366 -6.88e-05 -0.0629 -0.0215 -0.00568 
0 0.00259 0.000887 0.000221 -0.00333 -0.00145 -0.000446 -0.000247 -7.87e-05 -1.41e-05 -0.0138 -0.00471 -0.00124 
0 -0.0592 -0.0152 -0.00333 4.34 2.74 1.04 -0.518 -0.22 -0.0697 4.7 2.29 0.701 
0 -0.026 -0.00665 -0.00145 2.74 2.06 0.898 -0.227 -0.0898 -0.0276 3.88 1.97 0.62 
0 -0.00802 -0.00205 -0.000446 1.04 0.898 0.45 -0.0713 -0.0278 -0.0085 1.6 0.836 0.267 
0 -0.00426 -0.00112 -0.000247 -0.518 -0.227 -0.0713 2.73 2.19 0.969 27 14.5 4.88 
0 -0.00146 -0.000366 -7.87e-05 -0.22 -0.0898 -0.0278 2.19 2.23 1.15 21.5 12.9 4.61 
0 -0.0003 -6.88e-05 -1.41e-05 -0.0697 -0.0276 -0.0085 0.969 1.15 0.689 9.42 6.03 2.22 
0 -0.242 -0.0629 -0.0138 4.7 3.88 1.6 27 21.5 9.42 297 157 52.4 
0 -0.0829 -0.0215 -0.00471 2.29 1.97 0.836 14.5 12.9 6.03 157 89.1 31.3 
0 -0.022 -0.00568 -0.00124 0.701 0.62 0.267 4.88 4.61 2.22 52.4 31.3 11.5 
H matrix
-919 -0.236 -0.0674 -0.0166 23.9 16.8 3.74 53.1 50.3 8.99 528 283 73.6 
0.0151 -33 -10.2 -2.38 54.3 23.8 7.35 3.91 1.34 0.277 222 76.1 20.2 
0.00666 -10.2 -3.34 -0.815 14 6.1 1.88 1.03 0.337 0.0638 57.7 19.7 5.21 
0.00204 -2.38 -0.814 -0.203 3.05 1.33 0.409 0.227 0.0725 0.0131 12.7 4.32 1.14 
-0.401 54.4 14 3.06 -3.98e+03 -2.51e+03 -957 475 202 63.7 -4.31e+03 -2.1e+03 -642 
-0.058 23.9 6.12 1.34 -2.51e+03 -1.89e+03 -822 208 82.2 25.2 -3.55e+03 -1.81e+03 -567 
0.0553 7.37 1.88 0.41 -957 -821 -411 65.4 25.5 7.78 -1.47e+03 -765 -244 
0.0482 3.92 1.03 0.227 475 208 65.4 -2.5e+03 -2e+03 -886 -2.47e+04 -1.32e+04 -4.46e+03 
-0.019 1.34 0.337 0.0726 202 82.3 25.5 -2.01e+03 -2.03e+03 -1.05e+03 -1.96e+04 -1.18e+04 -4.2e+03 
-0.0164 0.276 0.0636 0.0131 63.9 25.3 7.79 -887 -1.05e+03 -627 -8.6e+03 -5.5e+03 -2.02e+03 
4.13 222 57.9 12.7 -4.31e+03 -3.55e+03 -1.47e+03 -2.47e+04 -1.96e+04 -8.61e+03 -2.72e+05 -1.43e+05 -4.79e+04 
3.23 76.3 19.8 4.33 -2.1e+03 -1.81e+03 -766 -1.33e+04 -1.18e+04 -5.51e+03 -1.43e+05 -8.13e+04 -2.85e+04 
1.85 20.3 5.23 1.14 -642 -567 -244 -4.47e+03 -4.21e+03 -2.03e+03 -4.79e+04 -2.85e+04 -1.05e+04 
S matrix
1 0 0 0 0 0 0 0 0 0 0 0 0 
0 0.0359 0.0111 0.00259 -0.0592 -0.026 -0.00802 -0.00426 -0.00146 -0.0003 -0.242 -0.0829 -0.022 
0 0.0111 0.00364 0.000887 -0.0152 -0.00665 -0.00205 -0.00112 -0.000366 -6.88e-05 -0.0629 -0.0215 -0.00568 
0 0.00259 0.000887 0.000221 -0.00333 -0.00145 -0.000446 -0.000247 -7.87e-05 -1.41e-05 -0.0138 -0.00471 -0.00124 
0 -0.0592 -0.0152 -0.00333 4.34 2.74 1.04 -0.518 -0.22 -0.0697 4.7 2.29 0.701 
0 -0.026 -0.00665 -0.00145 2.74 2.06 0.898 -0.227 -0.0898 -0.0276 3.88 1.97 0.62 
0 -0.00802 -0.00205 -0.000446 1.04 0.898 0.45 -0.0713 -0.0278 -0.0085 1.6 0.836 0.267 
0 -0.00426 -0.00112 -0.000247 -0.518 -0.227 -0.0713 2.73 2.19 0.969 27 14.5 4.88 
0 -0.00146 -0.000366 -7.87e-05 -0.22 -0.0898 -0.0278 2.19 2.23 1.15 21.5 12.9 4.61 
0 -0.0003 -6.88e-05 -1.41e-05 -0.0697 -0.0276 -0.0085 0.969 1.15 0.689 9.42 6.03 2.22 
0 -0.242 -0.0629 -0.0138 4.7 3.88 1.6 27 21.5 9.42 297 157 52.4 
0 -0.0829 -0.0215 -0.00471 2.29 1.97 0.836 14.5 12.9 6.03 157 89.1 31.3 
0 -0.022 -0.00568 -0.00124 0.701 0.62 0.267 4.88 4.61 2.22 52.4 31.3 11.5 
H matrix
-919 -0.236 -0.0674 -0.0166 23.9 16.8 3.74 53.1 50.3 8.99 528 283 73.6 
0.0151 -33 -10.2 -2.38 54.3 23.8 7.35 3.91 1.34 0.277 222 76.1 20.2 
0.00666 -10.2 -3.34 -0.815 14 6.1 1.88 1.03 0.337 0.0638 57.7 19.7 5.21 
0.00204 -2.38 -0.814 -0.203 3.05 1.33 0.409 0.227 0.0725 0.0131 12.7 4.32 1.14 
-0.401 54.4 14 3.06 -3.98e+03 -2.51e+03 -957 475 202 63.7 -4.31e+03 -2.1e+03 -642 
-0.058 23.9 6.12 1.34 -2.51e+03 -1.89e+03 -822 208 82.2 25.2 -3.55e+03 -1.81e+03 -567 
0.0553 7.37 1.88 0.41 -957 -821 -411 65.4 25.5 7.78 -1.47e+03 -765 -244 
0.0482 3.92 1.03 0.227 475 208 65.4 -2.5e+03 -2e+03 -886 -2.47e+04 -1.32e+04 -4.46e+03 
-0.019 1.34 0.337 0.0726 202 82.3 25.5 -2.01e+03 -2.03e+03 -1.05e+03 -1.96e+04 -1.18e+04 -4.2e+03 
-0.0164 0.276 0.0636 0.0131 63.9 25.3 7.79 -887 -1.05e+03 -627 -8.6e+03 -5.5e+03 -2.02e+03 
4.13 222 57.9 12.7 -4.31e+03 -3.55e+03 -1.47e+03 -2.47e+04 -1.96e+04 -8.61e+03 -2.72e+05 -1.43e+05 -4.79e+04 
3.23 76.3 19.8 4.33 -2.1e+03 -1.81e+03 -766 -1.33e+04 -1.18e+04 -5.51e+03 -1.43e+05 -8.13e+04 -2.85e+04 
1.85 20.3 5.23 1.14 -642 -567 -244 -4.47e+03 -4.21e+03 -2.03e+03 -4.79e+04 -2.85e+04 -1.05e+04 
S matrix
1 0 0 0 0 0 0 0 0 0 0 0 0 
0 0.0359 0.0111 0.00259 -0.0592 -0.026 -0.00802 -0.00426 -0.00146 -0.0003 -0.242 -0.0829 -0.022 
0 0.0111 0.00364 0.000887 -0.0152 -0.00665 -0.00205 -0.00112 -0.000366 -6.88e-05 -0.0629 -0.0215 -0.00568 
0 0.00259 0.000887 0.000221 -0.00333 -0.00145 -0.000446 -0.000247 -7.87e-05 -1.41e-05 -0.0138 -0.00471 -0.00124 
0 -0.0592 -0.0152 -0.00333 4.34 2.74 1.04 -0.518 -0.22 -0.0697 4.7 2.29 0.701 
0 -0.026 -0.00665 -0.00145 2.74 2.06 0.898 -0.227 -0.0898 -0.0276 3.88 1.97 0.62 
0 -0.00802 -0.00205 -0.000446 1.04 0.898 0.45 -0.0713 -0.0278 -0.0085 1.6 0.836 0.267 
0 -0.00426 -0.00112 -0.000247 -0.518 -0.227 -0.0713 2.73 2.19 0.969 27 14.5 4.88 
0 -0.00146 -0.000366 -7.87e-05 -0.22 -0.0898 -0.0278 2.19 2.23 1.15 21.5 12.9 4.61 
0 -0.0003 -6.88e-05 -1.41e-05 -0.0697 -0.0276 -0.0085 0.969 1.15 0.689 9.42 6.03 2.22 
0 -0.242 -0.0629 -0.0138 4.7 3.88 1.6 27 21.5 9.42 297 157 52.4 
0 -0.0829 -0.0215 -0.00471 2.29 1.97 0.836 14.5 12.9 6.03 157 89.1 31.3 
0 -0.022 -0.00568 -0.00124 0.701 0.62 0.267 4.88 4.61 2.22 52.4 31.3 11.5 
H matrix
-919 -0.236 -0.0674 -0.0166 23.9 16.8 3.74 53.1 50.3 8.99 528 283 73.6 
0.0151 -33 -10.2 -2.38 54.3 23.8 7.35 3.91 1.34 0.277 222 76.1 20.2 
0.00666 -10.2 -3.34 -0.815 14 6.1 1.88 1.03 0.337 0.0638 57.7 19.7 5.21 
0.00204 -2.38 -0.814 -0.203 3.05 1.33 0.409 0.227 0.0725 0.0131 12.7 4.32 1.14 
-0.401 54.4 14 3.06 -3.98e+03 -2.51e+03 -957 475 202 63.7 -4.31e+03 -2.1e+03 -642 
-0.058 23.9 6.12 1.34 -2.51e+03 -1.89e+03 -822 208 82.2 25.2 -3.55e+03 -1.81e+03 -567 
0.0553 7.37 1.88 0.41 -957 -821 -411 65.4 25.5 7.78 -1.47e+03 -765 -244 
0.0482 3.92 1.03 0.227 475 208 65.4 -2.5e+03 -2e+03 -886 -2.47e+04 -1.32e+04 -4.46e+03 
-0.019 1.34 0.337 0.0726 202 82.3 25.5 -2.01e+03 -2.03e+03 -1.05e+03 -1.96e+04 -1.18e+04 -4.2e+03 
-0.0164 0.276 0.0636 0.0131 63.9 25.3 7.79 -887 -1.05e+03 -627 -8.6e+03 -5.5e+03 -2.02e+03 
4.13 222 57.9 12.7 -4.31e+03 -3.55e+03 -1.47e+03 -2.47e+04 -1.96e+04 -8.61e+03 -2.72e+05 -1.43e+05 -4.79e+04 
3.23 76.3 19.8 4.33 -2.1e+03 -1.81e+03 -766 -1.33e+04 -1.18e+04 -5.51e+03 -1.43e+05 -8.13e+04 -2.85e+04 
1.85 20.3 5.23 1.14 -642 -567 -244 -4.47e+03 -4.21e+03 -2.03e+03 -4.79e+04 -2.85e+04 -1.05e+04 
proportions significant
S0 1
S 0.08333333333
H0 1
enderiv 1
H 0.08333333333
energy derivative -0.2512115274 +/- 0.0002511605733
energy derivative -0.07406375726 +/- 6.26122842e-05
energy derivative -0.01863783581 +/- 2.055033631e-05
energy derivative 24.26466479 +/- 0.006330484518
energy derivative 16.88011818 +/- 0.009410310329
energy derivative 3.687189801 +/- 0.008481197132
energy derivative 53.06599059 +/- 0.007570757796
energy derivative 50.36894273 +/- 0.02137300855
energy derivative 9.002206796 +/- 0.02315299124
energy derivative 523.9696926 +/- 0.1064846042
energy derivative 279.9086759 +/- 0.0930042695
energy derivative 71.77878956 +/- 0.05967947614
S matrix
1 0 0 0 0 0 0 0 0 0 0 0 0 
0 0.0359 0.0111 0.00259 -0.0592 -0.026 -0.00802 -0.00426 -0.00146 -0.0003 -0.242 -0.0829 -0.022 
0 0.0111 0.00364 0.000887 -0.0152 -0.00665 -0.00205 -0.00112 -0.000366 -6.88e-05 -0.0629 -0.0215 -0.00568 
0 0.00259 0.000887 0.000221 -0.00333 -0.00145 -0.000446 -0.000247 -7.87e-05 -1.41e-05 -0.0138 -0.00471 -0.00124 
0 -0.0592 -0.0152 -0.00333 4.34 2.74 1.04 -0.518 -0.22 -0.0697 4.7 2.29 0.701 
0 -0.026 -0.00665 -0.00145 2.74 2.06 0.898 -0.227 -0.0898 -0.0276 3.88 1.97 0.62 
0 -0.00802 -0.00205 -0.000446 1.04 0.898 0.45 -0.0713 -0.0278 -0.0085 1.6 0.836 0.267 
0 -0.00426 -0.00112 -0.000247 -0.518 -0.227 -0.0713 2.73 2.19 0.969 27 14.5 4.88 
0 -0.00146 -0.000366 -7.87e-05 -0.22 -0.0898 -0.0278 2.19 2.23 1.15 21.5 12.9 4.61 
0 -0.0003 -6.88e-05 -1.41e-05 -0.0697 -0.0276 -0.0085 0.969 1.15 0.689 9.42 6.03 2.22 
0 -0.242 -0.0629 -0.0138 4.7 3.88 1.6 27 21.5 9.42 297 157 52.4 
0 -0.0829 -0.0215 -0.00471 2.29 1.97 0.836 14.5 12.9 6.03 157 89.1 31.3 
0 -0.022 -0.00568 -0.00124 0.701 0.62 0.267 4.88 4.61 2.22 52.4 31.3 11.5 
H matrix
-919 -0.236 -0.0674 -0.0166 23.9 16.8 3.74 53.1 50.3 8.99 528 283 73.6 
0.0151 -33 -10.2 -2.38 54.3 23.8 7.35 3.91 1.34 0.277 222 76.1 20.2 
0.00666 -10.2 -3.34 -0.815 14 6.1 1.88 1.03 0.337 0.0638 57.7 19.7 5.21 
0.00204 -2.38 -0.814 -0.203 3.05 1.33 0.409 0.227 0.0725 0.0131 12.7 4.32 1.14 
-0.401 54.4 14 3.06 -3.98e+03 -2.51e+03 -957 475 202 63.7 -4.31e+03 -2.1e+03 -642 
-0.058 23.9 6.12 1.34 -2.51e+03 -1.89e+03 -822 208 82.2 25.2 -3.55e+03 -1.81e+03 -567 
0.0553 7.37 1.88 0.41 -957 -821 -411 65.4 25.5 7.78 -1.47e+03 -765 -244 
0.0482 3.92 1.03 0.227 475 208 65.4 -2.5e+03 -2e+03 -886 -2.47e+04 -1.32e+04 -4.46e+03 
-0.019 1.34 0.337 0.0726 202 82.3 25.5 -2.01e+03 -2.03e+03 -1.05e+03 -1.96e+04 -1.18e+04 -4.2e+03 
-0.0164 0.276 0.0636 0.0131 63.9 25.3 7.79 -887 -1.05e+03 -627 -8.6e+03 -5.5e+03 -2.02e+03 
4.13 222 57.9 12.7 -4.31e+03 -3.55e+03 -1.47e+03 -2.47e+04 -1.96e+04 -8.61e+03 -2.72e+05 -1.43e+05 -4.79e+04 
3.23 76.3 19.8 4.33 -2.1e+03 -1.81e+03 -766 -1.33e+04 -1.18e+04 -5.51e+03 -1.43e+05 -8.13e+04 -2.85e+04 
1.85 20.3 5.23 1.14 -642 -567 -244 -4.47e+03 -4.21e+03 -2.03e+03 -4.79e+04 -2.85e+04 -1.05e+04 
S matrix
1 0 0 0 0 0 0 0 0 0 0 0 0 
0 0.0359 0.0111 0.00259 -0.0592 -0.026 -0.00802 -0.00426 -0.00146 -0.0003 -0.242 -0.0829 -0.022 
0 0.0111 0.00364 0.000887 -0.0152 -0.00665 -0.00205 -0.00112 -0.000366 -6.88e-05 -0.0629 -0.0215 -0.00568 
0 0.00259 0.000887 0.000221 -0.00333 -0.00145 -0.000446 -0.000247 -7.87e-05 -1.41e-05 -0.0138 -0.00471 -0.00124 
0 -0.0592 -0.0152 -0.00333 4.34 2.74 1.04 -0.518 -0.22 -0.0697 4.7 2.29 0.701 
0 -0.026 -0.00665 -0.00145 2.74 2.06 0.898 -0.227 -0.0898 -0.0276 3.88 1.97 0.62 
0 -0.00802 -0.00205 -0.000446 1.04 0.898 0.45 -0.0713 -0.0278 -0.0085 1.6 0.836 0.267 
0 -0.00426 -0.00112 -0.000247 -0.518 -0.227 -0.0713 2.73 2.19 0.969 27 14.5 4.88 
0 -0.00146 -0.000366 -7.87e-05 -0.22 -0.0898 -0.0278 2.19 2.23 1.15 21.5 12.9 4.61 
0 -0.0003 -6.88e-05 -1.41e-05 -0.0697 -0.0276 -0.0085 0.969 1.15 0.689 9.42 6.03 2.22 
0 -0.242 -0.0629 -0.0138 4.7 3.88 1.6 27 21.5 9.42 297 157 52.4 
0 -0.0829 -0.0215 -0.00471 2.29 1.97 0.836 14.5 12.9 6.03 157 89.1 31.3 
0 -0.022 -0.00568 -0.00124 0.701 0.62 0.267 4.88 4.61 2.22 52.4 31.3 11.5 
H matrix
-919 -0.236 -0.0674 -0.0166 23.9 16.8 3.74 53.1 50.3 8.99 528 283 73.6 
0.0151 -33 -10.2 -2.38 54.3 23.8 7.35 3.91 1.34 0.277 222 76.1 20.2 
0.00666 -10.2 -3.34 -0.815 14 6.1 1.88 1.03 0.337 0.0638 57.7 19.7 5.21 
0.00204 -2.38 -0.814 -0.203 3.05 1.33 0.409 0.227 0.0725 0.0131 12.7 4.32 1.14 
-0.401 54.4 14 3.06 -3.98e+03 -2.51e+03 -957 475 202 63.7 -4.31e+03 -2.1e+03 -642 
-0.058 23.9 6.12 1.34 -2.51e+03 -1.89e+03 -822 208 82.2 25.2 -3.55e+03 -1.81e+03 -567 
0.0553 7.37 1.88 0.41 -957 -821 -411 65.4 25.5 7.78 -1.47e+03 -765 -244 
0.0482 3.92 1.03 0.227 475 208 65.4 -2.5e+03 -2e+03 -886 -2.47e+04 -1.32e+04 -4.46e+03 
-0.019 1.34 0.337 0.0726 202 82.3 25.5 -2.01e+03 -2.03e+03 -1.05e+03 -1.96e+04 -1.18e+04 -4.2e+03 
-0.0164 0.276 0.0636 0.0131 63.9 25.3 7.79 -887 -1.05e+03 -627 -8.6e+03 -5.5e+03 -2.02e+03 
4.13 222 57.9 12.7 -4.31e+03 -3.55e+03 -1.47e+03 -2.47e+04 -1.96e+04 -8.61e+03 -2.72e+05 -1.43e+05 -4.79e+04 
3.23 76.3 19.8 4.33 -2.1e+03 -1.81e+03 -766 -1.33e+04 -1.18e+04 -5.51e+03 -1.43e+05 -8.13e+04 -2.85e+04 
1.85 20.3 5.23 1.14 -642 -567 -244 -4.47e+03 -4.21e+03 -2.03e+03 -4.79e+04 -2.85e+04 -1.05e+04 
S matrix
1 0 0 0 0 0 0 0 0 0 0 0 0 
0 0.0359 0.0111 0.00259 -0.0592 -0.026 -0.00802 -0.00426 -0.00146 -0.0003 -0.242 -0.0829 -0.022 
0 0.0111 0.00364 0.000887 -0.0152 -0.00665 -0.00205 -0.00112 -0.000366 -6.88e-05 -0.0629 -0.0215 -0.00568 
0 0.00259 0.000887 0.000221 -0.00333 -0.00145 -0.000446 -0.000247 -7.87e-05 -1.41e-05 -0.0138 -0.00471 -0.00124 
0 -0.0592 -0.0152 -0.00333 4.34 2.74 1.04 -0.518 -0.22 -0.0697 4.7 2.29 0.701 
0 -0.026 -0.00665 -0.00145 2.74 2.06 0.898 -0.227 -0.0898 -0.0276 3.88 1.97 0.62 
0 -0.00802 -0.00205 -0.000446 1.04 0.898 0.45 -0.0713 -0.0278 -0.0085 1.6 0.836 0.267 
0 -0.00426 -0.00112 -0.000247 -0.518 -0.227 -0.0713 2.73 2.19 0.969 27 14.5 4.88 
0 -0.00146 -0.000366 -7.87e-05 -0.22 -0.0898 -0.0278 2.19 2.23 1.15 21.5 12.9 4.61 
0 -0.0003 -6.88e-05 -1.41e-05 -0.0697 -0.0276 -0.0085 0.969 1.15 0.689 9.42 6.03 2.22 
0 -0.242 -0.0629 -0.0138 4.7 3.88 1.6 27 21.5 9.42 297 157 52.4 
0 -0.0829 -0.0215 -0.00471 2.29 1.97 0.836 14.5 12.9 6.03 157 89.1 31.3 
0 -0.022 -0.00568 -0.00124 0.701 0.62 0.267 4.88 4.61 2.22 52.4 31.3 11.5 
H matrix
-919 -0.236 -0.0674 -0.0166 23.9 16.8 3.74 53.1 50.3 8.99 528 283 73.6 
0.0151 -33 -10.2 -2.38 54.3 23.8 7.35 3.91 1.34 0.277 222 76.1 20.2 
0.00666 -10.2 -3.34 -0.815 14 6.1 1.88 1.03 0.337 0.0638 57.7 19.7 5.21 
0.00204 -2.38 -0.814 -0.203 3.05 1.33 0.409 0.227 0.0725 0.0131 12.7 4.32 1.14 
-0.401 54.4 14 3.06 -3.98e+03 -2.51e+03 -957 475 202 63.7 -4.31e+03 -2.1e+03 -642 
-0.058 23.9 6.12 1.34 -2.51e+03 -1.89e+03 -822 208 82.2 25.2 -3.55e+03 -1.81e+03 -567 
0.0553 7.37 1.88 0.41 -957 -821 -411 65.4 25.5 7.78 -1.47e+03 -765 -244 
0.0482 3.92 1.03 0.227 475 208 65.4 -2.5e+03 -2e+03 -886 -2.47e+04 -1.32e+04 -4.46e+03 
-0.019 1.34 0.337 0.0726 202 82.3 25.5 -2.01e+03 -2.03e+03 -1.05e+03 -1.96e+04 -1.18e+04 -4.2e+03 
-0.0164 0.276 0.0636 0.0131 63.9 25.3 7.79 -887 -1.05e+03 -627 -8.6e+03 -5.5e+03 -2.02e+03 
4.13 222 57.9 12.7 -4.31e+03 -3.55e+03 -1.47e+03 -2.47e+04 -1.96e+04 -8.61e+03 -2.72e+05 -1.43e+05 -4.79e+04 
3.23 76.3 19.8 4.33 -2.1e+03 -1.81e+03 -766 -1.33e+04 -1.18e+04 -5.51e+03 -1.43e+05 -8.13e+04 -2.85e+04 
1.85 20.3 5.23 1.14 -642 -567 -244 -4.47e+03 -4.21e+03 -2.03e+03 -4.79e+04 -2.85e+04 -1.05e+04 
S matrix
1 0 0 0 0 0 0 0 0 0 0 0 0 
0 0.0359 0.0111 0.00259 -0.0592 -0.026 -0.00802 -0.00426 -0.00146 -0.0003 -0.242 -0.0829 -0.022 
0 0.0111 0.00364 0.000887 -0.0152 -0.00665 -0.00205 -0.00112 -0.000366 -6.88e-05 -0.0629 -0.0215 -0.00568 
0 0.00259 0.000887 0.000221 -0.00333 -0.00145 -0.000446 -0.000247 -7.87e-05 -1.41e-05 -0.0138 -0.00471 -0.00124 
0 -0.0592 -0.0152 -0.00333 4.34 2.74 1.04 -0.518 -0.22 -0.0697 4.7 2.29 0.701 
0 -0.026 -0.00665 -0.00145 2.74 2.06 0.898 -0.227 -0.0898 -0.0276 3.88 1.97 0.62 
0 -0.00802 -0.00205 -0.000446 1.04 0.898 0.45 -0.0713 -0.0278 -0.0085 1.6 0.836 0.267 
0 -0.00426 -0.00112 -0.000247 -0.518 -0.227 -0.0713 2.73 2.19 0.969 27 14.5 4.88 
0 -0.00146 -0.000366 -7.87e-05 -0.22 -0.0898 -0.0278 2.19 2.23 1.15 21.5 12.9 4.61 
0 -0.0003 -6.88e-05 -1.41e-05 -0.0697 -0.0276 -0.0085 0.969 1.15 0.689 9.42 6.03 2.22 
0 -0.242 -0.0629 -0.0138 4.7 3.88 1.6 27 21.5 9.42 297 157 52.4 
0 -0.0829 -0.0215 -0.00471 2.29 1.97 0.836 14.5 12.9 6.03 157 89.1 31.3 
0 -0.022 -0.00568 -0.00124 0.701 0.62 0.267 4.88 4.61 2.22 52.4 31.3 11.5 
H matrix
-919 -0.236 -0.0674 -0.0166 23.9 16.8 3.74 53.1 50.3 8.99 528 283 73.6 
0.0151 -33 -10.2 -2.38 54.3 23.8 7.35 3.91 1.34 0.277 222 76.1 20.2 
0.00666 -10.2 -3.34 -0.815 14 6.1 1.88 1.03 0.337 0.0638 57.7 19.7 5.21 
0.00204 -2.38 -0.814 -0.203 3.05 1.33 0.409 0.227 0.0725 0.0131 12.7 4.32 1.14 
-0.401 54.4 14 3.06 -3.98e+03 -2.51e+03 -957 475 202 63.7 -4.31e+03 -2.1e+03 -642 
-0.058 23.9 6.12 1.34 -2.51e+03 -1.89e+03 -822 208 82.2 25.2 -3.55e+03 -1.81e+03 -567 
0.0553 7.37 1.88 0.41 -957 -821 -411 65.4 25.5 7.78 -1.47e+03 -765 -244 
0.0482 3.92 1.03 0.227 475 208 65.4 -2.5e+03 -2e+03 -886 -2.47e+04 -1.32e+04 -4.46e+03 
-0.019 1.34 0.337 0.0726 202 82.3 25.5 -2.01e+03 -2.03e+03 -1.05e+03 -1.96e+04 -1.18e+04 -4.2e+03 
-0.0164 0.276 0.0636 0.0131 63.9 25.3 7.79 -887 -1.05e+03 -627 -8.6e+03 -5.5e+03 -2.02e+03 
4.13 222 57.9 12.7 -4.31e+03 -3.55e+03 -1.47e+03 -2.47e+04 -1.96e+04 -8.61e+03 -2.72e+05 -1.43e+05 -4.79e+04 
3.23 76.3 19.8 4.33 -2.1e+03 -1.81e+03 -766 -1.33e+04 -1.18e+04 -5.51e+03 -1.43e+05 -8.13e+04 -2.85e+04 
1.85 20.3 5.23 1.14 -642 -567 -244 -4.47e+03 -4.21e+03 -2.03e+03 -4.79e+04 -2.85e+04 -1.05e+04 
S matrix
1 0 0 0 0 0 0 0 0 0 0 0 0 
0 0.0359 0.0111 0.00259 -0.0592 -0.026 -0.00802 -0.00426 -0.00146 -0.0003 -0.242 -0.0829 -0.022 
0 0.0111 0.00364 0.000887 -0.0152 -0.00665 -0.00205 -0.00112 -0.000366 -6.88e-05 -0.0629 -0.0215 -0.00568 
0 0.00259 0.000887 0.000221 -0.00333 -0.00145 -0.000446 -0.000247 -7.87e-05 -1.41e-05 -0.0138 -0.00471 -0.00124 
0 -0.0592 -0.0152 -0.00333 4.34 2.74 1.04 -0.518 -0.22 -0.0697 4.7 2.29 0.701 
0 -0.026 -0.00665 -0.00145 2.74 2.06 0.898 -0.227 -0.0898 -0.0276 3.88 1.97 0.62 
0 -0.00802 -0.00205 -0.000446 1.04 0.898 0.45 -0.0713 -0.0278 -0.0085 1.6 0.836 0.267 
0 -0.00426 -0.00112 -0.000247 -0.518 -0.227 -0.0713 2.73 2.19 0.969 27 14.5 4.88 
0 -0.00146 -0.000366 -7.87e-05 -0.22 -0.0898 -0.0278 2.19 2.23 1.15 21.5 12.9 4.61 
0 -0.0003 -6.88e-05 -1.41e-05 -0.0697 -0.0276 -0.0085 0.969 1.15 0.689 9.42 6.03 2.22 
0 -0.242 -0.0629 -0.0138 4.7 3.88 1.6 27 21.5 9.42 297 157 52.4 
0 -0.0829 -0.0215 -0.00471 2.29 1.97 0.836 14.5 12.9 6.03 157 89.1 31.3 
0 -0.022 -0.00568 -0.00124 0.701 0.62 0.267 4.88 4.61 2.22 52.4 31.3 11.5 
H matrix
-919 -0.236 -0.0674 -0.0166 23.9 16.8 3.74 53.1 50.3 8.99 528 283 73.6 
0.0151 -33 -10.2 -2.38 54.3 23.8 7.35 3.91 1.34 0.277 222 76.1 20.2 
0.00666 -10.2 -3.34 -0.815 14 6.1 1.88 1.03 0.337 0.0638 57.7 19.7 5.21 
0.00204 -2.38 -0.814 -0.203 3.05 1.33 0.409 0.227 0.0725 0.0131 12.7 4.32 1.14 
-0.401 54.4 14 3.06 -3.98e+03 -2.51e+03 -957 475 202 63.7 -4.31e+03 -2.1e+03 -642 
-0.058 23.9 6.12 1.34 -2.51e+03 -1.89e+03 -822 208 82.2 25.2 -3.55e+03 -1.81e+03 -567 
0.0553 7.37 1.88 0.41 -957 -821 -411 65.4 25.5 7.78 -1.47e+03 -765 -244 
0.0482 3.92 1.03 0.227 475 208 65.4 -2.5e+03 -2e+03 -886 -2.47e+04 -1.32e+04 -4.46e+03 
-0.019 1.34 0.337 0.0726 202 82.3 25.5 -2.01e+03 -2.03e+03 -1.05e+03 -1.96e+04 -1.18e+04 -4.2e+03 
-0.0164 0.276 0.0636 0.0131 63.9 25.3 7.79 -887 -1.05e+03 -627 -8.6e+03 -5.5e+03 -2.02e+03 
4.13 222 57.9 12.7 -4.31e+03 -3.55e+03 -1.47e+03 -2.47e+04 -1.96e+04 -8.61e+03 -2.72e+05 -1.43e+05 -4.79e+04 
3.23 76.3 19.8 4.33 -2.1e+03 -1.81e+03 -766 -1.33e+04 -1.18e+04 -5.51e+03 -1.43e+05 -8.13e+04 -2.85e+04 
1.85 20.3 5.23 1.14 -642 -567 -244 -4.47e+03 -4.21e+03 -2.03e+03 -4.79e+04 -2.85e+04 -1.05e+04 
S matrix
1 0 0 0 0 0 0 0 0 0 0 0 0 
0 0.0359 0.0111 0.00259 -0.0592 -0.026 -0.00802 -0.00426 -0.00146 -0.0003 -0.242 -0.0829 -0.022 
0 0.0111 0.00364 0.000887 -0.0152 -0.00665 -0.00205 -0.00112 -0.000366 -6.88e-05 -0.0629 -0.0215 -0.00568 
0 0.00259 0.000887 0.000221 -0.00333 -0.00145 -0.000446 -0.000247 -7.87e-05 -1.41e-05 -0.0138 -0.00471 -0.00124 
0 -0.0592 -0.0152 -0.00333 4.34 2.74 1.04 -0.518 -0.22 -0.0697 4.7 2.29 0.701 
0 -0.026 -0.00665 -0.00145 2.74 2.06 0.898 -0.227 -0.0898 -0.0276 3.88 1.97 0.62 
0 -0.00802 -0.00205 -0.000446 1.04 0.898 0.45 -0.0713 -0.0278 -0.0085 1.6 0.836 0.267 
0 -0.00426 -0.00112 -0.000247 -0.518 -0.227 -0.0713 2.73 2.19 0.969 27 14.5 4.88 
0 -0.00146 -0.000366 -7.87e-05 -0.22 -0.0898 -0.0278 2.19 2.23 1.15 21.5 12.9 4.61 
0 -0.0003 -6.88e-05 -1.41e-05 -0.0697 -0.0276 -0.0085 0.969 1.15 0.689 9.42 6.03 2.22 
0 -0.242 -0.0629 -0.0138 4.7 3.88 1.6 27 21.5 9.42 297 157 52.4 
0 -0.0829 -0.0215 -0.00471 2.29 1.97 0.836 14.5 12.9 6.03 157 89.1 31.3 
0 -0.022 -0.00568 -0.00124 0.701 0.62 0.267 4.88 4.61 2.22 52.4 31.3 11.5 
H matrix
-919 -0.236 -0.0674 -0.0166 23.9 16.8 3.74 53.1 50.3 8.99 528 283 73.6 
0.0151 -33 -10.2 -2.38 54.3 23.8 7.35 3.91 1.34 0.277 222 76.1 20.2 
0.00666 -10.2 -3.34 -0.815 14 6.1 1.88 1.03 0.337 0.0638 57.7 19.7 5.21 
0.00204 -2.38 -0.814 -0.203 3.05 1.33 0.409 0.227 0.0725 0.0131 12.7 4.32 1.14 
-0.401 54.4 14 3.06 -3.98e+03 -2.51e+03 -957 475 202 63.7 -4.31e+03 -2.1e+03 -642 
-0.058 23.9 6.12 1.34 -2.51e+03 -1.89e+03 -822 208 82.2 25.2 -3.55e+03 -1.81e+03 -567 
0.0553 7.37 1.88 0.41 -957 -821 -411 65.4 25.5 7.78 -1.47e+03 -765 -244 
0.0482 3.92 1.03 0.227 475 208 65.4 -2.5e+03 -2e+03 -886 -2.47e+04 -1.32e+04 -4.46e+03 
-0.019 1.34 0.337 0.0726 202 82.3 25.5 -2.01e+03 -2.03e+03 -1.05e+03 -1.96e+04 -1.18e+04 -4.2e+03 
-0.0164 0.276 0.0636 0.0131 63.9 25.3 7.79 -887 -1.05e+03 -627 -8.6e+03 -5.5e+03 -2.02e+03 
4.13 222 57.9 12.7 -4.31e+03 -3.55e+03 -1.47e+03 -2.47e+04 -1.96e+04 -8.61e+03 -2.72e+05 -1.43e+05 -4.79e+04 
3.23 76.3 19.8 4.33 -2.1e+03 -1.81e+03 -766 -1.33e+04 -1.18e+04 -5.51e+03 -1.43e+05 -8.13e+04 -2.85e+04 
1.85 20.3 5.23 1.14 -642 -567 -244 -4.47e+03 -4.21e+03 -2.03e+03 -4.79e+04 -2.85e+04 -1.05e+04 
S matrix
1 0 0 0 0 0 0 0 0 0 0 0 0 
0 0.0359 0.0111 0.00259 -0.0592 -0.026 -0.00802 -0.00426 -0.00146 -0.0003 -0.242 -0.0829 -0.022 
0 0.0111 0.00364 0.000887 -0.0152 -0.00665 -0.00205 -0.00112 -0.000366 -6.88e-05 -0.0629 -0.0215 -0.00568 
0 0.00259 0.000887 0.000221 -0.00333 -0.00145 -0.000446 -0.000247 -7.87e-05 -1.41e-05 -0.0138 -0.00471 -0.00124 
0 -0.0592 -0.0152 -0.00333 4.34 2.74 1.04 -0.518 -0.22 -0.0697 4.7 2.29 0.701 
0 -0.026 -0.00665 -0.00145 2.74 2.06 0.898 -0.227 -0.0898 -0.0276 3.88 1.97 0.62 
0 -0.00802 -0.00205 -0.000446 1.04 0.898 0.45 -0.0713 -0.0278 -0.0085 1.6 0.836 0.267 
0 -0.00426 -0.00112 -0.000247 -0.518 -0.227 -0.0713 2.73 2.19 0.969 27 14.5 4.88 
0 -0.00146 -0.000366 -7.87e-05 -0.22 -0.0898 -0.0278 2.19 2.23 1.15 21.5 12.9 4.61 
0 -0.0003 -6.88e-05 -1.41e-05 -0.0697 -0.0276 -0.0085 0.969 1.15 0.689 9.42 6.03 2.22 
0 -0.242 -0.0629 -0.0138 4.7 3.88 1.6 27 21.5 9.42 297 157 52.4 
0 -0.0829 -0.0215 -0.00471 2.29 1.97 0.836 14.5 12.9 6.03 157 89.1 31.3 
0 -0.022 -0.00568 -0.00124 0.701 0.62 0.267 4.88 4.61 2.22 52.4 31.3 11.5 
H matrix
-919 -0.236 -0.0674 -0.0166 23.9 16.8 3.74 53.1 50.3 8.99 528 283 73.6 
0.0151 -33 -10.2 -2.38 54.3 23.8 7.35 3.91 1.34 0.277 222 76.1 20.2 
0.00666 -10.2 -3.34 -0.815 14 6.1 1.88 1.03 0.337 0.0638 57.7 19.7 5.21 
0.00204 -2.38 -0.814 -0.203 3.05 1.33 0.409 0.227 0.0725 0.0131 12.7 4.32 1.14 
-0.401 54.4 14 3.06 -3.98e+03 -2.51e+03 -957 475 202 63.7 -4.31e+03 -2.1e+03 -642 
-0.058 23.9 6.12 1.34 -2.51e+03 -1.89e+03 -822 208 82.2 25.2 -3.55e+03 -1.81e+03 -567 
0.0553 7.37 1.88 0.41 -957 -821 -411 65.4 25.5 7.78 -1.47e+03 -765 -244 
0.0482 3.92 1.03 0.227 475 208 65.4 -2.5e+03 -2e+03 -886 -2.47e+04 -1.32e+04 -4.46e+03 
-0.019 1.34 0.337 0.0726 202 82.3 25.5 -2.01e+03 -2.03e+03 -1.05e+03 -1.96e+04 -1.18e+04 -4.2e+03 
-0.0164 0.276 0.0636 0.0131 63.9 25.3 7.79 -887 -1.05e+03 -627 -8.6e+03 -5.5e+03 -2.02e+03 
4.13 222 57.9 12.7 -4.31e+03 -3.55e+03 -1.47e+03 -2.47e+04 -1.96e+04 -8.61e+03 -2.72e+05 -1.43e+05 -4.79e+04 
3.23 76.3 19.8 4.33 -2.1e+03 -1.81e+03 -766 -1.33e+04 -1.18e+04 -5.51e+03 -1.43e+05 -8.13e+04 -2.85e+04 
1.85 20.3 5.23 1.14 -642 -567 -244 -4.47e+03 -4.21e+03 -2.03e+03 -4.79e+04 -2.85e+04 -1.05e+04 
S matrix
1 0 0 0 0 0 0 0 0 0 0 0 0 
0 0.0359 0.0111 0.00259 -0.0592 -0.026 -0.00802 -0.00426 -0.00146 -0.0003 -0.242 -0.0829 -0.022 
0 0.0111 0.00364 0.000887 -0.0152 -0.00665 -0.00205 -0.00112 -0.000366 -6.88e-05 -0.0629 -0.0215 -0.00568 
0 0.00259 0.000887 0.000221 -0.00333 -0.00145 -0.000446 -0.000247 -7.87e-05 -1.41e-05 -0.0138 -0.00471 -0.00124 
0 -0.0592 -0.0152 -0.00333 4.34 2.74 1.04 -0.518 -0.22 -0.0697 4.7 2.29 0.701 
0 -0.026 -0.00665 -0.00145 2.74 2.06 0.898 -0.227 -0.0898 -0.0276 3.88 1.97 0.62 
0 -0.00802 -0.00205 -0.000446 1.04 0.898 0.45 -0.0713 -0.0278 -0.0085 1.6 0.836 0.267 
0 -0.00426 -0.00112 -0.000247 -0.518 -0.227 -0.0713 2.73 2.19 0.969 27 14.5 4.88 
0 -0.00146 -0.000366 -7.87e-05 -0.22 -0.0898 -0.0278 2.19 2.23 1.15 21.5 12.9 4.61 
0 -0.0003 -6.88e-05 -1.41e-05 -0.0697 -0.0276 -0.0085 0.969 1.15 0.689 9.42 6.03 2.22 
0 -0.242 -0.0629 -0.0138 4.7 3.88 1.6 27 21.5 9.42 297 157 52.4 
0 -0.0829 -0.0215 -0.00471 2.29 1.97 0.836 14.5 12.9 6.03 157 89.1 31.3 
0 -0.022 -0.00568 -0.00124 0.701 0.62 0.267 4.88 4.61 2.22 52.4 31.3 11.5 
H matrix
-919 -0.236 -0.0674 -0.0166 23.9 16.8 3.74 53.1 50.3 8.99 528 283 73.6 
0.0151 -33 -10.2 -2.38 54.3 23.8 7.35 3.91 1.34 0.277 222 76.1 20.2 
0.00666 -10.2 -3.34 -0.815 14 6.1 1.88 1.03 0.337 0.0638 57.7 19.7 5.21 
0.00204 -2.38 -0.814 -0.203 3.05 1.33 0.409 0.227 0.0725 0.0131 12.7 4.32 1.14 
-0.401 54.4 14 3.06 -3.98e+03 -2.51e+03 -957 475 202 63.7 -4.31e+03 -2.1e+03 -642 
-0.058 23.9 6.12 1.34 -2.51e+03 -1.89e+03 -822 208 82.2 25.2 -3.55e+03 -1.81e+03 -567 
0.0553 7.37 1.88 0.41 -957 -821 -411 65.4 25.5 7.78 -1.47e+03 -765 -244 
0.0482 3.92 1.03 0.227 475 208 65.4 -2.5e+03 -2e+03 -886 -2.47e+04 -1.32e+04 -4.46e+03 
-0.019 1.34 0.337 0.0726 202 82.3 25.5 -2.01e+03 -2.03e+03 -1.05e+03 -1.96e+04 -1.18e+04 -4.2e+03 
-0.0164 0.276 0.0636 0.0131 63.9 25.3 7.79 -887 -1.05e+03 -627 -8.6e+03 -5.5e+03 -2.02e+03 
4.13 222 57.9 12.7 -4.31e+03 -3.55e+03 -1.47e+03 -2.47e+04 -1.96e+04 -8.61e+03 -2.72e+05 -1.43e+05 -4.79e+04 
3.23 76.3 19.8 4.33 -2.1e+03 -1.81e+03 -766 -1.33e+04 -1.18e+04 -5.51e+03 -1.43e+05 -8.13e+04 -2.85e+04 
1.85 20.3 5.23 1.14 -642 -567 -244 -4.47e+03 -4.21e+03 -2.03e+03 -4.79e+04 -2.85e+04 -1.05e+04 
S matrix
1 0 0 0 0 0 0 0 0 0 0 0 0 
0 0.0359 0.0111 0.00259 -0.0592 -0.026 -0.00802 -0.00426 -0.00146 -0.0003 -0.242 -0.0829 -0.022 
0 0.0111 0.00364 0.000887 -0.0152 -0.00665 -0.00205 -0.00112 -0.000366 -6.88e-05 -0.0629 -0.0215 -0.00568 
0 0.00259 0.000887 0.000221 -0.00333 -0.00145 -0.000446 -0.000247 -7.87e-05 -1.41e-05 -0.0138 -0.00471 -0.00124 
0 -0.0592 -0.0152 -0.00333 4.34 2.74 1.04 -0.518 -0.22 -0.0697 4.7 2.29 0.701 
0 -0.026 -0.00665 -0.00145 2.74 2.06 0.898 -0.227 -0.0898 -0.0276 3.88 1.97 0.62 
0 -0.00802 -0.00205 -0.000446 1.04 0.898 0.45 -0.0713 -0.0278 -0.0085 1.6 0.836 0.267 
0 -0.00426 -0.00112 -0.000247 -0.518 -0.227 -0.0713 2.73 2.19 0.969 27 14.5 4.88 
0 -0.00146 -0.000366 -7.87e-05 -0.22 -0.0898 -0.0278 2.19 2.23 1.15 21.5 12.9 4.61 
0 -0.0003 -6.88e-05 -1.41e-05 -0.0697 -0.0276 -0.0085 0.969 1.15 0.689 9.42 6.03 2.22 
0 -0.242 -0.0629 -0.0138 4.7 3.88 1.6 27 21.5 9.42 297 157 52.4 
0 -0.0829 -0.0215 -0.00471 2.29 1.97 0.836 14.5 12.9 6.03 157 89.1 31.3 
0 -0.022 -0.00568 -0.00124 0.701 0.62 0.267 4.88 4.61 2.22 52.4 31.3 11.5 
H matrix
-919 -0.236 -0.0674 -0.0166 23.9 16.8 3.74 53.1 50.3 8.99 528 283 73.6 
0.0151 -33 -10.2 -2.38 54.3 23.8 7.35 3.91 1.34 0.277 222 76.1 20.2 
0.00666 -10.2 -3.34 -0.815 14 6.1 1.88 1.03 0.337 0.0638 57.7 19.7 5.21 
0.00204 -2.38 -0.814 -0.203 3.05 1.33 0.409 0.227 0.0725 0.0131 12.7 4.32 1.14 
-0.401 54.4 14 3.06 -3.98e+03 -2.51e+03 -957 475 202 63.7 -4.31e+03 -2.1e+03 -642 
-0.058 23.9 6.12 1.34 -2.51e+03 -1.89e+03 -822 208 82.2 25.2 -3.55e+03 -1.81e+03 -567 
0.0553 7.37 1.88 0.41 -957 -821 -411 65.4 25.5 7.78 -1.47e+03 -765 -244 
0.0482 3.92 1.03 0.227 475 208 65.4 -2.5e+03 -2e+03 -886 -2.47e+04 -1.32e+04 -4.46e+03 
-0.019 1.34 0.337 0.0726 202 82.3 25.5 -2.01e+03 -2.03e+03 -1.05e+03 -1.96e+04 -1.18e+04 -4.2e+03 
-0.0164 0.276 0.0636 0.0131 63.9 25.3 7.79 -887 -1.05e+03 -627 -8.6e+03 -5.5e+03 -2.02e+03 
4.13 222 57.9 12.7 -4.31e+03 -3.55e+03 -1.47e+03 -2.47e+04 -1.96e+04 -8.61e+03 -2.72e+05 -1.43e+05 -4.79e+04 
3.23 76.3 19.8 4.33 -2.1e+03 -1.81e+03 -766 -1.33e+04 -1.18e+04 -5.51e+03 -1.43e+05 -8.13e+04 -2.85e+04 
1.85 20.3 5.23 1.14 -642 -567 -244 -4.47e+03 -4.21e+03 -2.03e+03 -4.79e+04 -2.85e+04 -1.05e+04 
S matrix
1 0 0 0 0 0 0 0 0 0 0 0 0 
0 0.0359 0.0111 0.00259 -0.0592 -0.026 -0.00802 -0.00426 -0.00146 -0.0003 -0.242 -0.0829 -0.022 
0 0.0111 0.00364 0.000887 -0.0152 -0.00665 -0.00205 -0.00112 -0.000366 -6.88e-05 -0.0629 -0.0215 -0.00568 
0 0.00259 0.000887 0.000221 -0.00333 -0.00145 -0.000446 -0.000247 -7.87e-05 -1.41e-05 -0.0138 -0.00471 -0.00124 
0 -0.0592 -0.0152 -0.00333 4.34 2.74 1.04 -0.518 -0.22 -0.0697 4.7 2.29 0.701 
0 -0.026 -0.00665 -0.00145 2.74 2.06 0.898 -0.227 -0.0898 -0.0276 3.88 1.97 0.62 
0 -0.00802 -0.00205 -0.000446 1.04 0.898 0.45 -0.0713 -0.0278 -0.0085 1.6 0.836 0.267 
0 -0.00426 -0.00112 -0.000247 -0.518 -0.227 -0.0713 2.73 2.19 0.969 27 14.5 4.88 
0 -0.00146 -0.000366 -7.87e-05 -0.22 -0.0898 -0.0278 2.19 2.23 1.15 21.5 12.9 4.61 
0 -0.0003 -6.88e-05 -1.41e-05 -0.0697 -0.0276 -0.0085 0.969 1.15 0.689 9.42 6.03 2.22 
0 -0.242 -0.0629 -0.0138 4.7 3.88 1.6 27 21.5 9.42 297 157 52.4 
0 -0.0829 -0.0215 -0.00471 2.29 1.97 0.836 14.5 12.9 6.03 157 89.1 31.3 
0 -0.022 -0.00568 -0.00124 0.701 0.62 0.267 4.88 4.61 2.22 52.4 31.3 11.5 
H matrix
-919 -0.236 -0.0674 -0.0166 23.9 16.8 3.74 53.1 50.3 8.99 528 283 73.6 
0.0151 -33 -10.2 -2.38 54.3 23.8 7.35 3.91 1.34 0.277 222 76.1 20.2 
0.00666 -10.2 -3.34 -0.815 14 6.1 1.88 1.03 0.337 0.0638 57.7 19.7 5.21 
0.00204 -2.38 -0.814 -0.203 3.05 1.33 0.409 0.227 0.0725 0.0131 12.7 4.32 1.14 
-0.401 54.4 14 3.06 -3.98e+03 -2.51e+03 -957 475 202 63.7 -4.31e+03 -2.1e+03 -642 
-0.058 23.9 6.12 1.34 -2.51e+03 -1.89e+03 -822 208 82.2 25.2 -3.55e+03 -1.81e+03 -567 
0.0553 7.37 1.88 0.41 -957 -821 -411 65.4 25.5 7.78 -1.47e+03 -765 -244 
0.0482 3.92 1.03 0.227 475 208 65.4 -2.5e+03 -2e+03 -886 -2.47e+04 -1.32e+04 -4.46e+03 
-0.019 1.34 0.337 0.0726 202 82.3 25.5 -2.01e+03 -2.03e+03 -1.05e+03 -1.96e+04 -1.18e+04 -4.2e+03 
-0.0164 0.276 0.0636 0.0131 63.9 25.3 7.79 -887 -1.05e+03 -627 -8.6e+03 -5.5e+03 -2.02e+03 
4.13 222 57.9 12.7 -4.31e+03 -3.55e+03 -1.47e+03 -2.47e+04 -1.96e+04 -8.61e+03 -2.72e+05 -1.43e+05 -4.79e+04 
3.23 76.3 19.8 4.33 -2.1e+03 -1.81e+03 -766 -1.33e+04 -1.18e+04 -5.51e+03 -1.43e+05 -8.13e+04 -2.85e+04 
1.85 20.3 5.23 1.14 -642 -567 -244 -4.47e+03 -4.21e+03 -2.03e+03 -4.79e+04 -2.85e+04 -1.05e+04 
S matrix
1 0 0 0 0 0 0 0 0 0 0 0 0 
0 0.0359 0.0111 0.00259 -0.0592 -0.026 -0.00802 -0.00426 -0.00146 -0.0003 -0.242 -0.0829 -0.022 
0 0.0111 0.00364 0.000887 -0.0152 -0.00665 -0.00205 -0.00112 -0.000366 -6.88e-05 -0.0629 -0.0215 -0.00568 
0 0.00259 0.000887 0.000221 -0.00333 -0.00145 -0.000446 -0.000247 -7.87e-05 -1.41e-05 -0.0138 -0.00471 -0.00124 
0 -0.0592 -0.0152 -0.00333 4.34 2.74 1.04 -0.518 -0.22 -0.0697 4.7 2.29 0.701 
0 -0.026 -0.00665 -0.00145 2.74 2.06 0.898 -0.227 -0.0898 -0.0276 3.88 1.97 0.62 
0 -0.00802 -0.00205 -0.000446 1.04 0.898 0.45 -0.0713 -0.0278 -0.0085 1.6 0.836 0.267 
0 -0.00426 -0.00112 -0.000247 -0.518 -0.227 -0.0713 2.73 2.19 0.969 27 14.5 4.88 
0 -0.00146 -0.000366 -7.87e-05 -0.22 -0.0898 -0.0278 2.19 2.23 1.15 21.5 12.9 4.61 
0 -0.0003 -6.88e-05 -1.41e-05 -0.0697 -0.0276 -0.0085 0.969 1.15 0.689 9.42 6.03 2.22 
0 -0.242 -0.0629 -0.0138 4.7 3.88 1.6 27 21.5 9.42 297 157 52.4 
0 -0.0829 -0.0215 -0.00471 2.29 1.97 0.836 14.5 12.9 6.03 157 89.1 31.3 
0 -0.022 -0.00568 -0.00124 0.701 0.62 0.267 4.88 4.61 2.22 52.4 31.3 11.5 
H matrix
-919 -0.236 -0.0674 -0.0166 23.9 16.8 3.74 53.1 50.3 8.99 528 283 73.6 
0.0151 -33 -10.2 -2.38 54.3 23.8 7.35 3.91 1.34 0.277 222 76.1 20.2 
0.00666 -10.2 -3.34 -0.815 14 6.1 1.88 1.03 0.337 0.0638 57.7 19.7 5.21 
0.00204 -2.38 -0.814 -0.203 3.05 1.33 0.409 0.227 0.0725 0.0131 12.7 4.32 1.14 
-0.401 54.4 14 3.06 -3.98e+03 -2.51e+03 -957 475 202 63.7 -4.31e+03 -2.1e+03 -642 
-0.058 23.9 6.12 1.34 -2.51e+03 -1.89e+03 -822 208 82.2 25.2 -3.55e+03 -1.81e+03 -567 
0.0553 7.37 1.88 0.41 -957 -821 -411 65.4 25.5 7.78 -1.47e+03 -765 -244 
0.0482 3.92 1.03 0.227 475 208 65.4 -2.5e+03 -2e+03 -886 -2.47e+04 -1.32e+04 -4.46e+03 
-0.019 1.34 0.337 0.0726 202 82.3 25.5 -2.01e+03 -2.03e+03 -1.05e+03 -1.96e+04 -1.18e+04 -4.2e+03 
-0.0164 0.276 0.0636 0.0131 63.9 25.3 7.79 -887 -1.05e+03 -627 -8.6e+03 -5.5e+03 -2.02e+03 
4.13 222 57.9 12.7 -4.31e+03 -3.55e+03 -1.47e+03 -2.47e+04 -1.96e+04 -8.61e+03 -2.72e+05 -1.43e+05 -4.79e+04 
3.23 76.3 19.8 4.33 -2.1e+03 -1.81e+03 -766 -1.33e+04 -1.18e+04 -5.51e+03 -1.43e+05 -8.13e+04 -2.85e+04 
1.85 20.3 5.23 1.14 -642 -567 -244 -4.47e+03 -4.21e+03 -2.03e+03 -4.79e+04 -2.85e+04 -1.05e+04 
S matrix
1 0 0 0 0 0 0 0 0 0 0 0 0 
0 0.0359 0.0111 0.00259 -0.0592 -0.026 -0.00802 -0.00426 -0.00146 -0.0003 -0.242 -0.0829 -0.022 
0 0.0111 0.00364 0.000887 -0.0152 -0.00665 -0.00205 -0.00112 -0.000366 -6.88e-05 -0.0629 -0.0215 -0.00568 
0 0.00259 0.000887 0.000221 -0.00333 -0.00145 -0.000446 -0.000247 -7.87e-05 -1.41e-05 -0.0138 -0.00471 -0.00124 
0 -0.0592 -0.0152 -0.00333 4.34 2.74 1.04 -0.518 -0.22 -0.0697 4.7 2.29 0.701 
0 -0.026 -0.00665 -0.00145 2.74 2.06 0.898 -0.227 -0.0898 -0.0276 3.88 1.97 0.62 
0 -0.00802 -0.00205 -0.000446 1.04 0.898 0.45 -0.0713 -0.0278 -0.0085 1.6 0.836 0.267 
0 -0.00426 -0.00112 -0.000247 -0.518 -0.227 -0.0713 2.73 2.19 0.969 27 14.5 4.88 
0 -0.00146 -0.000366 -7.87e-05 -0.22 -0.0898 -0.0278 2.19 2.23 1.15 21.5 12.9 4.61 
0 -0.0003 -6.88e-05 -1.41e-05 -0.0697 -0.0276 -0.0085 0.969 1.15 0.689 9.42 6.03 2.22 
0 -0.242 -0.0629 -0.0138 4.7 3.88 1.6 27 21.5 9.42 297 157 52.4 
0 -0.0829 -0.0215 -0.00471 2.29 1.97 0.836 14.5 12.9 6.03 157 89.1 31.3 
