--------------------------------------------------------------------------
[[11975,1],1]: A high-performance Open MPI point-to-point messaging module
was unable to find any relevant network interfaces:

Module: OpenFabrics (openib)
  Host: golub220

Another transport will be used instead, although this may result in
lower performance.
--------------------------------------------------------------------------
0: output to qwalk_000.linear.o
16: cell volume 1430.02
16: elsu 6.48894
16: alpha 0.770542
17: cell volume 1430.02
17: elsu 6.48894
17: alpha 0.770542
18: cell volume 1430.02
18: elsu 6.48894
18: alpha 0.770542
19: cell volume 1430.02
19: elsu 6.48894
19: alpha 0.770542
cutoff 9.59706
 total centers 271
0: cell volume 1430.02
**Warning** atom 4 is out of the simulation cell.  Putting it inside.
**Warning** atom 5 is out of the simulation cell.  Putting it inside.
**Warning** atom 6 is out of the simulation cell.  Putting it inside.
**Warning** atom 8 is out of the simulation cell.  Putting it inside.
**Warning** atom 10 is out of the simulation cell.  Putting it inside.
**Warning** atom 12 is out of the simulation cell.  Putting it inside.
**Warning** atom 13 is out of the simulation cell.  Putting it inside.
0: elsu 6.48894
0: alpha 0.770542
1: cell volume 1430.02
1: elsu 6.48894
1: alpha 0.770542
2: cell volume 1430.02
2: elsu 6.48894
2: alpha 0.770542
3: cell volume 1430.02
3: elsu 6.48894
3: alpha 0.770542
4: cell volume 1430.02
4: elsu 6.48894
4: alpha 0.770542
5: cell volume 1430.02
5: elsu 6.48894
5: alpha 0.770542
6: cell volume 1430.02
6: elsu 6.48894
6: alpha 0.770542
7: cell volume 1430.02
7: elsu 6.48894
7: alpha 0.770542
8: cell volume 1430.02
8: elsu 6.48894
8: alpha 0.770542
9: cell volume 1430.02
9: elsu 6.48894
9: alpha 0.770542
10: cell volume 1430.02
10: elsu 6.48894
10: alpha 0.770542
11: cell volume 1430.02
11: elsu 6.48894
11: alpha 0.770542
12: cell volume 1430.02
12: elsu 6.48894
12: alpha 0.770542
13: cell volume 1430.02
13: elsu 6.48894
13: alpha 0.770542
14: cell volume 1430.02
14: elsu 6.48894
14: alpha 0.770542
15: cell volume 1430.02
15: elsu 6.48894
15: alpha 0.770542
11: real space ion-ion 0.0258213
14: real space ion-ion 0.0258213
16: real space ion-ion 0.0258213
18: real space ion-ion 0.0258213
Ewald sum using 2491 reciprocal points
0: real space ion-ion 0.0258213
11: reciprocal space ion 377.807
14: reciprocal space ion 377.807
5: real space ion-ion 0.0258213
9: real space ion-ion 0.0258213
16: reciprocal space ion 377.807
18: reciprocal space ion 377.807
2: real space ion-ion 0.0258213
6: real space ion-ion 0.0258213
0: reciprocal space ion 377.807
19: real space ion-ion 0.0258213
17: real space ion-ion 0.0258213
5: reciprocal space ion 377.807
15: real space ion-ion 0.0258213
9: reciprocal space ion 377.807
2: reciprocal space ion 377.807
6: reciprocal space ion 377.807
19: reciprocal space ion 377.807
17: reciprocal space ion 377.807
15: reciprocal space ion 377.807
13: real space ion-ion 0.0258213
13: reciprocal space ion 377.807
7: real space ion-ion 0.0258213
7: reciprocal space ion 377.807
4: real space ion-ion 0.0258213
4: reciprocal space ion 377.807
1: real space ion-ion 0.0258213
1: reciprocal space ion 377.807
3: real space ion-ion 0.0258213
3: reciprocal space ion 377.807
10: real space ion-ion 0.0258213
10: reciprocal space ion 377.807
8: real space ion-ion 0.0258213
8: reciprocal space ion 377.807
12: real space ion-ion 0.0258213
12: reciprocal space ion 377.807
Could not open qwalk_000.linear.config. Generating configurations from scratch
[golub220:07301] 19 more processes have sent help message help-mpi-btl-base.txt / btl:no-nics
[golub220:07301] Set MCA parameter "orte_base_help_aggregate" to 0 to see all help / error messages
5: Timestep is 0.442
8: Timestep is 0.442
15: Timestep is 0.442
2: Timestep is 0.442
12: Timestep is 0.442
11: Timestep is 0.442
6: Timestep is 0.442
17: Timestep is 0.442
0: Timestep is 0.442
16: Timestep is 0.442
4: Timestep is 0.442
18: Timestep is 0.442
1: Timestep is 0.442
7: Timestep is 0.442
14: Timestep is 0.442
9: Timestep is 0.442
13: Timestep is 0.442
10: Timestep is 0.442
19: Timestep is 0.442
3: Timestep is 0.442
1: Write took 0 seconds
1: Write took 0 seconds
1: Write took 0 seconds
1: Write took 0 seconds
1: Write took 0 seconds
1: Write took 0 seconds
1: Write took 0 seconds
1: Write took 0 seconds
1: Write took 0 seconds
1: Write took 0 seconds
1: Write took 0 seconds
1: Write took 0 seconds
1: Write took 0 seconds
1: Write took 0 seconds
1: Write took 0 seconds
1: Write took 1 seconds
1: Write took 0 seconds
1: Write took 0 seconds
1: Write took 0 seconds
1: Write took 0 seconds
S matrix
1 0 0 0 0 0 0 0 0 0 0 0 0 
0 0.0318 0.00977 0.00229 -0.0614 -0.0285 -0.00919 -0.00261 -0.00116 -0.000553 -0.225 -0.0788 -0.0211 
0 0.00977 0.00321 0.000779 -0.0159 -0.00735 -0.00238 -0.000661 -0.000303 -0.000157 -0.0584 -0.0204 -0.00543 
0 0.00229 0.000779 0.000195 -0.00348 -0.00161 -0.000521 -0.000143 -6.46e-05 -3.44e-05 -0.0128 -0.00446 -0.00119 
0 -0.0614 -0.0159 -0.00348 4.95 3.14 1.19 -0.704 -0.323 -0.107 4.22 2.14 0.659 
0 -0.0285 -0.00735 -0.00161 3.14 2.32 0.994 -0.315 -0.134 -0.0424 3.91 2.05 0.649 
0 -0.00919 -0.00238 -0.000521 1.19 0.994 0.485 -0.0995 -0.0404 -0.0124 1.68 0.897 0.288 
0 -0.00261 -0.000661 -0.000143 -0.704 -0.315 -0.0995 3.34 2.7 1.2 32.5 17.5 5.91 
0 -0.00116 -0.000303 -6.46e-05 -0.323 -0.134 -0.0404 2.7 2.66 1.35 26.2 15.5 5.49 
0 -0.000553 -0.000157 -3.44e-05 -0.107 -0.0424 -0.0124 1.2 1.35 0.777 11.5 7.21 2.62 
0 -0.225 -0.0584 -0.0128 4.22 3.91 1.68 32.5 26.2 11.5 352 187 62.7 
0 -0.0788 -0.0204 -0.00446 2.14 2.05 0.897 17.5 15.5 7.21 187 106 37 
0 -0.0211 -0.00543 -0.00119 0.659 0.649 0.288 5.91 5.49 2.62 62.7 37 13.5 
H matrix
-917 -0.216 -0.0613 -0.015 24.2 17.1 3.82 52.6 49.5 8.81 525 280 72.4 
0.00806 -29.2 -8.95 -2.1 56.2 26 8.4 2.38 1.05 0.499 206 72.1 19.3 
0.00437 -8.94 -2.94 -0.714 14.5 6.72 2.17 0.605 0.275 0.142 53.4 18.6 4.97 
0.00143 -2.1 -0.714 -0.178 3.19 1.47 0.476 0.131 0.0587 0.031 11.7 4.08 1.09 
-0.177 56.4 14.6 3.2 -4.53e+03 -2.86e+03 -1.09e+03 644 295 97.4 -3.86e+03 -1.96e+03 -602 
-0.063 26.1 6.75 1.48 -2.87e+03 -2.11e+03 -907 288 122 38.7 -3.57e+03 -1.87e+03 -593 
-0.03 8.42 2.18 0.478 -1.09e+03 -906 -442 91 36.9 11.3 -1.53e+03 -818 -263 
-1.1 2.39 0.607 0.131 644 288 91 -3.05e+03 -2.46e+03 -1.09e+03 -2.96e+04 -1.59e+04 -5.38e+03 
-1.55 1.06 0.277 0.0591 295 122 36.9 -2.47e+03 -2.42e+03 -1.23e+03 -2.39e+04 -1.41e+04 -5e+03 
-0.769 0.505 0.143 0.0315 97.5 38.7 11.3 -1.09e+03 -1.23e+03 -706 -1.05e+04 -6.55e+03 -2.38e+03 
4.2 207 53.6 11.8 -3.86e+03 -3.57e+03 -1.53e+03 -2.97e+04 -2.39e+04 -1.05e+04 -3.21e+05 -1.7e+05 -5.71e+04 
3.61 72.3 18.7 4.1 -1.96e+03 -1.87e+03 -819 -1.6e+04 -1.41e+04 -6.57e+03 -1.71e+05 -9.65e+04 -3.37e+04 
1.92 19.3 4.98 1.09 -602 -592 -263 -5.4e+03 -5e+03 -2.39e+03 -5.72e+04 -3.37e+04 -1.22e+04 
S matrix
1 0 0 0 0 0 0 0 0 0 0 0 0 
0 0.0318 0.00977 0.00229 -0.0614 -0.0285 -0.00919 -0.00261 -0.00116 -0.000553 -0.225 -0.0788 -0.0211 
0 0.00977 0.00321 0.000779 -0.0159 -0.00735 -0.00238 -0.000661 -0.000303 -0.000157 -0.0584 -0.0204 -0.00543 
0 0.00229 0.000779 0.000195 -0.00348 -0.00161 -0.000521 -0.000143 -6.46e-05 -3.44e-05 -0.0128 -0.00446 -0.00119 
0 -0.0614 -0.0159 -0.00348 4.95 3.14 1.19 -0.704 -0.323 -0.107 4.22 2.14 0.659 
0 -0.0285 -0.00735 -0.00161 3.14 2.32 0.994 -0.315 -0.134 -0.0424 3.91 2.05 0.649 
0 -0.00919 -0.00238 -0.000521 1.19 0.994 0.485 -0.0995 -0.0404 -0.0124 1.68 0.897 0.288 
0 -0.00261 -0.000661 -0.000143 -0.704 -0.315 -0.0995 3.34 2.7 1.2 32.5 17.5 5.91 
0 -0.00116 -0.000303 -6.46e-05 -0.323 -0.134 -0.0404 2.7 2.66 1.35 26.2 15.5 5.49 
0 -0.000553 -0.000157 -3.44e-05 -0.107 -0.0424 -0.0124 1.2 1.35 0.777 11.5 7.21 2.62 
0 -0.225 -0.0584 -0.0128 4.22 3.91 1.68 32.5 26.2 11.5 352 187 62.7 
0 -0.0788 -0.0204 -0.00446 2.14 2.05 0.897 17.5 15.5 7.21 187 106 37 
0 -0.0211 -0.00543 -0.00119 0.659 0.649 0.288 5.91 5.49 2.62 62.7 37 13.5 
H matrix
-917 -0.216 -0.0613 -0.015 24.2 17.1 3.82 52.6 49.5 8.81 525 280 72.4 
0.00806 -29.2 -8.95 -2.1 56.2 26 8.4 2.38 1.05 0.499 206 72.1 19.3 
0.00437 -8.94 -2.94 -0.714 14.5 6.72 2.17 0.605 0.275 0.142 53.4 18.6 4.97 
0.00143 -2.1 -0.714 -0.178 3.19 1.47 0.476 0.131 0.0587 0.031 11.7 4.08 1.09 
-0.177 56.4 14.6 3.2 -4.53e+03 -2.86e+03 -1.09e+03 644 295 97.4 -3.86e+03 -1.96e+03 -602 
-0.063 26.1 6.75 1.48 -2.87e+03 -2.11e+03 -907 288 122 38.7 -3.57e+03 -1.87e+03 -593 
-0.03 8.42 2.18 0.478 -1.09e+03 -906 -442 91 36.9 11.3 -1.53e+03 -818 -263 
-1.1 2.39 0.607 0.131 644 288 91 -3.05e+03 -2.46e+03 -1.09e+03 -2.96e+04 -1.59e+04 -5.38e+03 
-1.55 1.06 0.277 0.0591 295 122 36.9 -2.47e+03 -2.42e+03 -1.23e+03 -2.39e+04 -1.41e+04 -5e+03 
-0.769 0.505 0.143 0.0315 97.5 38.7 11.3 -1.09e+03 -1.23e+03 -706 -1.05e+04 -6.55e+03 -2.38e+03 
4.2 207 53.6 11.8 -3.86e+03 -3.57e+03 -1.53e+03 -2.97e+04 -2.39e+04 -1.05e+04 -3.21e+05 -1.7e+05 -5.71e+04 
3.61 72.3 18.7 4.1 -1.96e+03 -1.87e+03 -819 -1.6e+04 -1.41e+04 -6.57e+03 -1.71e+05 -9.65e+04 -3.37e+04 
1.92 19.3 4.98 1.09 -602 -592 -263 -5.4e+03 -5e+03 -2.39e+03 -5.72e+04 -3.37e+04 -1.22e+04 
S matrix
1 0 0 0 0 0 0 0 0 0 0 0 0 
0 0.0318 0.00977 0.00229 -0.0614 -0.0285 -0.00919 -0.00261 -0.00116 -0.000553 -0.225 -0.0788 -0.0211 
0 0.00977 0.00321 0.000779 -0.0159 -0.00735 -0.00238 -0.000661 -0.000303 -0.000157 -0.0584 -0.0204 -0.00543 
0 0.00229 0.000779 0.000195 -0.00348 -0.00161 -0.000521 -0.000143 -6.46e-05 -3.44e-05 -0.0128 -0.00446 -0.00119 
0 -0.0614 -0.0159 -0.00348 4.95 3.14 1.19 -0.704 -0.323 -0.107 4.22 2.14 0.659 
0 -0.0285 -0.00735 -0.00161 3.14 2.32 0.994 -0.315 -0.134 -0.0424 3.91 2.05 0.649 
0 -0.00919 -0.00238 -0.000521 1.19 0.994 0.485 -0.0995 -0.0404 -0.0124 1.68 0.897 0.288 
0 -0.00261 -0.000661 -0.000143 -0.704 -0.315 -0.0995 3.34 2.7 1.2 32.5 17.5 5.91 
0 -0.00116 -0.000303 -6.46e-05 -0.323 -0.134 -0.0404 2.7 2.66 1.35 26.2 15.5 5.49 
0 -0.000553 -0.000157 -3.44e-05 -0.107 -0.0424 -0.0124 1.2 1.35 0.777 11.5 7.21 2.62 
0 -0.225 -0.0584 -0.0128 4.22 3.91 1.68 32.5 26.2 11.5 352 187 62.7 
0 -0.0788 -0.0204 -0.00446 2.14 2.05 0.897 17.5 15.5 7.21 187 106 37 
0 -0.0211 -0.00543 -0.00119 0.659 0.649 0.288 5.91 5.49 2.62 62.7 37 13.5 
H matrix
-917 -0.216 -0.0613 -0.015 24.2 17.1 3.82 52.6 49.5 8.81 525 280 72.4 
0.00806 -29.2 -8.95 -2.1 56.2 26 8.4 2.38 1.05 0.499 206 72.1 19.3 
0.00437 -8.94 -2.94 -0.714 14.5 6.72 2.17 0.605 0.275 0.142 53.4 18.6 4.97 
0.00143 -2.1 -0.714 -0.178 3.19 1.47 0.476 0.131 0.0587 0.031 11.7 4.08 1.09 
-0.177 56.4 14.6 3.2 -4.53e+03 -2.86e+03 -1.09e+03 644 295 97.4 -3.86e+03 -1.96e+03 -602 
-0.063 26.1 6.75 1.48 -2.87e+03 -2.11e+03 -907 288 122 38.7 -3.57e+03 -1.87e+03 -593 
-0.03 8.42 2.18 0.478 -1.09e+03 -906 -442 91 36.9 11.3 -1.53e+03 -818 -263 
-1.1 2.39 0.607 0.131 644 288 91 -3.05e+03 -2.46e+03 -1.09e+03 -2.96e+04 -1.59e+04 -5.38e+03 
-1.55 1.06 0.277 0.0591 295 122 36.9 -2.47e+03 -2.42e+03 -1.23e+03 -2.39e+04 -1.41e+04 -5e+03 
-0.769 0.505 0.143 0.0315 97.5 38.7 11.3 -1.09e+03 -1.23e+03 -706 -1.05e+04 -6.55e+03 -2.38e+03 
4.2 207 53.6 11.8 -3.86e+03 -3.57e+03 -1.53e+03 -2.97e+04 -2.39e+04 -1.05e+04 -3.21e+05 -1.7e+05 -5.71e+04 
3.61 72.3 18.7 4.1 -1.96e+03 -1.87e+03 -819 -1.6e+04 -1.41e+04 -6.57e+03 -1.71e+05 -9.65e+04 -3.37e+04 
1.92 19.3 4.98 1.09 -602 -592 -263 -5.4e+03 -5e+03 -2.39e+03 -5.72e+04 -3.37e+04 -1.22e+04 
S matrix
1 0 0 0 0 0 0 0 0 0 0 0 0 
0 0.0318 0.00977 0.00229 -0.0614 -0.0285 -0.00919 -0.00261 -0.00116 -0.000553 -0.225 -0.0788 -0.0211 
0 0.00977 0.00321 0.000779 -0.0159 -0.00735 -0.00238 -0.000661 -0.000303 -0.000157 -0.0584 -0.0204 -0.00543 
0 0.00229 0.000779 0.000195 -0.00348 -0.00161 -0.000521 -0.000143 -6.46e-05 -3.44e-05 -0.0128 -0.00446 -0.00119 
0 -0.0614 -0.0159 -0.00348 4.95 3.14 1.19 -0.704 -0.323 -0.107 4.22 2.14 0.659 
0 -0.0285 -0.00735 -0.00161 3.14 2.32 0.994 -0.315 -0.134 -0.0424 3.91 2.05 0.649 
0 -0.00919 -0.00238 -0.000521 1.19 0.994 0.485 -0.0995 -0.0404 -0.0124 1.68 0.897 0.288 
0 -0.00261 -0.000661 -0.000143 -0.704 -0.315 -0.0995 3.34 2.7 1.2 32.5 17.5 5.91 
0 -0.00116 -0.000303 -6.46e-05 -0.323 -0.134 -0.0404 2.7 2.66 1.35 26.2 15.5 5.49 
0 -0.000553 -0.000157 -3.44e-05 -0.107 -0.0424 -0.0124 1.2 1.35 0.777 11.5 7.21 2.62 
0 -0.225 -0.0584 -0.0128 4.22 3.91 1.68 32.5 26.2 11.5 352 187 62.7 
0 -0.0788 -0.0204 -0.00446 2.14 2.05 0.897 17.5 15.5 7.21 187 106 37 
0 -0.0211 -0.00543 -0.00119 0.659 0.649 0.288 5.91 5.49 2.62 62.7 37 13.5 
H matrix
-917 -0.216 -0.0613 -0.015 24.2 17.1 3.82 52.6 49.5 8.81 525 280 72.4 
0.00806 -29.2 -8.95 -2.1 56.2 26 8.4 2.38 1.05 0.499 206 72.1 19.3 
0.00437 -8.94 -2.94 -0.714 14.5 6.72 2.17 0.605 0.275 0.142 53.4 18.6 4.97 
0.00143 -2.1 -0.714 -0.178 3.19 1.47 0.476 0.131 0.0587 0.031 11.7 4.08 1.09 
-0.177 56.4 14.6 3.2 -4.53e+03 -2.86e+03 -1.09e+03 644 295 97.4 -3.86e+03 -1.96e+03 -602 
-0.063 26.1 6.75 1.48 -2.87e+03 -2.11e+03 -907 288 122 38.7 -3.57e+03 -1.87e+03 -593 
-0.03 8.42 2.18 0.478 -1.09e+03 -906 -442 91 36.9 11.3 -1.53e+03 -818 -263 
-1.1 2.39 0.607 0.131 644 288 91 -3.05e+03 -2.46e+03 -1.09e+03 -2.96e+04 -1.59e+04 -5.38e+03 
-1.55 1.06 0.277 0.0591 295 122 36.9 -2.47e+03 -2.42e+03 -1.23e+03 -2.39e+04 -1.41e+04 -5e+03 
-0.769 0.505 0.143 0.0315 97.5 38.7 11.3 -1.09e+03 -1.23e+03 -706 -1.05e+04 -6.55e+03 -2.38e+03 
4.2 207 53.6 11.8 -3.86e+03 -3.57e+03 -1.53e+03 -2.97e+04 -2.39e+04 -1.05e+04 -3.21e+05 -1.7e+05 -5.71e+04 
3.61 72.3 18.7 4.1 -1.96e+03 -1.87e+03 -819 -1.6e+04 -1.41e+04 -6.57e+03 -1.71e+05 -9.65e+04 -3.37e+04 
1.92 19.3 4.98 1.09 -602 -592 -263 -5.4e+03 -5e+03 -2.39e+03 -5.72e+04 -3.37e+04 -1.22e+04 
S matrix
1 0 0 0 0 0 0 0 0 0 0 0 0 
0 0.0318 0.00977 0.00229 -0.0614 -0.0285 -0.00919 -0.00261 -0.00116 -0.000553 -0.225 -0.0788 -0.0211 
0 0.00977 0.00321 0.000779 -0.0159 -0.00735 -0.00238 -0.000661 -0.000303 -0.000157 -0.0584 -0.0204 -0.00543 
0 0.00229 0.000779 0.000195 -0.00348 -0.00161 -0.000521 -0.000143 -6.46e-05 -3.44e-05 -0.0128 -0.00446 -0.00119 
0 -0.0614 -0.0159 -0.00348 4.95 3.14 1.19 -0.704 -0.323 -0.107 4.22 2.14 0.659 
0 -0.0285 -0.00735 -0.00161 3.14 2.32 0.994 -0.315 -0.134 -0.0424 3.91 2.05 0.649 
0 -0.00919 -0.00238 -0.000521 1.19 0.994 0.485 -0.0995 -0.0404 -0.0124 1.68 0.897 0.288 
0 -0.00261 -0.000661 -0.000143 -0.704 -0.315 -0.0995 3.34 2.7 1.2 32.5 17.5 5.91 
0 -0.00116 -0.000303 -6.46e-05 -0.323 -0.134 -0.0404 2.7 2.66 1.35 26.2 15.5 5.49 
0 -0.000553 -0.000157 -3.44e-05 -0.107 -0.0424 -0.0124 1.2 1.35 0.777 11.5 7.21 2.62 
0 -0.225 -0.0584 -0.0128 4.22 3.91 1.68 32.5 26.2 11.5 352 187 62.7 
0 -0.0788 -0.0204 -0.00446 2.14 2.05 0.897 17.5 15.5 7.21 187 106 37 
0 -0.0211 -0.00543 -0.00119 0.659 0.649 0.288 5.91 5.49 2.62 62.7 37 13.5 
H matrix
-917 -0.216 -0.0613 -0.015 24.2 17.1 3.82 52.6 49.5 8.81 525 280 72.4 
0.00806 -29.2 -8.95 -2.1 56.2 26 8.4 2.38 1.05 0.499 206 72.1 19.3 
0.00437 -8.94 -2.94 -0.714 14.5 6.72 2.17 0.605 0.275 0.142 53.4 18.6 4.97 
0.00143 -2.1 -0.714 -0.178 3.19 1.47 0.476 0.131 0.0587 0.031 11.7 4.08 1.09 
-0.177 56.4 14.6 3.2 -4.53e+03 -2.86e+03 -1.09e+03 644 295 97.4 -3.86e+03 -1.96e+03 -602 
-0.063 26.1 6.75 1.48 -2.87e+03 -2.11e+03 -907 288 122 38.7 -3.57e+03 -1.87e+03 -593 
-0.03 8.42 2.18 0.478 -1.09e+03 -906 -442 91 36.9 11.3 -1.53e+03 -818 -263 
-1.1 2.39 0.607 0.131 644 288 91 -3.05e+03 -2.46e+03 -1.09e+03 -2.96e+04 -1.59e+04 -5.38e+03 
-1.55 1.06 0.277 0.0591 295 122 36.9 -2.47e+03 -2.42e+03 -1.23e+03 -2.39e+04 -1.41e+04 -5e+03 
-0.769 0.505 0.143 0.0315 97.5 38.7 11.3 -1.09e+03 -1.23e+03 -706 -1.05e+04 -6.55e+03 -2.38e+03 
4.2 207 53.6 11.8 -3.86e+03 -3.57e+03 -1.53e+03 -2.97e+04 -2.39e+04 -1.05e+04 -3.21e+05 -1.7e+05 -5.71e+04 
3.61 72.3 18.7 4.1 -1.96e+03 -1.87e+03 -819 -1.6e+04 -1.41e+04 -6.57e+03 -1.71e+05 -9.65e+04 -3.37e+04 
1.92 19.3 4.98 1.09 -602 -592 -263 -5.4e+03 -5e+03 -2.39e+03 -5.72e+04 -3.37e+04 -1.22e+04 
S matrix
1 0 0 0 0 0 0 0 0 0 0 0 0 
0 0.0318 0.00977 0.00229 -0.0614 -0.0285 -0.00919 -0.00261 -0.00116 -0.000553 -0.225 -0.0788 -0.0211 
0 0.00977 0.00321 0.000779 -0.0159 -0.00735 -0.00238 -0.000661 -0.000303 -0.000157 -0.0584 -0.0204 -0.00543 
0 0.00229 0.000779 0.000195 -0.00348 -0.00161 -0.000521 -0.000143 -6.46e-05 -3.44e-05 -0.0128 -0.00446 -0.00119 
0 -0.0614 -0.0159 -0.00348 4.95 3.14 1.19 -0.704 -0.323 -0.107 4.22 2.14 0.659 
0 -0.0285 -0.00735 -0.00161 3.14 2.32 0.994 -0.315 -0.134 -0.0424 3.91 2.05 0.649 
0 -0.00919 -0.00238 -0.000521 1.19 0.994 0.485 -0.0995 -0.0404 -0.0124 1.68 0.897 0.288 
0 -0.00261 -0.000661 -0.000143 -0.704 -0.315 -0.0995 3.34 2.7 1.2 32.5 17.5 5.91 
0 -0.00116 -0.000303 -6.46e-05 -0.323 -0.134 -0.0404 2.7 2.66 1.35 26.2 15.5 5.49 
0 -0.000553 -0.000157 -3.44e-05 -0.107 -0.0424 -0.0124 1.2 1.35 0.777 11.5 7.21 2.62 
0 -0.225 -0.0584 -0.0128 4.22 3.91 1.68 32.5 26.2 11.5 352 187 62.7 
0 -0.0788 -0.0204 -0.00446 2.14 2.05 0.897 17.5 15.5 7.21 187 106 37 
0 -0.0211 -0.00543 -0.00119 0.659 0.649 0.288 5.91 5.49 2.62 62.7 37 13.5 
H matrix
-917 -0.216 -0.0613 -0.015 24.2 17.1 3.82 52.6 49.5 8.81 525 280 72.4 
0.00806 -29.2 -8.95 -2.1 56.2 26 8.4 2.38 1.05 0.499 206 72.1 19.3 
0.00437 -8.94 -2.94 -0.714 14.5 6.72 2.17 0.605 0.275 0.142 53.4 18.6 4.97 
0.00143 -2.1 -0.714 -0.178 3.19 1.47 0.476 0.131 0.0587 0.031 11.7 4.08 1.09 
-0.177 56.4 14.6 3.2 -4.53e+03 -2.86e+03 -1.09e+03 644 295 97.4 -3.86e+03 -1.96e+03 -602 
-0.063 26.1 6.75 1.48 -2.87e+03 -2.11e+03 -907 288 122 38.7 -3.57e+03 -1.87e+03 -593 
-0.03 8.42 2.18 0.478 -1.09e+03 -906 -442 91 36.9 11.3 -1.53e+03 -818 -263 
-1.1 2.39 0.607 0.131 644 288 91 -3.05e+03 -2.46e+03 -1.09e+03 -2.96e+04 -1.59e+04 -5.38e+03 
-1.55 1.06 0.277 0.0591 295 122 36.9 -2.47e+03 -2.42e+03 -1.23e+03 -2.39e+04 -1.41e+04 -5e+03 
-0.769 0.505 0.143 0.0315 97.5 38.7 11.3 -1.09e+03 -1.23e+03 -706 -1.05e+04 -6.55e+03 -2.38e+03 
4.2 207 53.6 11.8 -3.86e+03 -3.57e+03 -1.53e+03 -2.97e+04 -2.39e+04 -1.05e+04 -3.21e+05 -1.7e+05 -5.71e+04 
3.61 72.3 18.7 4.1 -1.96e+03 -1.87e+03 -819 -1.6e+04 -1.41e+04 -6.57e+03 -1.71e+05 -9.65e+04 -3.37e+04 
1.92 19.3 4.98 1.09 -602 -592 -263 -5.4e+03 -5e+03 -2.39e+03 -5.72e+04 -3.37e+04 -1.22e+04 
S matrix
1 0 0 0 0 0 0 0 0 0 0 0 0 
0 0.0318 0.00977 0.00229 -0.0614 -0.0285 -0.00919 -0.00261 -0.00116 -0.000553 -0.225 -0.0788 -0.0211 
0 0.00977 0.00321 0.000779 -0.0159 -0.00735 -0.00238 -0.000661 -0.000303 -0.000157 -0.0584 -0.0204 -0.00543 
0 0.00229 0.000779 0.000195 -0.00348 -0.00161 -0.000521 -0.000143 -6.46e-05 -3.44e-05 -0.0128 -0.00446 -0.00119 
0 -0.0614 -0.0159 -0.00348 4.95 3.14 1.19 -0.704 -0.323 -0.107 4.22 2.14 0.659 
0 -0.0285 -0.00735 -0.00161 3.14 2.32 0.994 -0.315 -0.134 -0.0424 3.91 2.05 0.649 
0 -0.00919 -0.00238 -0.000521 1.19 0.994 0.485 -0.0995 -0.0404 -0.0124 1.68 0.897 0.288 
0 -0.00261 -0.000661 -0.000143 -0.704 -0.315 -0.0995 3.34 2.7 1.2 32.5 17.5 5.91 
0 -0.00116 -0.000303 -6.46e-05 -0.323 -0.134 -0.0404 2.7 2.66 1.35 26.2 15.5 5.49 
0 -0.000553 -0.000157 -3.44e-05 -0.107 -0.0424 -0.0124 1.2 1.35 0.777 11.5 7.21 2.62 
0 -0.225 -0.0584 -0.0128 4.22 3.91 1.68 32.5 26.2 11.5 352 187 62.7 
0 -0.0788 -0.0204 -0.00446 2.14 2.05 0.897 17.5 15.5 7.21 187 106 37 
0 -0.0211 -0.00543 -0.00119 0.659 0.649 0.288 5.91 5.49 2.62 62.7 37 13.5 
H matrix
-917 -0.216 -0.0613 -0.015 24.2 17.1 3.82 52.6 49.5 8.81 525 280 72.4 
0.00806 -29.2 -8.95 -2.1 56.2 26 8.4 2.38 1.05 0.499 206 72.1 19.3 
0.00437 -8.94 -2.94 -0.714 14.5 6.72 2.17 0.605 0.275 0.142 53.4 18.6 4.97 
0.00143 -2.1 -0.714 -0.178 3.19 1.47 0.476 0.131 0.0587 0.031 11.7 4.08 1.09 
-0.177 56.4 14.6 3.2 -4.53e+03 -2.86e+03 -1.09e+03 644 295 97.4 -3.86e+03 -1.96e+03 -602 
-0.063 26.1 6.75 1.48 -2.87e+03 -2.11e+03 -907 288 122 38.7 -3.57e+03 -1.87e+03 -593 
-0.03 8.42 2.18 0.478 -1.09e+03 -906 -442 91 36.9 11.3 -1.53e+03 -818 -263 
-1.1 2.39 0.607 0.131 644 288 91 -3.05e+03 -2.46e+03 -1.09e+03 -2.96e+04 -1.59e+04 -5.38e+03 
-1.55 1.06 0.277 0.0591 295 122 36.9 -2.47e+03 -2.42e+03 -1.23e+03 -2.39e+04 -1.41e+04 -5e+03 
-0.769 0.505 0.143 0.0315 97.5 38.7 11.3 -1.09e+03 -1.23e+03 -706 -1.05e+04 -6.55e+03 -2.38e+03 
4.2 207 53.6 11.8 -3.86e+03 -3.57e+03 -1.53e+03 -2.97e+04 -2.39e+04 -1.05e+04 -3.21e+05 -1.7e+05 -5.71e+04 
3.61 72.3 18.7 4.1 -1.96e+03 -1.87e+03 -819 -1.6e+04 -1.41e+04 -6.57e+03 -1.71e+05 -9.65e+04 -3.37e+04 
1.92 19.3 4.98 1.09 -602 -592 -263 -5.4e+03 -5e+03 -2.39e+03 -5.72e+04 -3.37e+04 -1.22e+04 
S matrix
1 0 0 0 0 0 0 0 0 0 0 0 0 
0 0.0318 0.00977 0.00229 -0.0614 -0.0285 -0.00919 -0.00261 -0.00116 -0.000553 -0.225 -0.0788 -0.0211 
0 0.00977 0.00321 0.000779 -0.0159 -0.00735 -0.00238 -0.000661 -0.000303 -0.000157 -0.0584 -0.0204 -0.00543 
0 0.00229 0.000779 0.000195 -0.00348 -0.00161 -0.000521 -0.000143 -6.46e-05 -3.44e-05 -0.0128 -0.00446 -0.00119 
0 -0.0614 -0.0159 -0.00348 4.95 3.14 1.19 -0.704 -0.323 -0.107 4.22 2.14 0.659 
0 -0.0285 -0.00735 -0.00161 3.14 2.32 0.994 -0.315 -0.134 -0.0424 3.91 2.05 0.649 
0 -0.00919 -0.00238 -0.000521 1.19 0.994 0.485 -0.0995 -0.0404 -0.0124 1.68 0.897 0.288 
0 -0.00261 -0.000661 -0.000143 -0.704 -0.315 -0.0995 3.34 2.7 1.2 32.5 17.5 5.91 
0 -0.00116 -0.000303 -6.46e-05 -0.323 -0.134 -0.0404 2.7 2.66 1.35 26.2 15.5 5.49 
0 -0.000553 -0.000157 -3.44e-05 -0.107 -0.0424 -0.0124 1.2 1.35 0.777 11.5 7.21 2.62 
0 -0.225 -0.0584 -0.0128 4.22 3.91 1.68 32.5 26.2 11.5 352 187 62.7 
0 -0.0788 -0.0204 -0.00446 2.14 2.05 0.897 17.5 15.5 7.21 187 106 37 
0 -0.0211 -0.00543 -0.00119 0.659 0.649 0.288 5.91 5.49 2.62 62.7 37 13.5 
H matrix
-917 -0.216 -0.0613 -0.015 24.2 17.1 3.82 52.6 49.5 8.81 525 280 72.4 
0.00806 -29.2 -8.95 -2.1 56.2 26 8.4 2.38 1.05 0.499 206 72.1 19.3 
0.00437 -8.94 -2.94 -0.714 14.5 6.72 2.17 0.605 0.275 0.142 53.4 18.6 4.97 
0.00143 -2.1 -0.714 -0.178 3.19 1.47 0.476 0.131 0.0587 0.031 11.7 4.08 1.09 
-0.177 56.4 14.6 3.2 -4.53e+03 -2.86e+03 -1.09e+03 644 295 97.4 -3.86e+03 -1.96e+03 -602 
-0.063 26.1 6.75 1.48 -2.87e+03 -2.11e+03 -907 288 122 38.7 -3.57e+03 -1.87e+03 -593 
-0.03 8.42 2.18 0.478 -1.09e+03 -906 -442 91 36.9 11.3 -1.53e+03 -818 -263 
-1.1 2.39 0.607 0.131 644 288 91 -3.05e+03 -2.46e+03 -1.09e+03 -2.96e+04 -1.59e+04 -5.38e+03 
-1.55 1.06 0.277 0.0591 295 122 36.9 -2.47e+03 -2.42e+03 -1.23e+03 -2.39e+04 -1.41e+04 -5e+03 
-0.769 0.505 0.143 0.0315 97.5 38.7 11.3 -1.09e+03 -1.23e+03 -706 -1.05e+04 -6.55e+03 -2.38e+03 
4.2 207 53.6 11.8 -3.86e+03 -3.57e+03 -1.53e+03 -2.97e+04 -2.39e+04 -1.05e+04 -3.21e+05 -1.7e+05 -5.71e+04 
3.61 72.3 18.7 4.1 -1.96e+03 -1.87e+03 -819 -1.6e+04 -1.41e+04 -6.57e+03 -1.71e+05 -9.65e+04 -3.37e+04 
1.92 19.3 4.98 1.09 -602 -592 -263 -5.4e+03 -5e+03 -2.39e+03 -5.72e+04 -3.37e+04 -1.22e+04 
S matrix
1 0 0 0 0 0 0 0 0 0 0 0 0 
0 0.0318 0.00977 0.00229 -0.0614 -0.0285 -0.00919 -0.00261 -0.00116 -0.000553 -0.225 -0.0788 -0.0211 
0 0.00977 0.00321 0.000779 -0.0159 -0.00735 -0.00238 -0.000661 -0.000303 -0.000157 -0.0584 -0.0204 -0.00543 
0 0.00229 0.000779 0.000195 -0.00348 -0.00161 -0.000521 -0.000143 -6.46e-05 -3.44e-05 -0.0128 -0.00446 -0.00119 
0 -0.0614 -0.0159 -0.00348 4.95 3.14 1.19 -0.704 -0.323 -0.107 4.22 2.14 0.659 
0 -0.0285 -0.00735 -0.00161 3.14 2.32 0.994 -0.315 -0.134 -0.0424 3.91 2.05 0.649 
0 -0.00919 -0.00238 -0.000521 1.19 0.994 0.485 -0.0995 -0.0404 -0.0124 1.68 0.897 0.288 
0 -0.00261 -0.000661 -0.000143 -0.704 -0.315 -0.0995 3.34 2.7 1.2 32.5 17.5 5.91 
0 -0.00116 -0.000303 -6.46e-05 -0.323 -0.134 -0.0404 2.7 2.66 1.35 26.2 15.5 5.49 
0 -0.000553 -0.000157 -3.44e-05 -0.107 -0.0424 -0.0124 1.2 1.35 0.777 11.5 7.21 2.62 
0 -0.225 -0.0584 -0.0128 4.22 3.91 1.68 32.5 26.2 11.5 352 187 62.7 
0 -0.0788 -0.0204 -0.00446 2.14 2.05 0.897 17.5 15.5 7.21 187 106 37 
0 -0.0211 -0.00543 -0.00119 0.659 0.649 0.288 5.91 5.49 2.62 62.7 37 13.5 
H matrix
-917 -0.216 -0.0613 -0.015 24.2 17.1 3.82 52.6 49.5 8.81 525 280 72.4 
0.00806 -29.2 -8.95 -2.1 56.2 26 8.4 2.38 1.05 0.499 206 72.1 19.3 
0.00437 -8.94 -2.94 -0.714 14.5 6.72 2.17 0.605 0.275 0.142 53.4 18.6 4.97 
0.00143 -2.1 -0.714 -0.178 3.19 1.47 0.476 0.131 0.0587 0.031 11.7 4.08 1.09 
-0.177 56.4 14.6 3.2 -4.53e+03 -2.86e+03 -1.09e+03 644 295 97.4 -3.86e+03 -1.96e+03 -602 
-0.063 26.1 6.75 1.48 -2.87e+03 -2.11e+03 -907 288 122 38.7 -3.57e+03 -1.87e+03 -593 
-0.03 8.42 2.18 0.478 -1.09e+03 -906 -442 91 36.9 11.3 -1.53e+03 -818 -263 
-1.1 2.39 0.607 0.131 644 288 91 -3.05e+03 -2.46e+03 -1.09e+03 -2.96e+04 -1.59e+04 -5.38e+03 
-1.55 1.06 0.277 0.0591 295 122 36.9 -2.47e+03 -2.42e+03 -1.23e+03 -2.39e+04 -1.41e+04 -5e+03 
-0.769 0.505 0.143 0.0315 97.5 38.7 11.3 -1.09e+03 -1.23e+03 -706 -1.05e+04 -6.55e+03 -2.38e+03 
4.2 207 53.6 11.8 -3.86e+03 -3.57e+03 -1.53e+03 -2.97e+04 -2.39e+04 -1.05e+04 -3.21e+05 -1.7e+05 -5.71e+04 
3.61 72.3 18.7 4.1 -1.96e+03 -1.87e+03 -819 -1.6e+04 -1.41e+04 -6.57e+03 -1.71e+05 -9.65e+04 -3.37e+04 
1.92 19.3 4.98 1.09 -602 -592 -263 -5.4e+03 -5e+03 -2.39e+03 -5.72e+04 -3.37e+04 -1.22e+04 
S matrix
1 0 0 0 0 0 0 0 0 0 0 0 0 
0 0.0318 0.00977 0.00229 -0.0614 -0.0285 -0.00919 -0.00261 -0.00116 -0.000553 -0.225 -0.0788 -0.0211 
0 0.00977 0.00321 0.000779 -0.0159 -0.00735 -0.00238 -0.000661 -0.000303 -0.000157 -0.0584 -0.0204 -0.00543 
0 0.00229 0.000779 0.000195 -0.00348 -0.00161 -0.000521 -0.000143 -6.46e-05 -3.44e-05 -0.0128 -0.00446 -0.00119 
0 -0.0614 -0.0159 -0.00348 4.95 3.14 1.19 -0.704 -0.323 -0.107 4.22 2.14 0.659 
0 -0.0285 -0.00735 -0.00161 3.14 2.32 0.994 -0.315 -0.134 -0.0424 3.91 2.05 0.649 
0 -0.00919 -0.00238 -0.000521 1.19 0.994 0.485 -0.0995 -0.0404 -0.0124 1.68 0.897 0.288 
0 -0.00261 -0.000661 -0.000143 -0.704 -0.315 -0.0995 3.34 2.7 1.2 32.5 17.5 5.91 
0 -0.00116 -0.000303 -6.46e-05 -0.323 -0.134 -0.0404 2.7 2.66 1.35 26.2 15.5 5.49 
0 -0.000553 -0.000157 -3.44e-05 -0.107 -0.0424 -0.0124 1.2 1.35 0.777 11.5 7.21 2.62 
0 -0.225 -0.0584 -0.0128 4.22 3.91 1.68 32.5 26.2 11.5 352 187 62.7 
0 -0.0788 -0.0204 -0.00446 2.14 2.05 0.897 17.5 15.5 7.21 187 106 37 
0 -0.0211 -0.00543 -0.00119 0.659 0.649 0.288 5.91 5.49 2.62 62.7 37 13.5 
H matrix
-917 -0.216 -0.0613 -0.015 24.2 17.1 3.82 52.6 49.5 8.81 525 280 72.4 
0.00806 -29.2 -8.95 -2.1 56.2 26 8.4 2.38 1.05 0.499 206 72.1 19.3 
0.00437 -8.94 -2.94 -0.714 14.5 6.72 2.17 0.605 0.275 0.142 53.4 18.6 4.97 
0.00143 -2.1 -0.714 -0.178 3.19 1.47 0.476 0.131 0.0587 0.031 11.7 4.08 1.09 
-0.177 56.4 14.6 3.2 -4.53e+03 -2.86e+03 -1.09e+03 644 295 97.4 -3.86e+03 -1.96e+03 -602 
-0.063 26.1 6.75 1.48 -2.87e+03 -2.11e+03 -907 288 122 38.7 -3.57e+03 -1.87e+03 -593 
-0.03 8.42 2.18 0.478 -1.09e+03 -906 -442 91 36.9 11.3 -1.53e+03 -818 -263 
-1.1 2.39 0.607 0.131 644 288 91 -3.05e+03 -2.46e+03 -1.09e+03 -2.96e+04 -1.59e+04 -5.38e+03 
-1.55 1.06 0.277 0.0591 295 122 36.9 -2.47e+03 -2.42e+03 -1.23e+03 -2.39e+04 -1.41e+04 -5e+03 
-0.769 0.505 0.143 0.0315 97.5 38.7 11.3 -1.09e+03 -1.23e+03 -706 -1.05e+04 -6.55e+03 -2.38e+03 
4.2 207 53.6 11.8 -3.86e+03 -3.57e+03 -1.53e+03 -2.97e+04 -2.39e+04 -1.05e+04 -3.21e+05 -1.7e+05 -5.71e+04 
3.61 72.3 18.7 4.1 -1.96e+03 -1.87e+03 -819 -1.6e+04 -1.41e+04 -6.57e+03 -1.71e+05 -9.65e+04 -3.37e+04 
1.92 19.3 4.98 1.09 -602 -592 -263 -5.4e+03 -5e+03 -2.39e+03 -5.72e+04 -3.37e+04 -1.22e+04 
S matrix
1 0 0 0 0 0 0 0 0 0 0 0 0 
0 0.0318 0.00977 0.00229 -0.0614 -0.0285 -0.00919 -0.00261 -0.00116 -0.000553 -0.225 -0.0788 -0.0211 
0 0.00977 0.00321 0.000779 -0.0159 -0.00735 -0.00238 -0.000661 -0.000303 -0.000157 -0.0584 -0.0204 -0.00543 
0 0.00229 0.000779 0.000195 -0.00348 -0.00161 -0.000521 -0.000143 -6.46e-05 -3.44e-05 -0.0128 -0.00446 -0.00119 
0 -0.0614 -0.0159 -0.00348 4.95 3.14 1.19 -0.704 -0.323 -0.107 4.22 2.14 0.659 
0 -0.0285 -0.00735 -0.00161 3.14 2.32 0.994 -0.315 -0.134 -0.0424 3.91 2.05 0.649 
0 -0.00919 -0.00238 -0.000521 1.19 0.994 0.485 -0.0995 -0.0404 -0.0124 1.68 0.897 0.288 
0 -0.00261 -0.000661 -0.000143 -0.704 -0.315 -0.0995 3.34 2.7 1.2 32.5 17.5 5.91 
0 -0.00116 -0.000303 -6.46e-05 -0.323 -0.134 -0.0404 2.7 2.66 1.35 26.2 15.5 5.49 
0 -0.000553 -0.000157 -3.44e-05 -0.107 -0.0424 -0.0124 1.2 1.35 0.777 11.5 7.21 2.62 
0 -0.225 -0.0584 -0.0128 4.22 3.91 1.68 32.5 26.2 11.5 352 187 62.7 
0 -0.0788 -0.0204 -0.00446 2.14 2.05 0.897 17.5 15.5 7.21 187 106 37 
0 -0.0211 -0.00543 -0.00119 0.659 0.649 0.288 5.91 5.49 2.62 62.7 37 13.5 
H matrix
-917 -0.216 -0.0613 -0.015 24.2 17.1 3.82 52.6 49.5 8.81 525 280 72.4 
0.00806 -29.2 -8.95 -2.1 56.2 26 8.4 2.38 1.05 0.499 206 72.1 19.3 
0.00437 -8.94 -2.94 -0.714 14.5 6.72 2.17 0.605 0.275 0.142 53.4 18.6 4.97 
0.00143 -2.1 -0.714 -0.178 3.19 1.47 0.476 0.131 0.0587 0.031 11.7 4.08 1.09 
-0.177 56.4 14.6 3.2 -4.53e+03 -2.86e+03 -1.09e+03 644 295 97.4 -3.86e+03 -1.96e+03 -602 
-0.063 26.1 6.75 1.48 -2.87e+03 -2.11e+03 -907 288 122 38.7 -3.57e+03 -1.87e+03 -593 
-0.03 8.42 2.18 0.478 -1.09e+03 -906 -442 91 36.9 11.3 -1.53e+03 -818 -263 
-1.1 2.39 0.607 0.131 644 288 91 -3.05e+03 -2.46e+03 -1.09e+03 -2.96e+04 -1.59e+04 -5.38e+03 
-1.55 1.06 0.277 0.0591 295 122 36.9 -2.47e+03 -2.42e+03 -1.23e+03 -2.39e+04 -1.41e+04 -5e+03 
-0.769 0.505 0.143 0.0315 97.5 38.7 11.3 -1.09e+03 -1.23e+03 -706 -1.05e+04 -6.55e+03 -2.38e+03 
4.2 207 53.6 11.8 -3.86e+03 -3.57e+03 -1.53e+03 -2.97e+04 -2.39e+04 -1.05e+04 -3.21e+05 -1.7e+05 -5.71e+04 
3.61 72.3 18.7 4.1 -1.96e+03 -1.87e+03 -819 -1.6e+04 -1.41e+04 -6.57e+03 -1.71e+05 -9.65e+04 -3.37e+04 
1.92 19.3 4.98 1.09 -602 -592 -263 -5.4e+03 -5e+03 -2.39e+03 -5.72e+04 -3.37e+04 -1.22e+04 
S matrix
1 0 0 0 0 0 0 0 0 0 0 0 0 
0 0.0318 0.00977 0.00229 -0.0614 -0.0285 -0.00919 -0.00261 -0.00116 -0.000553 -0.225 -0.0788 -0.0211 
0 0.00977 0.00321 0.000779 -0.0159 -0.00735 -0.00238 -0.000661 -0.000303 -0.000157 -0.0584 -0.0204 -0.00543 
0 0.00229 0.000779 0.000195 -0.00348 -0.00161 -0.000521 -0.000143 -6.46e-05 -3.44e-05 -0.0128 -0.00446 -0.00119 
0 -0.0614 -0.0159 -0.00348 4.95 3.14 1.19 -0.704 -0.323 -0.107 4.22 2.14 0.659 
0 -0.0285 -0.00735 -0.00161 3.14 2.32 0.994 -0.315 -0.134 -0.0424 3.91 2.05 0.649 
0 -0.00919 -0.00238 -0.000521 1.19 0.994 0.485 -0.0995 -0.0404 -0.0124 1.68 0.897 0.288 
0 -0.00261 -0.000661 -0.000143 -0.704 -0.315 -0.0995 3.34 2.7 1.2 32.5 17.5 5.91 
0 -0.00116 -0.000303 -6.46e-05 -0.323 -0.134 -0.0404 2.7 2.66 1.35 26.2 15.5 5.49 
0 -0.000553 -0.000157 -3.44e-05 -0.107 -0.0424 -0.0124 1.2 1.35 0.777 11.5 7.21 2.62 
0 -0.225 -0.0584 -0.0128 4.22 3.91 1.68 32.5 26.2 11.5 352 187 62.7 
0 -0.0788 -0.0204 -0.00446 2.14 2.05 0.897 17.5 15.5 7.21 187 106 37 
0 -0.0211 -0.00543 -0.00119 0.659 0.649 0.288 5.91 5.49 2.62 62.7 37 13.5 
H matrix
-917 -0.216 -0.0613 -0.015 24.2 17.1 3.82 52.6 49.5 8.81 525 280 72.4 
0.00806 -29.2 -8.95 -2.1 56.2 26 8.4 2.38 1.05 0.499 206 72.1 19.3 
0.00437 -8.94 -2.94 -0.714 14.5 6.72 2.17 0.605 0.275 0.142 53.4 18.6 4.97 
0.00143 -2.1 -0.714 -0.178 3.19 1.47 0.476 0.131 0.0587 0.031 11.7 4.08 1.09 
-0.177 56.4 14.6 3.2 -4.53e+03 -2.86e+03 -1.09e+03 644 295 97.4 -3.86e+03 -1.96e+03 -602 
-0.063 26.1 6.75 1.48 -2.87e+03 -2.11e+03 -907 288 122 38.7 -3.57e+03 -1.87e+03 -593 
-0.03 8.42 2.18 0.478 -1.09e+03 -906 -442 91 36.9 11.3 -1.53e+03 -818 -263 
-1.1 2.39 0.607 0.131 644 288 91 -3.05e+03 -2.46e+03 -1.09e+03 -2.96e+04 -1.59e+04 -5.38e+03 
-1.55 1.06 0.277 0.0591 295 122 36.9 -2.47e+03 -2.42e+03 -1.23e+03 -2.39e+04 -1.41e+04 -5e+03 
-0.769 0.505 0.143 0.0315 97.5 38.7 11.3 -1.09e+03 -1.23e+03 -706 -1.05e+04 -6.55e+03 -2.38e+03 
4.2 207 53.6 11.8 -3.86e+03 -3.57e+03 -1.53e+03 -2.97e+04 -2.39e+04 -1.05e+04 -3.21e+05 -1.7e+05 -5.71e+04 
3.61 72.3 18.7 4.1 -1.96e+03 -1.87e+03 -819 -1.6e+04 -1.41e+04 -6.57e+03 -1.71e+05 -9.65e+04 -3.37e+04 
1.92 19.3 4.98 1.09 -602 -592 -263 -5.4e+03 -5e+03 -2.39e+03 -5.72e+04 -3.37e+04 -1.22e+04 
S matrix
1 0 0 0 0 0 0 0 0 0 0 0 0 
0 0.0318 0.00977 0.00229 -0.0614 -0.0285 -0.00919 -0.00261 -0.00116 -0.000553 -0.225 -0.0788 -0.0211 
0 0.00977 0.00321 0.000779 -0.0159 -0.00735 -0.00238 -0.000661 -0.000303 -0.000157 -0.0584 -0.0204 -0.00543 
0 0.00229 0.000779 0.000195 -0.00348 -0.00161 -0.000521 -0.000143 -6.46e-05 -3.44e-05 -0.0128 -0.00446 -0.00119 
0 -0.0614 -0.0159 -0.00348 4.95 3.14 1.19 -0.704 -0.323 -0.107 4.22 2.14 0.659 
0 -0.0285 -0.00735 -0.00161 3.14 2.32 0.994 -0.315 -0.134 -0.0424 3.91 2.05 0.649 
0 -0.00919 -0.00238 -0.000521 1.19 0.994 0.485 -0.0995 -0.0404 -0.0124 1.68 0.897 0.288 
0 -0.00261 -0.000661 -0.000143 -0.704 -0.315 -0.0995 3.34 2.7 1.2 32.5 17.5 5.91 
0 -0.00116 -0.000303 -6.46e-05 -0.323 -0.134 -0.0404 2.7 2.66 1.35 26.2 15.5 5.49 
0 -0.000553 -0.000157 -3.44e-05 -0.107 -0.0424 -0.0124 1.2 1.35 0.777 11.5 7.21 2.62 
0 -0.225 -0.0584 -0.0128 4.22 3.91 1.68 32.5 26.2 11.5 352 187 62.7 
0 -0.0788 -0.0204 -0.00446 2.14 2.05 0.897 17.5 15.5 7.21 187 106 37 
0 -0.0211 -0.00543 -0.00119 0.659 0.649 0.288 5.91 5.49 2.62 62.7 37 13.5 
H matrix
-917 -0.216 -0.0613 -0.015 24.2 17.1 3.82 52.6 49.5 8.81 525 280 72.4 
0.00806 -29.2 -8.95 -2.1 56.2 26 8.4 2.38 1.05 0.499 206 72.1 19.3 
0.00437 -8.94 -2.94 -0.714 14.5 6.72 2.17 0.605 0.275 0.142 53.4 18.6 4.97 
0.00143 -2.1 -0.714 -0.178 3.19 1.47 0.476 0.131 0.0587 0.031 11.7 4.08 1.09 
-0.177 56.4 14.6 3.2 -4.53e+03 -2.86e+03 -1.09e+03 644 295 97.4 -3.86e+03 -1.96e+03 -602 
-0.063 26.1 6.75 1.48 -2.87e+03 -2.11e+03 -907 288 122 38.7 -3.57e+03 -1.87e+03 -593 
-0.03 8.42 2.18 0.478 -1.09e+03 -906 -442 91 36.9 11.3 -1.53e+03 -818 -263 
-1.1 2.39 0.607 0.131 644 288 91 -3.05e+03 -2.46e+03 -1.09e+03 -2.96e+04 -1.59e+04 -5.38e+03 
-1.55 1.06 0.277 0.0591 295 122 36.9 -2.47e+03 -2.42e+03 -1.23e+03 -2.39e+04 -1.41e+04 -5e+03 
-0.769 0.505 0.143 0.0315 97.5 38.7 11.3 -1.09e+03 -1.23e+03 -706 -1.05e+04 -6.55e+03 -2.38e+03 
4.2 207 53.6 11.8 -3.86e+03 -3.57e+03 -1.53e+03 -2.97e+04 -2.39e+04 -1.05e+04 -3.21e+05 -1.7e+05 -5.71e+04 
3.61 72.3 18.7 4.1 -1.96e+03 -1.87e+03 -819 -1.6e+04 -1.41e+04 -6.57e+03 -1.71e+05 -9.65e+04 -3.37e+04 
1.92 19.3 4.98 1.09 -602 -592 -263 -5.4e+03 -5e+03 -2.39e+03 -5.72e+04 -3.37e+04 -1.22e+04 
proportions significant
S0 1
S 0.08333333333
H0 1
enderiv 1
H 0.08333333333
energy derivative -0.2241197073 +/- 0.0001370190018
energy derivative -0.06565460476 +/- 4.186221125e-05
energy derivative -0.01645528122 +/- 2.403527219e-05
energy derivative 24.42148992 +/- 0.004633273795
energy derivative 17.15050554 +/- 0.008557516066
energy derivative 3.853812441 +/- 0.009297129865
energy derivative 53.72838346 +/- 0.00686781156
energy derivative 51.04241939 +/- 0.02157086464
energy derivative 9.582453131 +/- 0.01917086904
energy derivative 520.8220205 +/- 0.09924302985
energy derivative 276.4225246 +/- 0.08894605217
energy derivative 70.45263225 +/- 0.07568407271
S matrix
1 0 0 0 0 0 0 0 0 0 0 0 0 
0 0.0318 0.00977 0.00229 -0.0614 -0.0285 -0.00919 -0.00261 -0.00116 -0.000553 -0.225 -0.0788 -0.0211 
0 0.00977 0.00321 0.000779 -0.0159 -0.00735 -0.00238 -0.000661 -0.000303 -0.000157 -0.0584 -0.0204 -0.00543 
0 0.00229 0.000779 0.000195 -0.00348 -0.00161 -0.000521 -0.000143 -6.46e-05 -3.44e-05 -0.0128 -0.00446 -0.00119 
0 -0.0614 -0.0159 -0.00348 4.95 3.14 1.19 -0.704 -0.323 -0.107 4.22 2.14 0.659 
0 -0.0285 -0.00735 -0.00161 3.14 2.32 0.994 -0.315 -0.134 -0.0424 3.91 2.05 0.649 
0 -0.00919 -0.00238 -0.000521 1.19 0.994 0.485 -0.0995 -0.0404 -0.0124 1.68 0.897 0.288 
0 -0.00261 -0.000661 -0.000143 -0.704 -0.315 -0.0995 3.34 2.7 1.2 32.5 17.5 5.91 
0 -0.00116 -0.000303 -6.46e-05 -0.323 -0.134 -0.0404 2.7 2.66 1.35 26.2 15.5 5.49 
0 -0.000553 -0.000157 -3.44e-05 -0.107 -0.0424 -0.0124 1.2 1.35 0.777 11.5 7.21 2.62 
0 -0.225 -0.0584 -0.0128 4.22 3.91 1.68 32.5 26.2 11.5 352 187 62.7 
0 -0.0788 -0.0204 -0.00446 2.14 2.05 0.897 17.5 15.5 7.21 187 106 37 
0 -0.0211 -0.00543 -0.00119 0.659 0.649 0.288 5.91 5.49 2.62 62.7 37 13.5 
H matrix
-917 -0.216 -0.0613 -0.015 24.2 17.1 3.82 52.6 49.5 8.81 525 280 72.4 
0.00806 -29.2 -8.95 -2.1 56.2 26 8.4 2.38 1.05 0.499 206 72.1 19.3 
0.00437 -8.94 -2.94 -0.714 14.5 6.72 2.17 0.605 0.275 0.142 53.4 18.6 4.97 
0.00143 -2.1 -0.714 -0.178 3.19 1.47 0.476 0.131 0.0587 0.031 11.7 4.08 1.09 
-0.177 56.4 14.6 3.2 -4.53e+03 -2.86e+03 -1.09e+03 644 295 97.4 -3.86e+03 -1.96e+03 -602 
-0.063 26.1 6.75 1.48 -2.87e+03 -2.11e+03 -907 288 122 38.7 -3.57e+03 -1.87e+03 -593 
-0.03 8.42 2.18 0.478 -1.09e+03 -906 -442 91 36.9 11.3 -1.53e+03 -818 -263 
-1.1 2.39 0.607 0.131 644 288 91 -3.05e+03 -2.46e+03 -1.09e+03 -2.96e+04 -1.59e+04 -5.38e+03 
-1.55 1.06 0.277 0.0591 295 122 36.9 -2.47e+03 -2.42e+03 -1.23e+03 -2.39e+04 -1.41e+04 -5e+03 
-0.769 0.505 0.143 0.0315 97.5 38.7 11.3 -1.09e+03 -1.23e+03 -706 -1.05e+04 -6.55e+03 -2.38e+03 
4.2 207 53.6 11.8 -3.86e+03 -3.57e+03 -1.53e+03 -2.97e+04 -2.39e+04 -1.05e+04 -3.21e+05 -1.7e+05 -5.71e+04 
3.61 72.3 18.7 4.1 -1.96e+03 -1.87e+03 -819 -1.6e+04 -1.41e+04 -6.57e+03 -1.71e+05 -9.65e+04 -3.37e+04 
1.92 19.3 4.98 1.09 -602 -592 -263 -5.4e+03 -5e+03 -2.39e+03 -5.72e+04 -3.37e+04 -1.22e+04 
S matrix
1 0 0 0 0 0 0 0 0 0 0 0 0 
0 0.0318 0.00977 0.00229 -0.0614 -0.0285 -0.00919 -0.00261 -0.00116 -0.000553 -0.225 -0.0788 -0.0211 
0 0.00977 0.00321 0.000779 -0.0159 -0.00735 -0.00238 -0.000661 -0.000303 -0.000157 -0.0584 -0.0204 -0.00543 
0 0.00229 0.000779 0.000195 -0.00348 -0.00161 -0.000521 -0.000143 -6.46e-05 -3.44e-05 -0.0128 -0.00446 -0.00119 
0 -0.0614 -0.0159 -0.00348 4.95 3.14 1.19 -0.704 -0.323 -0.107 4.22 2.14 0.659 
0 -0.0285 -0.00735 -0.00161 3.14 2.32 0.994 -0.315 -0.134 -0.0424 3.91 2.05 0.649 
0 -0.00919 -0.00238 -0.000521 1.19 0.994 0.485 -0.0995 -0.0404 -0.0124 1.68 0.897 0.288 
0 -0.00261 -0.000661 -0.000143 -0.704 -0.315 -0.0995 3.34 2.7 1.2 32.5 17.5 5.91 
0 -0.00116 -0.000303 -6.46e-05 -0.323 -0.134 -0.0404 2.7 2.66 1.35 26.2 15.5 5.49 
0 -0.000553 -0.000157 -3.44e-05 -0.107 -0.0424 -0.0124 1.2 1.35 0.777 11.5 7.21 2.62 
0 -0.225 -0.0584 -0.0128 4.22 3.91 1.68 32.5 26.2 11.5 352 187 62.7 
0 -0.0788 -0.0204 -0.00446 2.14 2.05 0.897 17.5 15.5 7.21 187 106 37 
0 -0.0211 -0.00543 -0.00119 0.659 0.649 0.288 5.91 5.49 2.62 62.7 37 13.5 
H matrix
-917 -0.216 -0.0613 -0.015 24.2 17.1 3.82 52.6 49.5 8.81 525 280 72.4 
0.00806 -29.2 -8.95 -2.1 56.2 26 8.4 2.38 1.05 0.499 206 72.1 19.3 
0.00437 -8.94 -2.94 -0.714 14.5 6.72 2.17 0.605 0.275 0.142 53.4 18.6 4.97 
0.00143 -2.1 -0.714 -0.178 3.19 1.47 0.476 0.131 0.0587 0.031 11.7 4.08 1.09 
-0.177 56.4 14.6 3.2 -4.53e+03 -2.86e+03 -1.09e+03 644 295 97.4 -3.86e+03 -1.96e+03 -602 
-0.063 26.1 6.75 1.48 -2.87e+03 -2.11e+03 -907 288 122 38.7 -3.57e+03 -1.87e+03 -593 
-0.03 8.42 2.18 0.478 -1.09e+03 -906 -442 91 36.9 11.3 -1.53e+03 -818 -263 
-1.1 2.39 0.607 0.131 644 288 91 -3.05e+03 -2.46e+03 -1.09e+03 -2.96e+04 -1.59e+04 -5.38e+03 
-1.55 1.06 0.277 0.0591 295 122 36.9 -2.47e+03 -2.42e+03 -1.23e+03 -2.39e+04 -1.41e+04 -5e+03 
-0.769 0.505 0.143 0.0315 97.5 38.7 11.3 -1.09e+03 -1.23e+03 -706 -1.05e+04 -6.55e+03 -2.38e+03 
4.2 207 53.6 11.8 -3.86e+03 -3.57e+03 -1.53e+03 -2.97e+04 -2.39e+04 -1.05e+04 -3.21e+05 -1.7e+05 -5.71e+04 
3.61 72.3 18.7 4.1 -1.96e+03 -1.87e+03 -819 -1.6e+04 -1.41e+04 -6.57e+03 -1.71e+05 -9.65e+04 -3.37e+04 
1.92 19.3 4.98 1.09 -602 -592 -263 -5.4e+03 -5e+03 -2.39e+03 -5.72e+04 -3.37e+04 -1.22e+04 
S matrix
1 0 0 0 0 0 0 0 0 0 0 0 0 
0 0.0318 0.00977 0.00229 -0.0614 -0.0285 -0.00919 -0.00261 -0.00116 -0.000553 -0.225 -0.0788 -0.0211 
0 0.00977 0.00321 0.000779 -0.0159 -0.00735 -0.00238 -0.000661 -0.000303 -0.000157 -0.0584 -0.0204 -0.00543 
0 0.00229 0.000779 0.000195 -0.00348 -0.00161 -0.000521 -0.000143 -6.46e-05 -3.44e-05 -0.0128 -0.00446 -0.00119 
0 -0.0614 -0.0159 -0.00348 4.95 3.14 1.19 -0.704 -0.323 -0.107 4.22 2.14 0.659 
0 -0.0285 -0.00735 -0.00161 3.14 2.32 0.994 -0.315 -0.134 -0.0424 3.91 2.05 0.649 
0 -0.00919 -0.00238 -0.000521 1.19 0.994 0.485 -0.0995 -0.0404 -0.0124 1.68 0.897 0.288 
0 -0.00261 -0.000661 -0.000143 -0.704 -0.315 -0.0995 3.34 2.7 1.2 32.5 17.5 5.91 
0 -0.00116 -0.000303 -6.46e-05 -0.323 -0.134 -0.0404 2.7 2.66 1.35 26.2 15.5 5.49 
0 -0.000553 -0.000157 -3.44e-05 -0.107 -0.0424 -0.0124 1.2 1.35 0.777 11.5 7.21 2.62 
0 -0.225 -0.0584 -0.0128 4.22 3.91 1.68 32.5 26.2 11.5 352 187 62.7 
0 -0.0788 -0.0204 -0.00446 2.14 2.05 0.897 17.5 15.5 7.21 187 106 37 
0 -0.0211 -0.00543 -0.00119 0.659 0.649 0.288 5.91 5.49 2.62 62.7 37 13.5 
H matrix
-917 -0.216 -0.0613 -0.015 24.2 17.1 3.82 52.6 49.5 8.81 525 280 72.4 
0.00806 -29.2 -8.95 -2.1 56.2 26 8.4 2.38 1.05 0.499 206 72.1 19.3 
0.00437 -8.94 -2.94 -0.714 14.5 6.72 2.17 0.605 0.275 0.142 53.4 18.6 4.97 
