--------------------------------------------------------------------------
[[35361,1],6]: A high-performance Open MPI point-to-point messaging module
was unable to find any relevant network interfaces:

Module: OpenFabrics (openib)
  Host: golub221

Another transport will be used instead, although this may result in
lower performance.
--------------------------------------------------------------------------
0: output to qwalk_000.linear.o
cutoff 9.59706
 total centers 271
0: cell volume 1430.02
**Warning** atom 4 is out of the simulation cell.  Putting it inside.
**Warning** atom 5 is out of the simulation cell.  Putting it inside.
**Warning** atom 6 is out of the simulation cell.  Putting it inside.
**Warning** atom 8 is out of the simulation cell.  Putting it inside.
**Warning** atom 10 is out of the simulation cell.  Putting it inside.
**Warning** atom 12 is out of the simulation cell.  Putting it inside.
**Warning** atom 13 is out of the simulation cell.  Putting it inside.
0: elsu 6.48894
0: alpha 0.770542
1: cell volume 1430.02
4: cell volume 1430.02
5: cell volume 1430.02
8: cell volume 1430.02
8: elsu 6.48894
8: alpha 0.770542
10: cell volume 1430.02
10: elsu 6.48894
10: alpha 0.770542
17: cell volume 1430.02
17: elsu 6.48894
17: alpha 0.770542
18: cell volume 1430.02
18: elsu 6.48894
18: alpha 0.770542
6: cell volume 1430.02
6: elsu 6.48894
6: alpha 0.770542
5: elsu 6.48894
5: alpha 0.770542
11: cell volume 1430.02
11: elsu 6.48894
11: alpha 0.770542
13: cell volume 1430.02
13: elsu 6.48894
13: alpha 0.770542
2: cell volume 1430.02
2: elsu 6.48894
2: alpha 0.770542
1: elsu 6.48894
1: alpha 0.770542
4: elsu 6.48894
4: alpha 0.770542
15: cell volume 1430.02
15: elsu 6.48894
15: alpha 0.770542
12: cell volume 1430.02
12: elsu 6.48894
12: alpha 0.770542
16: cell volume 1430.02
16: elsu 6.48894
16: alpha 0.770542
9: cell volume 1430.02
9: elsu 6.48894
9: alpha 0.770542
14: cell volume 1430.02
14: elsu 6.48894
14: alpha 0.770542
3: cell volume 1430.02
3: elsu 6.48894
3: alpha 0.770542
7: cell volume 1430.02
7: elsu 6.48894
7: alpha 0.770542
19: cell volume 1430.02
19: elsu 6.48894
19: alpha 0.770542
17: real space ion-ion 0.0258213
11: real space ion-ion 0.0258213
17: reciprocal space ion 377.807
Ewald sum using 2491 reciprocal points
0: real space ion-ion 0.0258213
11: reciprocal space ion 377.807
0: reciprocal space ion 377.807
16: real space ion-ion 0.0258213
15: real space ion-ion 0.0258213
16: reciprocal space ion 377.807
15: reciprocal space ion 377.807
5: real space ion-ion 0.0258213
5: reciprocal space ion 377.807
14: real space ion-ion 0.0258213
7: real space ion-ion 0.0258213
3: real space ion-ion 0.0258213
9: real space ion-ion 0.0258213
7: reciprocal space ion 377.807
14: reciprocal space ion 377.807
10: real space ion-ion 0.0258213
9: reciprocal space ion 377.807
3: reciprocal space ion 377.807
10: reciprocal space ion 377.807
6: real space ion-ion 0.0258213
6: reciprocal space ion 377.807
8: real space ion-ion 0.0258213
8: reciprocal space ion 377.807
1: real space ion-ion 0.0258213
1: reciprocal space ion 377.807
19: real space ion-ion 0.0258213
19: reciprocal space ion 377.807
18: real space ion-ion 0.0258213
18: reciprocal space ion 377.807
13: real space ion-ion 0.0258213
13: reciprocal space ion 377.807
2: real space ion-ion 0.0258213
2: reciprocal space ion 377.807
12: real space ion-ion 0.0258213
12: reciprocal space ion 377.807
4: real space ion-ion 0.0258213
4: reciprocal space ion 377.807
Could not open qwalk_000.linear.config. Generating configurations from scratch
[golub221:56988] 19 more processes have sent help message help-mpi-btl-base.txt / btl:no-nics
[golub221:56988] Set MCA parameter "orte_base_help_aggregate" to 0 to see all help / error messages
6: Timestep is 0.415
15: Timestep is 0.415
16: Timestep is 0.415
11: Timestep is 0.415
9: Timestep is 0.415
12: Timestep is 0.415
2: Timestep is 0.415
14: Timestep is 0.415
1: Timestep is 0.415
7: Timestep is 0.415
0: Timestep is 0.415
17: Timestep is 0.415
18: Timestep is 0.415
5: Timestep is 0.415
13: Timestep is 0.415
8: Timestep is 0.415
19: Timestep is 0.415
3: Timestep is 0.415
10: Timestep is 0.415
4: Timestep is 0.415
1: Write took 0 seconds
1: Write took 0 seconds
1: Write took 0 seconds
1: Write took 0 seconds
1: Write took 0 seconds
1: Write took 0 seconds
1: Write took 0 seconds
1: Write took 0 seconds
1: Write took 0 seconds
1: Write took 0 seconds
1: Write took 0 seconds
1: Write took 0 seconds
1: Write took 0 seconds
1: Write took 0 seconds
1: Write took 0 seconds
1: Write took 0 seconds
1: Write took 0 seconds
1: Write took 0 seconds
1: Write took 0 seconds
1: Write took 0 seconds
S matrix
1 0 0 0 0 0 0 0 0 0 0 0 0 
0 0.0334 0.0103 0.00241 -0.0572 -0.0256 -0.00809 -0.00385 -0.00166 -0.000569 -0.233 -0.081 -0.0215 
0 0.0103 0.00338 0.000825 -0.0148 -0.00661 -0.00209 -0.000984 -0.000425 -0.000148 -0.0604 -0.021 -0.00558 
0 0.00241 0.000825 0.000207 -0.00323 -0.00145 -0.000457 -0.000214 -9.25e-05 -3.28e-05 -0.0132 -0.00459 -0.00123 
0 -0.0572 -0.0148 -0.00323 4.34 2.78 1.07 -0.523 -0.225 -0.071 5.06 2.49 0.761 
0 -0.0256 -0.00661 -0.00145 2.78 2.12 0.931 -0.231 -0.0934 -0.0293 4.19 2.15 0.678 
0 -0.00809 -0.00209 -0.000457 1.07 0.931 0.471 -0.0723 -0.029 -0.00925 1.75 0.921 0.295 
0 -0.00385 -0.000984 -0.000214 -0.523 -0.231 -0.0723 2.74 2.2 0.975 26.9 14.5 4.89 
0 -0.00166 -0.000425 -9.25e-05 -0.225 -0.0934 -0.029 2.2 2.24 1.16 21.5 12.9 4.62 
0 -0.000569 -0.000148 -3.28e-05 -0.071 -0.0293 -0.00925 0.975 1.16 0.692 9.45 6.05 2.22 
0 -0.233 -0.0604 -0.0132 5.06 4.19 1.75 26.9 21.5 9.45 297 157 52.6 
0 -0.081 -0.021 -0.00459 2.49 2.15 0.921 14.5 12.9 6.05 157 89.5 31.4 
0 -0.0215 -0.00558 -0.00123 0.761 0.678 0.295 4.89 4.62 2.22 52.6 31.4 11.6 
H matrix
-919 -0.224 -0.0638 -0.0157 25.2 18.1 4.13 53 50.2 9 532 285 74 
0.0065 -30.7 -9.44 -2.22 52.5 23.5 7.42 3.54 1.52 0.521 214 74.3 19.8 
0.00416 -9.43 -3.11 -0.758 13.5 6.06 1.92 0.904 0.389 0.135 55.4 19.2 5.12 
0.00145 -2.21 -0.758 -0.19 2.96 1.33 0.419 0.196 0.0846 0.03 12.2 4.21 1.12 
0.735 52.6 13.6 2.97 -3.98e+03 -2.54e+03 -978 480 206 65 -4.63e+03 -2.28e+03 -698 
0.742 23.5 6.08 1.33 -2.55e+03 -1.94e+03 -851 211 85.5 26.8 -3.84e+03 -1.97e+03 -620 
0.342 7.44 1.92 0.42 -978 -851 -429 66.3 26.6 8.46 -1.6e+03 -842 -270 
-0.25 3.55 0.906 0.197 480 211 66.3 -2.51e+03 -2.01e+03 -891 -2.46e+04 -1.32e+04 -4.46e+03 
-0.438 1.53 0.39 0.0851 206 85.6 26.6 -2.02e+03 -2.04e+03 -1.06e+03 -1.97e+04 -1.18e+04 -4.21e+03 
-0.224 0.522 0.136 0.0301 65.2 26.8 8.47 -892 -1.06e+03 -630 -8.63e+03 -5.51e+03 -2.03e+03 
4.24 214 55.6 12.2 -4.63e+03 -3.84e+03 -1.6e+03 -2.46e+04 -1.97e+04 -8.63e+03 -2.72e+05 -1.44e+05 -4.8e+04 
2.91 74.5 19.3 4.23 -2.28e+03 -1.97e+03 -843 -1.33e+04 -1.18e+04 -5.53e+03 -1.44e+05 -8.17e+04 -2.86e+04 
1.57 19.8 5.13 1.13 -697 -620 -270 -4.47e+03 -4.22e+03 -2.03e+03 -4.81e+04 -2.86e+04 -1.05e+04 
S matrix
1 0 0 0 0 0 0 0 0 0 0 0 0 
0 0.0334 0.0103 0.00241 -0.0572 -0.0256 -0.00809 -0.00385 -0.00166 -0.000569 -0.233 -0.081 -0.0215 
0 0.0103 0.00338 0.000825 -0.0148 -0.00661 -0.00209 -0.000984 -0.000425 -0.000148 -0.0604 -0.021 -0.00558 
0 0.00241 0.000825 0.000207 -0.00323 -0.00145 -0.000457 -0.000214 -9.25e-05 -3.28e-05 -0.0132 -0.00459 -0.00123 
0 -0.0572 -0.0148 -0.00323 4.34 2.78 1.07 -0.523 -0.225 -0.071 5.06 2.49 0.761 
0 -0.0256 -0.00661 -0.00145 2.78 2.12 0.931 -0.231 -0.0934 -0.0293 4.19 2.15 0.678 
0 -0.00809 -0.00209 -0.000457 1.07 0.931 0.471 -0.0723 -0.029 -0.00925 1.75 0.921 0.295 
0 -0.00385 -0.000984 -0.000214 -0.523 -0.231 -0.0723 2.74 2.2 0.975 26.9 14.5 4.89 
0 -0.00166 -0.000425 -9.25e-05 -0.225 -0.0934 -0.029 2.2 2.24 1.16 21.5 12.9 4.62 
0 -0.000569 -0.000148 -3.28e-05 -0.071 -0.0293 -0.00925 0.975 1.16 0.692 9.45 6.05 2.22 
0 -0.233 -0.0604 -0.0132 5.06 4.19 1.75 26.9 21.5 9.45 297 157 52.6 
0 -0.081 -0.021 -0.00459 2.49 2.15 0.921 14.5 12.9 6.05 157 89.5 31.4 
0 -0.0215 -0.00558 -0.00123 0.761 0.678 0.295 4.89 4.62 2.22 52.6 31.4 11.6 
H matrix
-919 -0.224 -0.0638 -0.0157 25.2 18.1 4.13 53 50.2 9 532 285 74 
0.0065 -30.7 -9.44 -2.22 52.5 23.5 7.42 3.54 1.52 0.521 214 74.3 19.8 
0.00416 -9.43 -3.11 -0.758 13.5 6.06 1.92 0.904 0.389 0.135 55.4 19.2 5.12 
0.00145 -2.21 -0.758 -0.19 2.96 1.33 0.419 0.196 0.0846 0.03 12.2 4.21 1.12 
0.735 52.6 13.6 2.97 -3.98e+03 -2.54e+03 -978 480 206 65 -4.63e+03 -2.28e+03 -698 
0.742 23.5 6.08 1.33 -2.55e+03 -1.94e+03 -851 211 85.5 26.8 -3.84e+03 -1.97e+03 -620 
0.342 7.44 1.92 0.42 -978 -851 -429 66.3 26.6 8.46 -1.6e+03 -842 -270 
-0.25 3.55 0.906 0.197 480 211 66.3 -2.51e+03 -2.01e+03 -891 -2.46e+04 -1.32e+04 -4.46e+03 
-0.438 1.53 0.39 0.0851 206 85.6 26.6 -2.02e+03 -2.04e+03 -1.06e+03 -1.97e+04 -1.18e+04 -4.21e+03 
-0.224 0.522 0.136 0.0301 65.2 26.8 8.47 -892 -1.06e+03 -630 -8.63e+03 -5.51e+03 -2.03e+03 
4.24 214 55.6 12.2 -4.63e+03 -3.84e+03 -1.6e+03 -2.46e+04 -1.97e+04 -8.63e+03 -2.72e+05 -1.44e+05 -4.8e+04 
2.91 74.5 19.3 4.23 -2.28e+03 -1.97e+03 -843 -1.33e+04 -1.18e+04 -5.53e+03 -1.44e+05 -8.17e+04 -2.86e+04 
1.57 19.8 5.13 1.13 -697 -620 -270 -4.47e+03 -4.22e+03 -2.03e+03 -4.81e+04 -2.86e+04 -1.05e+04 
S matrix
1 0 0 0 0 0 0 0 0 0 0 0 0 
0 0.0334 0.0103 0.00241 -0.0572 -0.0256 -0.00809 -0.00385 -0.00166 -0.000569 -0.233 -0.081 -0.0215 
0 0.0103 0.00338 0.000825 -0.0148 -0.00661 -0.00209 -0.000984 -0.000425 -0.000148 -0.0604 -0.021 -0.00558 
0 0.00241 0.000825 0.000207 -0.00323 -0.00145 -0.000457 -0.000214 -9.25e-05 -3.28e-05 -0.0132 -0.00459 -0.00123 
0 -0.0572 -0.0148 -0.00323 4.34 2.78 1.07 -0.523 -0.225 -0.071 5.06 2.49 0.761 
0 -0.0256 -0.00661 -0.00145 2.78 2.12 0.931 -0.231 -0.0934 -0.0293 4.19 2.15 0.678 
0 -0.00809 -0.00209 -0.000457 1.07 0.931 0.471 -0.0723 -0.029 -0.00925 1.75 0.921 0.295 
0 -0.00385 -0.000984 -0.000214 -0.523 -0.231 -0.0723 2.74 2.2 0.975 26.9 14.5 4.89 
0 -0.00166 -0.000425 -9.25e-05 -0.225 -0.0934 -0.029 2.2 2.24 1.16 21.5 12.9 4.62 
0 -0.000569 -0.000148 -3.28e-05 -0.071 -0.0293 -0.00925 0.975 1.16 0.692 9.45 6.05 2.22 
0 -0.233 -0.0604 -0.0132 5.06 4.19 1.75 26.9 21.5 9.45 297 157 52.6 
0 -0.081 -0.021 -0.00459 2.49 2.15 0.921 14.5 12.9 6.05 157 89.5 31.4 
0 -0.0215 -0.00558 -0.00123 0.761 0.678 0.295 4.89 4.62 2.22 52.6 31.4 11.6 
H matrix
-919 -0.224 -0.0638 -0.0157 25.2 18.1 4.13 53 50.2 9 532 285 74 
0.0065 -30.7 -9.44 -2.22 52.5 23.5 7.42 3.54 1.52 0.521 214 74.3 19.8 
0.00416 -9.43 -3.11 -0.758 13.5 6.06 1.92 0.904 0.389 0.135 55.4 19.2 5.12 
0.00145 -2.21 -0.758 -0.19 2.96 1.33 0.419 0.196 0.0846 0.03 12.2 4.21 1.12 
0.735 52.6 13.6 2.97 -3.98e+03 -2.54e+03 -978 480 206 65 -4.63e+03 -2.28e+03 -698 
0.742 23.5 6.08 1.33 -2.55e+03 -1.94e+03 -851 211 85.5 26.8 -3.84e+03 -1.97e+03 -620 
0.342 7.44 1.92 0.42 -978 -851 -429 66.3 26.6 8.46 -1.6e+03 -842 -270 
-0.25 3.55 0.906 0.197 480 211 66.3 -2.51e+03 -2.01e+03 -891 -2.46e+04 -1.32e+04 -4.46e+03 
-0.438 1.53 0.39 0.0851 206 85.6 26.6 -2.02e+03 -2.04e+03 -1.06e+03 -1.97e+04 -1.18e+04 -4.21e+03 
-0.224 0.522 0.136 0.0301 65.2 26.8 8.47 -892 -1.06e+03 -630 -8.63e+03 -5.51e+03 -2.03e+03 
4.24 214 55.6 12.2 -4.63e+03 -3.84e+03 -1.6e+03 -2.46e+04 -1.97e+04 -8.63e+03 -2.72e+05 -1.44e+05 -4.8e+04 
2.91 74.5 19.3 4.23 -2.28e+03 -1.97e+03 -843 -1.33e+04 -1.18e+04 -5.53e+03 -1.44e+05 -8.17e+04 -2.86e+04 
1.57 19.8 5.13 1.13 -697 -620 -270 -4.47e+03 -4.22e+03 -2.03e+03 -4.81e+04 -2.86e+04 -1.05e+04 
S matrix
1 0 0 0 0 0 0 0 0 0 0 0 0 
0 0.0334 0.0103 0.00241 -0.0572 -0.0256 -0.00809 -0.00385 -0.00166 -0.000569 -0.233 -0.081 -0.0215 
0 0.0103 0.00338 0.000825 -0.0148 -0.00661 -0.00209 -0.000984 -0.000425 -0.000148 -0.0604 -0.021 -0.00558 
0 0.00241 0.000825 0.000207 -0.00323 -0.00145 -0.000457 -0.000214 -9.25e-05 -3.28e-05 -0.0132 -0.00459 -0.00123 
0 -0.0572 -0.0148 -0.00323 4.34 2.78 1.07 -0.523 -0.225 -0.071 5.06 2.49 0.761 
0 -0.0256 -0.00661 -0.00145 2.78 2.12 0.931 -0.231 -0.0934 -0.0293 4.19 2.15 0.678 
0 -0.00809 -0.00209 -0.000457 1.07 0.931 0.471 -0.0723 -0.029 -0.00925 1.75 0.921 0.295 
0 -0.00385 -0.000984 -0.000214 -0.523 -0.231 -0.0723 2.74 2.2 0.975 26.9 14.5 4.89 
0 -0.00166 -0.000425 -9.25e-05 -0.225 -0.0934 -0.029 2.2 2.24 1.16 21.5 12.9 4.62 
0 -0.000569 -0.000148 -3.28e-05 -0.071 -0.0293 -0.00925 0.975 1.16 0.692 9.45 6.05 2.22 
0 -0.233 -0.0604 -0.0132 5.06 4.19 1.75 26.9 21.5 9.45 297 157 52.6 
0 -0.081 -0.021 -0.00459 2.49 2.15 0.921 14.5 12.9 6.05 157 89.5 31.4 
0 -0.0215 -0.00558 -0.00123 0.761 0.678 0.295 4.89 4.62 2.22 52.6 31.4 11.6 
H matrix
-919 -0.224 -0.0638 -0.0157 25.2 18.1 4.13 53 50.2 9 532 285 74 
0.0065 -30.7 -9.44 -2.22 52.5 23.5 7.42 3.54 1.52 0.521 214 74.3 19.8 
0.00416 -9.43 -3.11 -0.758 13.5 6.06 1.92 0.904 0.389 0.135 55.4 19.2 5.12 
0.00145 -2.21 -0.758 -0.19 2.96 1.33 0.419 0.196 0.0846 0.03 12.2 4.21 1.12 
0.735 52.6 13.6 2.97 -3.98e+03 -2.54e+03 -978 480 206 65 -4.63e+03 -2.28e+03 -698 
0.742 23.5 6.08 1.33 -2.55e+03 -1.94e+03 -851 211 85.5 26.8 -3.84e+03 -1.97e+03 -620 
0.342 7.44 1.92 0.42 -978 -851 -429 66.3 26.6 8.46 -1.6e+03 -842 -270 
-0.25 3.55 0.906 0.197 480 211 66.3 -2.51e+03 -2.01e+03 -891 -2.46e+04 -1.32e+04 -4.46e+03 
-0.438 1.53 0.39 0.0851 206 85.6 26.6 -2.02e+03 -2.04e+03 -1.06e+03 -1.97e+04 -1.18e+04 -4.21e+03 
-0.224 0.522 0.136 0.0301 65.2 26.8 8.47 -892 -1.06e+03 -630 -8.63e+03 -5.51e+03 -2.03e+03 
4.24 214 55.6 12.2 -4.63e+03 -3.84e+03 -1.6e+03 -2.46e+04 -1.97e+04 -8.63e+03 -2.72e+05 -1.44e+05 -4.8e+04 
2.91 74.5 19.3 4.23 -2.28e+03 -1.97e+03 -843 -1.33e+04 -1.18e+04 -5.53e+03 -1.44e+05 -8.17e+04 -2.86e+04 
1.57 19.8 5.13 1.13 -697 -620 -270 -4.47e+03 -4.22e+03 -2.03e+03 -4.81e+04 -2.86e+04 -1.05e+04 
S matrix
1 0 0 0 0 0 0 0 0 0 0 0 0 
0 0.0334 0.0103 0.00241 -0.0572 -0.0256 -0.00809 -0.00385 -0.00166 -0.000569 -0.233 -0.081 -0.0215 
0 0.0103 0.00338 0.000825 -0.0148 -0.00661 -0.00209 -0.000984 -0.000425 -0.000148 -0.0604 -0.021 -0.00558 
0 0.00241 0.000825 0.000207 -0.00323 -0.00145 -0.000457 -0.000214 -9.25e-05 -3.28e-05 -0.0132 -0.00459 -0.00123 
0 -0.0572 -0.0148 -0.00323 4.34 2.78 1.07 -0.523 -0.225 -0.071 5.06 2.49 0.761 
0 -0.0256 -0.00661 -0.00145 2.78 2.12 0.931 -0.231 -0.0934 -0.0293 4.19 2.15 0.678 
0 -0.00809 -0.00209 -0.000457 1.07 0.931 0.471 -0.0723 -0.029 -0.00925 1.75 0.921 0.295 
0 -0.00385 -0.000984 -0.000214 -0.523 -0.231 -0.0723 2.74 2.2 0.975 26.9 14.5 4.89 
0 -0.00166 -0.000425 -9.25e-05 -0.225 -0.0934 -0.029 2.2 2.24 1.16 21.5 12.9 4.62 
0 -0.000569 -0.000148 -3.28e-05 -0.071 -0.0293 -0.00925 0.975 1.16 0.692 9.45 6.05 2.22 
0 -0.233 -0.0604 -0.0132 5.06 4.19 1.75 26.9 21.5 9.45 297 157 52.6 
0 -0.081 -0.021 -0.00459 2.49 2.15 0.921 14.5 12.9 6.05 157 89.5 31.4 
0 -0.0215 -0.00558 -0.00123 0.761 0.678 0.295 4.89 4.62 2.22 52.6 31.4 11.6 
H matrix
-919 -0.224 -0.0638 -0.0157 25.2 18.1 4.13 53 50.2 9 532 285 74 
0.0065 -30.7 -9.44 -2.22 52.5 23.5 7.42 3.54 1.52 0.521 214 74.3 19.8 
0.00416 -9.43 -3.11 -0.758 13.5 6.06 1.92 0.904 0.389 0.135 55.4 19.2 5.12 
0.00145 -2.21 -0.758 -0.19 2.96 1.33 0.419 0.196 0.0846 0.03 12.2 4.21 1.12 
0.735 52.6 13.6 2.97 -3.98e+03 -2.54e+03 -978 480 206 65 -4.63e+03 -2.28e+03 -698 
0.742 23.5 6.08 1.33 -2.55e+03 -1.94e+03 -851 211 85.5 26.8 -3.84e+03 -1.97e+03 -620 
0.342 7.44 1.92 0.42 -978 -851 -429 66.3 26.6 8.46 -1.6e+03 -842 -270 
-0.25 3.55 0.906 0.197 480 211 66.3 -2.51e+03 -2.01e+03 -891 -2.46e+04 -1.32e+04 -4.46e+03 
-0.438 1.53 0.39 0.0851 206 85.6 26.6 -2.02e+03 -2.04e+03 -1.06e+03 -1.97e+04 -1.18e+04 -4.21e+03 
-0.224 0.522 0.136 0.0301 65.2 26.8 8.47 -892 -1.06e+03 -630 -8.63e+03 -5.51e+03 -2.03e+03 
4.24 214 55.6 12.2 -4.63e+03 -3.84e+03 -1.6e+03 -2.46e+04 -1.97e+04 -8.63e+03 -2.72e+05 -1.44e+05 -4.8e+04 
2.91 74.5 19.3 4.23 -2.28e+03 -1.97e+03 -843 -1.33e+04 -1.18e+04 -5.53e+03 -1.44e+05 -8.17e+04 -2.86e+04 
1.57 19.8 5.13 1.13 -697 -620 -270 -4.47e+03 -4.22e+03 -2.03e+03 -4.81e+04 -2.86e+04 -1.05e+04 
S matrix
1 0 0 0 0 0 0 0 0 0 0 0 0 
0 0.0334 0.0103 0.00241 -0.0572 -0.0256 -0.00809 -0.00385 -0.00166 -0.000569 -0.233 -0.081 -0.0215 
0 0.0103 0.00338 0.000825 -0.0148 -0.00661 -0.00209 -0.000984 -0.000425 -0.000148 -0.0604 -0.021 -0.00558 
0 0.00241 0.000825 0.000207 -0.00323 -0.00145 -0.000457 -0.000214 -9.25e-05 -3.28e-05 -0.0132 -0.00459 -0.00123 
0 -0.0572 -0.0148 -0.00323 4.34 2.78 1.07 -0.523 -0.225 -0.071 5.06 2.49 0.761 
0 -0.0256 -0.00661 -0.00145 2.78 2.12 0.931 -0.231 -0.0934 -0.0293 4.19 2.15 0.678 
0 -0.00809 -0.00209 -0.000457 1.07 0.931 0.471 -0.0723 -0.029 -0.00925 1.75 0.921 0.295 
0 -0.00385 -0.000984 -0.000214 -0.523 -0.231 -0.0723 2.74 2.2 0.975 26.9 14.5 4.89 
0 -0.00166 -0.000425 -9.25e-05 -0.225 -0.0934 -0.029 2.2 2.24 1.16 21.5 12.9 4.62 
0 -0.000569 -0.000148 -3.28e-05 -0.071 -0.0293 -0.00925 0.975 1.16 0.692 9.45 6.05 2.22 
0 -0.233 -0.0604 -0.0132 5.06 4.19 1.75 26.9 21.5 9.45 297 157 52.6 
0 -0.081 -0.021 -0.00459 2.49 2.15 0.921 14.5 12.9 6.05 157 89.5 31.4 
0 -0.0215 -0.00558 -0.00123 0.761 0.678 0.295 4.89 4.62 2.22 52.6 31.4 11.6 
H matrix
-919 -0.224 -0.0638 -0.0157 25.2 18.1 4.13 53 50.2 9 532 285 74 
0.0065 -30.7 -9.44 -2.22 52.5 23.5 7.42 3.54 1.52 0.521 214 74.3 19.8 
0.00416 -9.43 -3.11 -0.758 13.5 6.06 1.92 0.904 0.389 0.135 55.4 19.2 5.12 
0.00145 -2.21 -0.758 -0.19 2.96 1.33 0.419 0.196 0.0846 0.03 12.2 4.21 1.12 
0.735 52.6 13.6 2.97 -3.98e+03 -2.54e+03 -978 480 206 65 -4.63e+03 -2.28e+03 -698 
0.742 23.5 6.08 1.33 -2.55e+03 -1.94e+03 -851 211 85.5 26.8 -3.84e+03 -1.97e+03 -620 
0.342 7.44 1.92 0.42 -978 -851 -429 66.3 26.6 8.46 -1.6e+03 -842 -270 
-0.25 3.55 0.906 0.197 480 211 66.3 -2.51e+03 -2.01e+03 -891 -2.46e+04 -1.32e+04 -4.46e+03 
-0.438 1.53 0.39 0.0851 206 85.6 26.6 -2.02e+03 -2.04e+03 -1.06e+03 -1.97e+04 -1.18e+04 -4.21e+03 
-0.224 0.522 0.136 0.0301 65.2 26.8 8.47 -892 -1.06e+03 -630 -8.63e+03 -5.51e+03 -2.03e+03 
4.24 214 55.6 12.2 -4.63e+03 -3.84e+03 -1.6e+03 -2.46e+04 -1.97e+04 -8.63e+03 -2.72e+05 -1.44e+05 -4.8e+04 
2.91 74.5 19.3 4.23 -2.28e+03 -1.97e+03 -843 -1.33e+04 -1.18e+04 -5.53e+03 -1.44e+05 -8.17e+04 -2.86e+04 
1.57 19.8 5.13 1.13 -697 -620 -270 -4.47e+03 -4.22e+03 -2.03e+03 -4.81e+04 -2.86e+04 -1.05e+04 
S matrix
1 0 0 0 0 0 0 0 0 0 0 0 0 
0 0.0334 0.0103 0.00241 -0.0572 -0.0256 -0.00809 -0.00385 -0.00166 -0.000569 -0.233 -0.081 -0.0215 
0 0.0103 0.00338 0.000825 -0.0148 -0.00661 -0.00209 -0.000984 -0.000425 -0.000148 -0.0604 -0.021 -0.00558 
0 0.00241 0.000825 0.000207 -0.00323 -0.00145 -0.000457 -0.000214 -9.25e-05 -3.28e-05 -0.0132 -0.00459 -0.00123 
0 -0.0572 -0.0148 -0.00323 4.34 2.78 1.07 -0.523 -0.225 -0.071 5.06 2.49 0.761 
0 -0.0256 -0.00661 -0.00145 2.78 2.12 0.931 -0.231 -0.0934 -0.0293 4.19 2.15 0.678 
0 -0.00809 -0.00209 -0.000457 1.07 0.931 0.471 -0.0723 -0.029 -0.00925 1.75 0.921 0.295 
0 -0.00385 -0.000984 -0.000214 -0.523 -0.231 -0.0723 2.74 2.2 0.975 26.9 14.5 4.89 
0 -0.00166 -0.000425 -9.25e-05 -0.225 -0.0934 -0.029 2.2 2.24 1.16 21.5 12.9 4.62 
0 -0.000569 -0.000148 -3.28e-05 -0.071 -0.0293 -0.00925 0.975 1.16 0.692 9.45 6.05 2.22 
0 -0.233 -0.0604 -0.0132 5.06 4.19 1.75 26.9 21.5 9.45 297 157 52.6 
0 -0.081 -0.021 -0.00459 2.49 2.15 0.921 14.5 12.9 6.05 157 89.5 31.4 
0 -0.0215 -0.00558 -0.00123 0.761 0.678 0.295 4.89 4.62 2.22 52.6 31.4 11.6 
H matrix
-919 -0.224 -0.0638 -0.0157 25.2 18.1 4.13 53 50.2 9 532 285 74 
0.0065 -30.7 -9.44 -2.22 52.5 23.5 7.42 3.54 1.52 0.521 214 74.3 19.8 
0.00416 -9.43 -3.11 -0.758 13.5 6.06 1.92 0.904 0.389 0.135 55.4 19.2 5.12 
0.00145 -2.21 -0.758 -0.19 2.96 1.33 0.419 0.196 0.0846 0.03 12.2 4.21 1.12 
0.735 52.6 13.6 2.97 -3.98e+03 -2.54e+03 -978 480 206 65 -4.63e+03 -2.28e+03 -698 
0.742 23.5 6.08 1.33 -2.55e+03 -1.94e+03 -851 211 85.5 26.8 -3.84e+03 -1.97e+03 -620 
0.342 7.44 1.92 0.42 -978 -851 -429 66.3 26.6 8.46 -1.6e+03 -842 -270 
-0.25 3.55 0.906 0.197 480 211 66.3 -2.51e+03 -2.01e+03 -891 -2.46e+04 -1.32e+04 -4.46e+03 
-0.438 1.53 0.39 0.0851 206 85.6 26.6 -2.02e+03 -2.04e+03 -1.06e+03 -1.97e+04 -1.18e+04 -4.21e+03 
-0.224 0.522 0.136 0.0301 65.2 26.8 8.47 -892 -1.06e+03 -630 -8.63e+03 -5.51e+03 -2.03e+03 
4.24 214 55.6 12.2 -4.63e+03 -3.84e+03 -1.6e+03 -2.46e+04 -1.97e+04 -8.63e+03 -2.72e+05 -1.44e+05 -4.8e+04 
2.91 74.5 19.3 4.23 -2.28e+03 -1.97e+03 -843 -1.33e+04 -1.18e+04 -5.53e+03 -1.44e+05 -8.17e+04 -2.86e+04 
1.57 19.8 5.13 1.13 -697 -620 -270 -4.47e+03 -4.22e+03 -2.03e+03 -4.81e+04 -2.86e+04 -1.05e+04 
S matrix
1 0 0 0 0 0 0 0 0 0 0 0 0 
0 0.0334 0.0103 0.00241 -0.0572 -0.0256 -0.00809 -0.00385 -0.00166 -0.000569 -0.233 -0.081 -0.0215 
0 0.0103 0.00338 0.000825 -0.0148 -0.00661 -0.00209 -0.000984 -0.000425 -0.000148 -0.0604 -0.021 -0.00558 
0 0.00241 0.000825 0.000207 -0.00323 -0.00145 -0.000457 -0.000214 -9.25e-05 -3.28e-05 -0.0132 -0.00459 -0.00123 
0 -0.0572 -0.0148 -0.00323 4.34 2.78 1.07 -0.523 -0.225 -0.071 5.06 2.49 0.761 
0 -0.0256 -0.00661 -0.00145 2.78 2.12 0.931 -0.231 -0.0934 -0.0293 4.19 2.15 0.678 
0 -0.00809 -0.00209 -0.000457 1.07 0.931 0.471 -0.0723 -0.029 -0.00925 1.75 0.921 0.295 
0 -0.00385 -0.000984 -0.000214 -0.523 -0.231 -0.0723 2.74 2.2 0.975 26.9 14.5 4.89 
0 -0.00166 -0.000425 -9.25e-05 -0.225 -0.0934 -0.029 2.2 2.24 1.16 21.5 12.9 4.62 
0 -0.000569 -0.000148 -3.28e-05 -0.071 -0.0293 -0.00925 0.975 1.16 0.692 9.45 6.05 2.22 
0 -0.233 -0.0604 -0.0132 5.06 4.19 1.75 26.9 21.5 9.45 297 157 52.6 
0 -0.081 -0.021 -0.00459 2.49 2.15 0.921 14.5 12.9 6.05 157 89.5 31.4 
0 -0.0215 -0.00558 -0.00123 0.761 0.678 0.295 4.89 4.62 2.22 52.6 31.4 11.6 
H matrix
-919 -0.224 -0.0638 -0.0157 25.2 18.1 4.13 53 50.2 9 532 285 74 
0.0065 -30.7 -9.44 -2.22 52.5 23.5 7.42 3.54 1.52 0.521 214 74.3 19.8 
0.00416 -9.43 -3.11 -0.758 13.5 6.06 1.92 0.904 0.389 0.135 55.4 19.2 5.12 
0.00145 -2.21 -0.758 -0.19 2.96 1.33 0.419 0.196 0.0846 0.03 12.2 4.21 1.12 
0.735 52.6 13.6 2.97 -3.98e+03 -2.54e+03 -978 480 206 65 -4.63e+03 -2.28e+03 -698 
0.742 23.5 6.08 1.33 -2.55e+03 -1.94e+03 -851 211 85.5 26.8 -3.84e+03 -1.97e+03 -620 
0.342 7.44 1.92 0.42 -978 -851 -429 66.3 26.6 8.46 -1.6e+03 -842 -270 
-0.25 3.55 0.906 0.197 480 211 66.3 -2.51e+03 -2.01e+03 -891 -2.46e+04 -1.32e+04 -4.46e+03 
-0.438 1.53 0.39 0.0851 206 85.6 26.6 -2.02e+03 -2.04e+03 -1.06e+03 -1.97e+04 -1.18e+04 -4.21e+03 
-0.224 0.522 0.136 0.0301 65.2 26.8 8.47 -892 -1.06e+03 -630 -8.63e+03 -5.51e+03 -2.03e+03 
4.24 214 55.6 12.2 -4.63e+03 -3.84e+03 -1.6e+03 -2.46e+04 -1.97e+04 -8.63e+03 -2.72e+05 -1.44e+05 -4.8e+04 
2.91 74.5 19.3 4.23 -2.28e+03 -1.97e+03 -843 -1.33e+04 -1.18e+04 -5.53e+03 -1.44e+05 -8.17e+04 -2.86e+04 
1.57 19.8 5.13 1.13 -697 -620 -270 -4.47e+03 -4.22e+03 -2.03e+03 -4.81e+04 -2.86e+04 -1.05e+04 
S matrix
1 0 0 0 0 0 0 0 0 0 0 0 0 
0 0.0334 0.0103 0.00241 -0.0572 -0.0256 -0.00809 -0.00385 -0.00166 -0.000569 -0.233 -0.081 -0.0215 
0 0.0103 0.00338 0.000825 -0.0148 -0.00661 -0.00209 -0.000984 -0.000425 -0.000148 -0.0604 -0.021 -0.00558 
0 0.00241 0.000825 0.000207 -0.00323 -0.00145 -0.000457 -0.000214 -9.25e-05 -3.28e-05 -0.0132 -0.00459 -0.00123 
0 -0.0572 -0.0148 -0.00323 4.34 2.78 1.07 -0.523 -0.225 -0.071 5.06 2.49 0.761 
0 -0.0256 -0.00661 -0.00145 2.78 2.12 0.931 -0.231 -0.0934 -0.0293 4.19 2.15 0.678 
0 -0.00809 -0.00209 -0.000457 1.07 0.931 0.471 -0.0723 -0.029 -0.00925 1.75 0.921 0.295 
0 -0.00385 -0.000984 -0.000214 -0.523 -0.231 -0.0723 2.74 2.2 0.975 26.9 14.5 4.89 
0 -0.00166 -0.000425 -9.25e-05 -0.225 -0.0934 -0.029 2.2 2.24 1.16 21.5 12.9 4.62 
0 -0.000569 -0.000148 -3.28e-05 -0.071 -0.0293 -0.00925 0.975 1.16 0.692 9.45 6.05 2.22 
0 -0.233 -0.0604 -0.0132 5.06 4.19 1.75 26.9 21.5 9.45 297 157 52.6 
0 -0.081 -0.021 -0.00459 2.49 2.15 0.921 14.5 12.9 6.05 157 89.5 31.4 
0 -0.0215 -0.00558 -0.00123 0.761 0.678 0.295 4.89 4.62 2.22 52.6 31.4 11.6 
H matrix
-919 -0.224 -0.0638 -0.0157 25.2 18.1 4.13 53 50.2 9 532 285 74 
0.0065 -30.7 -9.44 -2.22 52.5 23.5 7.42 3.54 1.52 0.521 214 74.3 19.8 
0.00416 -9.43 -3.11 -0.758 13.5 6.06 1.92 0.904 0.389 0.135 55.4 19.2 5.12 
0.00145 -2.21 -0.758 -0.19 2.96 1.33 0.419 0.196 0.0846 0.03 12.2 4.21 1.12 
0.735 52.6 13.6 2.97 -3.98e+03 -2.54e+03 -978 480 206 65 -4.63e+03 -2.28e+03 -698 
0.742 23.5 6.08 1.33 -2.55e+03 -1.94e+03 -851 211 85.5 26.8 -3.84e+03 -1.97e+03 -620 
0.342 7.44 1.92 0.42 -978 -851 -429 66.3 26.6 8.46 -1.6e+03 -842 -270 
-0.25 3.55 0.906 0.197 480 211 66.3 -2.51e+03 -2.01e+03 -891 -2.46e+04 -1.32e+04 -4.46e+03 
-0.438 1.53 0.39 0.0851 206 85.6 26.6 -2.02e+03 -2.04e+03 -1.06e+03 -1.97e+04 -1.18e+04 -4.21e+03 
-0.224 0.522 0.136 0.0301 65.2 26.8 8.47 -892 -1.06e+03 -630 -8.63e+03 -5.51e+03 -2.03e+03 
4.24 214 55.6 12.2 -4.63e+03 -3.84e+03 -1.6e+03 -2.46e+04 -1.97e+04 -8.63e+03 -2.72e+05 -1.44e+05 -4.8e+04 
2.91 74.5 19.3 4.23 -2.28e+03 -1.97e+03 -843 -1.33e+04 -1.18e+04 -5.53e+03 -1.44e+05 -8.17e+04 -2.86e+04 
1.57 19.8 5.13 1.13 -697 -620 -270 -4.47e+03 -4.22e+03 -2.03e+03 -4.81e+04 -2.86e+04 -1.05e+04 
S matrix
1 0 0 0 0 0 0 0 0 0 0 0 0 
0 0.0334 0.0103 0.00241 -0.0572 -0.0256 -0.00809 -0.00385 -0.00166 -0.000569 -0.233 -0.081 -0.0215 
0 0.0103 0.00338 0.000825 -0.0148 -0.00661 -0.00209 -0.000984 -0.000425 -0.000148 -0.0604 -0.021 -0.00558 
0 0.00241 0.000825 0.000207 -0.00323 -0.00145 -0.000457 -0.000214 -9.25e-05 -3.28e-05 -0.0132 -0.00459 -0.00123 
0 -0.0572 -0.0148 -0.00323 4.34 2.78 1.07 -0.523 -0.225 -0.071 5.06 2.49 0.761 
0 -0.0256 -0.00661 -0.00145 2.78 2.12 0.931 -0.231 -0.0934 -0.0293 4.19 2.15 0.678 
0 -0.00809 -0.00209 -0.000457 1.07 0.931 0.471 -0.0723 -0.029 -0.00925 1.75 0.921 0.295 
0 -0.00385 -0.000984 -0.000214 -0.523 -0.231 -0.0723 2.74 2.2 0.975 26.9 14.5 4.89 
0 -0.00166 -0.000425 -9.25e-05 -0.225 -0.0934 -0.029 2.2 2.24 1.16 21.5 12.9 4.62 
0 -0.000569 -0.000148 -3.28e-05 -0.071 -0.0293 -0.00925 0.975 1.16 0.692 9.45 6.05 2.22 
0 -0.233 -0.0604 -0.0132 5.06 4.19 1.75 26.9 21.5 9.45 297 157 52.6 
0 -0.081 -0.021 -0.00459 2.49 2.15 0.921 14.5 12.9 6.05 157 89.5 31.4 
0 -0.0215 -0.00558 -0.00123 0.761 0.678 0.295 4.89 4.62 2.22 52.6 31.4 11.6 
H matrix
-919 -0.224 -0.0638 -0.0157 25.2 18.1 4.13 53 50.2 9 532 285 74 
0.0065 -30.7 -9.44 -2.22 52.5 23.5 7.42 3.54 1.52 0.521 214 74.3 19.8 
0.00416 -9.43 -3.11 -0.758 13.5 6.06 1.92 0.904 0.389 0.135 55.4 19.2 5.12 
0.00145 -2.21 -0.758 -0.19 2.96 1.33 0.419 0.196 0.0846 0.03 12.2 4.21 1.12 
0.735 52.6 13.6 2.97 -3.98e+03 -2.54e+03 -978 480 206 65 -4.63e+03 -2.28e+03 -698 
0.742 23.5 6.08 1.33 -2.55e+03 -1.94e+03 -851 211 85.5 26.8 -3.84e+03 -1.97e+03 -620 
0.342 7.44 1.92 0.42 -978 -851 -429 66.3 26.6 8.46 -1.6e+03 -842 -270 
-0.25 3.55 0.906 0.197 480 211 66.3 -2.51e+03 -2.01e+03 -891 -2.46e+04 -1.32e+04 -4.46e+03 
-0.438 1.53 0.39 0.0851 206 85.6 26.6 -2.02e+03 -2.04e+03 -1.06e+03 -1.97e+04 -1.18e+04 -4.21e+03 
-0.224 0.522 0.136 0.0301 65.2 26.8 8.47 -892 -1.06e+03 -630 -8.63e+03 -5.51e+03 -2.03e+03 
4.24 214 55.6 12.2 -4.63e+03 -3.84e+03 -1.6e+03 -2.46e+04 -1.97e+04 -8.63e+03 -2.72e+05 -1.44e+05 -4.8e+04 
2.91 74.5 19.3 4.23 -2.28e+03 -1.97e+03 -843 -1.33e+04 -1.18e+04 -5.53e+03 -1.44e+05 -8.17e+04 -2.86e+04 
1.57 19.8 5.13 1.13 -697 -620 -270 -4.47e+03 -4.22e+03 -2.03e+03 -4.81e+04 -2.86e+04 -1.05e+04 
S matrix
1 0 0 0 0 0 0 0 0 0 0 0 0 
0 0.0334 0.0103 0.00241 -0.0572 -0.0256 -0.00809 -0.00385 -0.00166 -0.000569 -0.233 -0.081 -0.0215 
0 0.0103 0.00338 0.000825 -0.0148 -0.00661 -0.00209 -0.000984 -0.000425 -0.000148 -0.0604 -0.021 -0.00558 
0 0.00241 0.000825 0.000207 -0.00323 -0.00145 -0.000457 -0.000214 -9.25e-05 -3.28e-05 -0.0132 -0.00459 -0.00123 
0 -0.0572 -0.0148 -0.00323 4.34 2.78 1.07 -0.523 -0.225 -0.071 5.06 2.49 0.761 
0 -0.0256 -0.00661 -0.00145 2.78 2.12 0.931 -0.231 -0.0934 -0.0293 4.19 2.15 0.678 
0 -0.00809 -0.00209 -0.000457 1.07 0.931 0.471 -0.0723 -0.029 -0.00925 1.75 0.921 0.295 
0 -0.00385 -0.000984 -0.000214 -0.523 -0.231 -0.0723 2.74 2.2 0.975 26.9 14.5 4.89 
0 -0.00166 -0.000425 -9.25e-05 -0.225 -0.0934 -0.029 2.2 2.24 1.16 21.5 12.9 4.62 
0 -0.000569 -0.000148 -3.28e-05 -0.071 -0.0293 -0.00925 0.975 1.16 0.692 9.45 6.05 2.22 
0 -0.233 -0.0604 -0.0132 5.06 4.19 1.75 26.9 21.5 9.45 297 157 52.6 
0 -0.081 -0.021 -0.00459 2.49 2.15 0.921 14.5 12.9 6.05 157 89.5 31.4 
0 -0.0215 -0.00558 -0.00123 0.761 0.678 0.295 4.89 4.62 2.22 52.6 31.4 11.6 
H matrix
-919 -0.224 -0.0638 -0.0157 25.2 18.1 4.13 53 50.2 9 532 285 74 
0.0065 -30.7 -9.44 -2.22 52.5 23.5 7.42 3.54 1.52 0.521 214 74.3 19.8 
0.00416 -9.43 -3.11 -0.758 13.5 6.06 1.92 0.904 0.389 0.135 55.4 19.2 5.12 
0.00145 -2.21 -0.758 -0.19 2.96 1.33 0.419 0.196 0.0846 0.03 12.2 4.21 1.12 
0.735 52.6 13.6 2.97 -3.98e+03 -2.54e+03 -978 480 206 65 -4.63e+03 -2.28e+03 -698 
0.742 23.5 6.08 1.33 -2.55e+03 -1.94e+03 -851 211 85.5 26.8 -3.84e+03 -1.97e+03 -620 
0.342 7.44 1.92 0.42 -978 -851 -429 66.3 26.6 8.46 -1.6e+03 -842 -270 
-0.25 3.55 0.906 0.197 480 211 66.3 -2.51e+03 -2.01e+03 -891 -2.46e+04 -1.32e+04 -4.46e+03 
-0.438 1.53 0.39 0.0851 206 85.6 26.6 -2.02e+03 -2.04e+03 -1.06e+03 -1.97e+04 -1.18e+04 -4.21e+03 
-0.224 0.522 0.136 0.0301 65.2 26.8 8.47 -892 -1.06e+03 -630 -8.63e+03 -5.51e+03 -2.03e+03 
4.24 214 55.6 12.2 -4.63e+03 -3.84e+03 -1.6e+03 -2.46e+04 -1.97e+04 -8.63e+03 -2.72e+05 -1.44e+05 -4.8e+04 
2.91 74.5 19.3 4.23 -2.28e+03 -1.97e+03 -843 -1.33e+04 -1.18e+04 -5.53e+03 -1.44e+05 -8.17e+04 -2.86e+04 
1.57 19.8 5.13 1.13 -697 -620 -270 -4.47e+03 -4.22e+03 -2.03e+03 -4.81e+04 -2.86e+04 -1.05e+04 
S matrix
1 0 0 0 0 0 0 0 0 0 0 0 0 
0 0.0334 0.0103 0.00241 -0.0572 -0.0256 -0.00809 -0.00385 -0.00166 -0.000569 -0.233 -0.081 -0.0215 
0 0.0103 0.00338 0.000825 -0.0148 -0.00661 -0.00209 -0.000984 -0.000425 -0.000148 -0.0604 -0.021 -0.00558 
0 0.00241 0.000825 0.000207 -0.00323 -0.00145 -0.000457 -0.000214 -9.25e-05 -3.28e-05 -0.0132 -0.00459 -0.00123 
0 -0.0572 -0.0148 -0.00323 4.34 2.78 1.07 -0.523 -0.225 -0.071 5.06 2.49 0.761 
0 -0.0256 -0.00661 -0.00145 2.78 2.12 0.931 -0.231 -0.0934 -0.0293 4.19 2.15 0.678 
0 -0.00809 -0.00209 -0.000457 1.07 0.931 0.471 -0.0723 -0.029 -0.00925 1.75 0.921 0.295 
0 -0.00385 -0.000984 -0.000214 -0.523 -0.231 -0.0723 2.74 2.2 0.975 26.9 14.5 4.89 
0 -0.00166 -0.000425 -9.25e-05 -0.225 -0.0934 -0.029 2.2 2.24 1.16 21.5 12.9 4.62 
0 -0.000569 -0.000148 -3.28e-05 -0.071 -0.0293 -0.00925 0.975 1.16 0.692 9.45 6.05 2.22 
0 -0.233 -0.0604 -0.0132 5.06 4.19 1.75 26.9 21.5 9.45 297 157 52.6 
0 -0.081 -0.021 -0.00459 2.49 2.15 0.921 14.5 12.9 6.05 157 89.5 31.4 
0 -0.0215 -0.00558 -0.00123 0.761 0.678 0.295 4.89 4.62 2.22 52.6 31.4 11.6 
H matrix
-919 -0.224 -0.0638 -0.0157 25.2 18.1 4.13 53 50.2 9 532 285 74 
0.0065 -30.7 -9.44 -2.22 52.5 23.5 7.42 3.54 1.52 0.521 214 74.3 19.8 
0.00416 -9.43 -3.11 -0.758 13.5 6.06 1.92 0.904 0.389 0.135 55.4 19.2 5.12 
0.00145 -2.21 -0.758 -0.19 2.96 1.33 0.419 0.196 0.0846 0.03 12.2 4.21 1.12 
0.735 52.6 13.6 2.97 -3.98e+03 -2.54e+03 -978 480 206 65 -4.63e+03 -2.28e+03 -698 
0.742 23.5 6.08 1.33 -2.55e+03 -1.94e+03 -851 211 85.5 26.8 -3.84e+03 -1.97e+03 -620 
0.342 7.44 1.92 0.42 -978 -851 -429 66.3 26.6 8.46 -1.6e+03 -842 -270 
-0.25 3.55 0.906 0.197 480 211 66.3 -2.51e+03 -2.01e+03 -891 -2.46e+04 -1.32e+04 -4.46e+03 
-0.438 1.53 0.39 0.0851 206 85.6 26.6 -2.02e+03 -2.04e+03 -1.06e+03 -1.97e+04 -1.18e+04 -4.21e+03 
-0.224 0.522 0.136 0.0301 65.2 26.8 8.47 -892 -1.06e+03 -630 -8.63e+03 -5.51e+03 -2.03e+03 
4.24 214 55.6 12.2 -4.63e+03 -3.84e+03 -1.6e+03 -2.46e+04 -1.97e+04 -8.63e+03 -2.72e+05 -1.44e+05 -4.8e+04 
2.91 74.5 19.3 4.23 -2.28e+03 -1.97e+03 -843 -1.33e+04 -1.18e+04 -5.53e+03 -1.44e+05 -8.17e+04 -2.86e+04 
1.57 19.8 5.13 1.13 -697 -620 -270 -4.47e+03 -4.22e+03 -2.03e+03 -4.81e+04 -2.86e+04 -1.05e+04 
S matrix
1 0 0 0 0 0 0 0 0 0 0 0 0 
0 0.0334 0.0103 0.00241 -0.0572 -0.0256 -0.00809 -0.00385 -0.00166 -0.000569 -0.233 -0.081 -0.0215 
0 0.0103 0.00338 0.000825 -0.0148 -0.00661 -0.00209 -0.000984 -0.000425 -0.000148 -0.0604 -0.021 -0.00558 
0 0.00241 0.000825 0.000207 -0.00323 -0.00145 -0.000457 -0.000214 -9.25e-05 -3.28e-05 -0.0132 -0.00459 -0.00123 
0 -0.0572 -0.0148 -0.00323 4.34 2.78 1.07 -0.523 -0.225 -0.071 5.06 2.49 0.761 
0 -0.0256 -0.00661 -0.00145 2.78 2.12 0.931 -0.231 -0.0934 -0.0293 4.19 2.15 0.678 
0 -0.00809 -0.00209 -0.000457 1.07 0.931 0.471 -0.0723 -0.029 -0.00925 1.75 0.921 0.295 
0 -0.00385 -0.000984 -0.000214 -0.523 -0.231 -0.0723 2.74 2.2 0.975 26.9 14.5 4.89 
0 -0.00166 -0.000425 -9.25e-05 -0.225 -0.0934 -0.029 2.2 2.24 1.16 21.5 12.9 4.62 
0 -0.000569 -0.000148 -3.28e-05 -0.071 -0.0293 -0.00925 0.975 1.16 0.692 9.45 6.05 2.22 
0 -0.233 -0.0604 -0.0132 5.06 4.19 1.75 26.9 21.5 9.45 297 157 52.6 
0 -0.081 -0.021 -0.00459 2.49 2.15 0.921 14.5 12.9 6.05 157 89.5 31.4 
0 -0.0215 -0.00558 -0.00123 0.761 0.678 0.295 4.89 4.62 2.22 52.6 31.4 11.6 
H matrix
-919 -0.224 -0.0638 -0.0157 25.2 18.1 4.13 53 50.2 9 532 285 74 
0.0065 -30.7 -9.44 -2.22 52.5 23.5 7.42 3.54 1.52 0.521 214 74.3 19.8 
0.00416 -9.43 -3.11 -0.758 13.5 6.06 1.92 0.904 0.389 0.135 55.4 19.2 5.12 
0.00145 -2.21 -0.758 -0.19 2.96 1.33 0.419 0.196 0.0846 0.03 12.2 4.21 1.12 
0.735 52.6 13.6 2.97 -3.98e+03 -2.54e+03 -978 480 206 65 -4.63e+03 -2.28e+03 -698 
0.742 23.5 6.08 1.33 -2.55e+03 -1.94e+03 -851 211 85.5 26.8 -3.84e+03 -1.97e+03 -620 
0.342 7.44 1.92 0.42 -978 -851 -429 66.3 26.6 8.46 -1.6e+03 -842 -270 
-0.25 3.55 0.906 0.197 480 211 66.3 -2.51e+03 -2.01e+03 -891 -2.46e+04 -1.32e+04 -4.46e+03 
-0.438 1.53 0.39 0.0851 206 85.6 26.6 -2.02e+03 -2.04e+03 -1.06e+03 -1.97e+04 -1.18e+04 -4.21e+03 
-0.224 0.522 0.136 0.0301 65.2 26.8 8.47 -892 -1.06e+03 -630 -8.63e+03 -5.51e+03 -2.03e+03 
4.24 214 55.6 12.2 -4.63e+03 -3.84e+03 -1.6e+03 -2.46e+04 -1.97e+04 -8.63e+03 -2.72e+05 -1.44e+05 -4.8e+04 
2.91 74.5 19.3 4.23 -2.28e+03 -1.97e+03 -843 -1.33e+04 -1.18e+04 -5.53e+03 -1.44e+05 -8.17e+04 -2.86e+04 
1.57 19.8 5.13 1.13 -697 -620 -270 -4.47e+03 -4.22e+03 -2.03e+03 -4.81e+04 -2.86e+04 -1.05e+04 
S matrix
1 0 0 0 0 0 0 0 0 0 0 0 0 
0 0.0334 0.0103 0.00241 -0.0572 -0.0256 -0.00809 -0.00385 -0.00166 -0.000569 -0.233 -0.081 -0.0215 
0 0.0103 0.00338 0.000825 -0.0148 -0.00661 -0.00209 -0.000984 -0.000425 -0.000148 -0.0604 -0.021 -0.00558 
0 0.00241 0.000825 0.000207 -0.00323 -0.00145 -0.000457 -0.000214 -9.25e-05 -3.28e-05 -0.0132 -0.00459 -0.00123 
0 -0.0572 -0.0148 -0.00323 4.34 2.78 1.07 -0.523 -0.225 -0.071 5.06 2.49 0.761 
0 -0.0256 -0.00661 -0.00145 2.78 2.12 0.931 -0.231 -0.0934 -0.0293 4.19 2.15 0.678 
0 -0.00809 -0.00209 -0.000457 1.07 0.931 0.471 -0.0723 -0.029 -0.00925 1.75 0.921 0.295 
0 -0.00385 -0.000984 -0.000214 -0.523 -0.231 -0.0723 2.74 2.2 0.975 26.9 14.5 4.89 
0 -0.00166 -0.000425 -9.25e-05 -0.225 -0.0934 -0.029 2.2 2.24 1.16 21.5 12.9 4.62 
0 -0.000569 -0.000148 -3.28e-05 -0.071 -0.0293 -0.00925 0.975 1.16 0.692 9.45 6.05 2.22 
0 -0.233 -0.0604 -0.0132 5.06 4.19 1.75 26.9 21.5 9.45 297 157 52.6 
0 -0.081 -0.021 -0.00459 2.49 2.15 0.921 14.5 12.9 6.05 157 89.5 31.4 
0 -0.0215 -0.00558 -0.00123 0.761 0.678 0.295 4.89 4.62 2.22 52.6 31.4 11.6 
H matrix
-919 -0.224 -0.0638 -0.0157 25.2 18.1 4.13 53 50.2 9 532 285 74 
0.0065 -30.7 -9.44 -2.22 52.5 23.5 7.42 3.54 1.52 0.521 214 74.3 19.8 
0.00416 -9.43 -3.11 -0.758 13.5 6.06 1.92 0.904 0.389 0.135 55.4 19.2 5.12 
S matrix
1 0 0 0 0 0 0 0 0 0 0 0 0 
0 0.0334 0.0103 0.00241 -0.0572 -0.0256 -0.00809 -0.00385 -0.00166 -0.000569 -0.233 -0.081 -0.0215 
0 0.0103 0.00338 0.000825 -0.0148 -0.00661 -0.00209 -0.000984 -0.000425 -0.000148 -0.0604 -0.021 -0.00558 
0 0.00241 0.000825 0.000207 -0.00323 -0.00145 -0.000457 -0.000214 -9.25e-05 -3.28e-05 -0.0132 -0.00459 -0.00123 
0 -0.0572 -0.0148 -0.00323 4.34 2.78 1.07 -0.523 -0.225 -0.071 5.06 2.49 0.761 
0 -0.0256 -0.00661 -0.00145 2.78 2.12 0.931 -0.231 -0.0934 -0.0293 4.19 2.15 0.678 
0 -0.00809 -0.00209 -0.000457 1.07 0.931 0.471 -0.0723 -0.029 -0.00925 1.75 0.921 0.295 
0 -0.00385 -0.000984 -0.000214 -0.523 -0.231 -0.0723 2.74 2.2 0.975 26.9 14.5 4.89 
0 -0.00166 -0.000425 -9.25e-05 -0.225 -0.0934 -0.029 2.2 2.24 1.16 21.5 12.9 4.62 
0 -0.000569 -0.000148 -3.28e-05 -0.071 -0.0293 -0.00925 0.975 1.16 0.692 9.45 6.05 2.22 
0 -0.233 -0.0604 -0.0132 5.06 4.19 1.75 26.9 21.5 9.45 297 157 52.6 
0 -0.081 -0.021 -0.00459 2.49 2.15 0.921 14.5 12.9 6.05 157 89.5 31.4 
0 -0.0215 -0.00558 -0.00123 0.761 0.678 0.295 4.89 4.62 2.22 52.6 31.4 11.6 
H matrix
-919 -0.224 -0.0638 -0.0157 25.2 18.1 4.13 53 50.2 9 532 285 74 
0.0065 -30.7 -9.44 -2.22 52.5 23.5 7.42 3.54 1.52 0.521 214 74.3 19.8 
0.00416 -9.43 -3.11 -0.758 13.5 6.06 1.92 0.904 0.389 0.135 55.4 19.2 5.12 
0.00145 -2.21 -0.758 -0.19 2.96 1.33 0.419 0.196 0.0846 0.03 12.2 4.21 1.12 
0.735 52.6 13.6 2.97 -3.98e+03 -2.54e+03 -978 480 206 65 -4.63e+03 -2.28e+03 -698 
0.742 23.5 6.08 1.33 -2.55e+03 -1.94e+03 -851 211 85.5 26.8 -3.84e+03 -1.97e+03 -620 
0.342 7.44 1.92 0.42 -978 -851 -429 66.3 26.6 8.46 -1.6e+03 -842 -270 
-0.25 3.55 0.906 0.197 480 211 66.3 -2.51e+03 -2.01e+03 -891 -2.46e+04 -1.32e+04 -4.46e+03 
S matrix
1 0 0 0 0 0 0 0 0 0 0 0 0 
0 0.0334 0.0103 0.00241 -0.0572 -0.0256 -0.00809 -0.00385 -0.00166 -0.000569 -0.233 -0.081 -0.0215 
0 0.0103 0.00338 0.000825 -0.0148 -0.00661 -0.00209 -0.000984 -0.000425 -0.000148 -0.0604 -0.021 -0.00558 
0 0.00241 0.000825 0.000207 -0.00323 -0.00145 -0.000457 -0.000214 -9.25e-05 -3.28e-05 -0.0132 -0.00459 -0.00123 
0 -0.0572 -0.0148 -0.00323 4.34 2.78 1.07 -0.523 -0.225 -0.071 5.06 2.49 0.761 
0 -0.0256 -0.00661 -0.00145 2.78 2.12 0.931 -0.231 -0.0934 -0.0293 4.19 2.15 0.678 
0 -0.00809 -0.00209 -0.000457 1.07 0.931 0.471 -0.0723 -0.029 -0.00925 1.75 0.921 0.295 
0 -0.00385 -0.000984 -0.000214 -0.523 -0.231 -0.0723 2.74 2.2 0.975 26.9 14.5 4.89 
0 -0.00166 -0.000425 -9.25e-05 -0.225 -0.0934 -0.029 2.2 2.24 1.16 21.5 12.9 4.62 
0 -0.000569 -0.000148 -3.28e-05 -0.071 -0.0293 -0.00925 0.975 1.16 0.692 9.45 6.05 2.22 
0 -0.233 -0.0604 -0.0132 5.06 4.19 1.75 26.9 21.5 9.45 297 157 52.6 
0 -0.081 -0.021 -0.00459 2.49 2.15 0.921 14.5 12.9 6.05 157 89.5 31.4 
0 -0.0215 -0.00558 -0.00123 0.761 0.678 0.295 4.89 4.62 2.22 52.6 31.4 11.6 
H matrix
-919 -0.224 -0.0638 -0.0157 25.2 18.1 4.13 53 50.2 9 532 285 74 
0.0065 -30.7 -9.44 -2.22 52.5 23.5 7.42 3.54 1.52 0.521 214 74.3 19.8 
0.00416 -9.43 -3.11 -0.758 13.5 6.06 1.92 0.904 0.389 0.135 55.4 19.2 5.12 
0.00145 -2.21 -0.758 -0.19 2.96 1.33 0.419 0.196 0.0846 0.03 12.2 4.21 1.12 
0.735 52.6 13.6 2.97 -3.98e+03 -2.54e+03 -978 480 206 65 -4.63e+03 -2.28e+03 -698 
0.742 23.5 6.08 1.33 -2.55e+03 -1.94e+03 -851 211 85.5 26.8 -3.84e+03 -1.97e+03 -620 
0.342 7.44 1.92 0.42 -978 -851 -429 66.3 26.6 8.46 -1.6e+03 -842 -270 
-0.25 3.55 0.906 0.197 480 211 66.3 -2.51e+03 -2.01e+03 -891 -2.46e+04 -1.32e+04 -4.46e+03 
S matrix
1 0 0 0 0 0 0 0 0 0 0 0 0 
0 0.0334 0.0103 0.00241 -0.0572 -0.0256 -0.00809 -0.00385 -0.00166 -0.000569 -0.233 -0.081 -0.0215 
0 0.0103 0.00338 0.000825 -0.0148 -0.00661 -0.00209 -0.000984 -0.000425 -0.000148 -0.0604 -0.021 -0.00558 
0 0.00241 0.000825 0.000207 -0.00323 -0.00145 -0.000457 -0.000214 -9.25e-05 -3.28e-05 -0.0132 -0.00459 -0.00123 
0 -0.0572 -0.0148 -0.00323 4.34 2.78 1.07 -0.523 -0.225 -0.071 5.06 2.49 0.761 
0 -0.0256 -0.00661 -0.00145 2.78 2.12 0.931 -0.231 -0.0934 -0.0293 4.19 2.15 0.678 
0 -0.00809 -0.00209 -0.000457 1.07 0.931 0.471 -0.0723 -0.029 -0.00925 1.75 0.921 0.295 
0 -0.00385 -0.000984 -0.000214 -0.523 -0.231 -0.0723 2.74 2.2 0.975 26.9 14.5 4.89 
0 -0.00166 -0.000425 -9.25e-05 -0.225 -0.0934 -0.029 2.2 2.24 1.16 21.5 12.9 4.62 
0 -0.000569 -0.000148 -3.28e-05 -0.071 -0.0293 -0.00925 0.975 1.16 0.692 9.45 6.05 2.22 
0 -0.233 -0.0604 -0.0132 5.06 4.19 1.75 26.9 21.5 9.45 297 157 52.6 
0 -0.081 -0.021 -0.00459 2.49 2.15 0.921 14.5 12.9 6.05 157 89.5 31.4 
0 -0.0215 -0.00558 -0.00123 0.761 0.678 0.295 4.89 4.62 2.22 52.6 31.4 11.6 
H matrix
-919 -0.224 -0.0638 -0.0157 25.2 18.1 4.13 53 50.2 9 532 285 74 
0.0065 -30.7 -9.44 -2.22 52.5 23.5 7.42 3.54 1.52 0.521 214 74.3 19.8 
0.00416 -9.43 -3.11 -0.758 13.5 6.06 1.92 0.904 0.389 0.135 55.4 19.2 5.12 
0.00145 -2.21 -0.758 -0.19 2.96 1.33 0.419 0.196 0.0846 0.03 12.2 4.21 1.12 
0.735 52.6 13.6 2.97 -3.98e+03 -2.54e+03 -978 480 206 65 -4.63e+03 -2.28e+03 -698 
0.742 23.5 6.08 1.33 -2.55e+03 -1.94e+03 -851 211 85.5 26.8 -3.84e+03 -1.97e+03 -620 
proportions significant
S0 1
S 0.08333333333
H0 1
enderiv 1
H 0.08333333333
energy derivative -0.2309886395 +/- 0.0001599105752
energy derivative -0.06799368473 +/- 4.924234261e-05
energy derivative -0.01710322737 +/- 1.895314631e-05
energy derivative 24.48975848 +/- 0.005852565846
