--------------------------------------------------------------------------
[[50346,1],0]: A high-performance Open MPI point-to-point messaging module
was unable to find any relevant network interfaces:

Module: OpenFabrics (openib)
  Host: golub052

Another transport will be used instead, although this may result in
lower performance.
--------------------------------------------------------------------------
0: output to qwalk_000.linear.o
13: cell volume 1430.02
13: elsu 6.48894
13: alpha 0.770542
7: cell volume 1430.02
7: elsu 6.48894
7: alpha 0.770542
8: cell volume 1430.02
8: elsu 6.48894
8: alpha 0.770542
9: cell volume 1430.02
9: elsu 6.48894
9: alpha 0.770542
10: cell volume 1430.02
10: elsu 6.48894
10: alpha 0.770542
11: cell volume 1430.02
11: elsu 6.48894
11: alpha 0.770542
12: cell volume 1430.02
12: elsu 6.48894
12: alpha 0.770542
cutoff 9.59706
 total centers 271
0: cell volume 1430.02
**Warning** atom 4 is out of the simulation cell.  Putting it inside.
**Warning** atom 5 is out of the simulation cell.  Putting it inside.
**Warning** atom 6 is out of the simulation cell.  Putting it inside.
**Warning** atom 8 is out of the simulation cell.  Putting it inside.
**Warning** atom 10 is out of the simulation cell.  Putting it inside.
**Warning** atom 12 is out of the simulation cell.  Putting it inside.
**Warning** atom 13 is out of the simulation cell.  Putting it inside.
0: elsu 6.48894
0: alpha 0.770542
14: cell volume 1430.02
14: elsu 6.48894
14: alpha 0.770542
15: cell volume 1430.02
15: elsu 6.48894
15: alpha 0.770542
1: cell volume 1430.02
1: elsu 6.48894
1: alpha 0.770542
2: cell volume 1430.02
2: elsu 6.48894
2: alpha 0.770542
3: cell volume 1430.02
3: elsu 6.48894
3: alpha 0.770542
4: cell volume 1430.02
4: elsu 6.48894
4: alpha 0.770542
5: cell volume 1430.02
5: elsu 6.48894
5: alpha 0.770542
6: cell volume 1430.02
6: elsu 6.48894
6: alpha 0.770542
Ewald sum using 2491 reciprocal points
0: real space ion-ion 0.0258213
6: real space ion-ion 0.0258213
11: real space ion-ion 0.0258213
0: reciprocal space ion 377.807
6: reciprocal space ion 377.807
11: reciprocal space ion 377.807
10: real space ion-ion 0.0258213
2: real space ion-ion 0.0258213
4: real space ion-ion 0.0258213
8: real space ion-ion 0.0258213
9: real space ion-ion 0.0258213
10: reciprocal space ion 377.807
2: reciprocal space ion 377.807
12: real space ion-ion 0.0258213
3: real space ion-ion 0.0258213
4: reciprocal space ion 377.807
8: reciprocal space ion 377.807
9: reciprocal space ion 377.807
12: reciprocal space ion 377.807
3: reciprocal space ion 377.807
5: real space ion-ion 0.0258213
1: real space ion-ion 0.0258213
1: reciprocal space ion 377.807
5: reciprocal space ion 377.807
14: real space ion-ion 0.0258213
14: reciprocal space ion 377.807
13: real space ion-ion 0.0258213
13: reciprocal space ion 377.807
15: real space ion-ion 0.0258213
15: reciprocal space ion 377.807
7: real space ion-ion 0.0258213
7: reciprocal space ion 377.807
Could not open qwalk_000.linear.config. Generating configurations from scratch
[golub052:51089] 15 more processes have sent help message help-mpi-btl-base.txt / btl:no-nics
[golub052:51089] Set MCA parameter "orte_base_help_aggregate" to 0 to see all help / error messages
13: Timestep is 0.41125
1: Timestep is 0.41125
8: Timestep is 0.41125
9: Timestep is 0.41125
10: Timestep is 0.41125
3: Timestep is 0.41125
14: Timestep is 0.41125
15: Timestep is 0.41125
12: Timestep is 0.41125
4: Timestep is 0.41125
11: Timestep is 0.41125
7: Timestep is 0.41125
2: Timestep is 0.41125
6: Timestep is 0.41125
5: Timestep is 0.41125
0: Timestep is 0.41125
1: Write took 0 seconds
1: Write took 0 seconds
1: Write took 0 seconds
1: Write took 0 seconds
1: Write took 0 seconds
1: Write took 0 seconds
1: Write took 0 seconds
1: Write took 0 seconds
1: Write took 0 seconds
1: Write took 0 seconds
1: Write took 0 seconds
1: Write took 0 seconds
1: Write took 0 seconds
1: Write took 0 seconds
1: Write took 0 seconds
1: Write took 0 seconds
1: Write took 0 seconds
1: Write took 0 seconds
1: Write took 0 seconds
1: Write took 0 seconds
S matrix
1 0 0 0 0 0 0 0 0 0 0 0 0 
0 0.0319 0.00981 0.0023 -0.0605 -0.0279 -0.00892 -0.00366 -0.00177 -0.000588 -0.234 -0.0834 -0.0226 
0 0.00981 0.00323 0.000787 -0.0156 -0.00718 -0.0023 -0.00094 -0.000448 -0.000146 -0.0608 -0.0216 -0.00582 
0 0.0023 0.000787 0.000197 -0.00342 -0.00158 -0.000505 -0.000204 -9.64e-05 -3.19e-05 -0.0133 -0.00472 -0.00127 
0 -0.0605 -0.0156 -0.00342 4.9 3.1 1.18 -0.679 -0.311 -0.103 4.35 2.19 0.667 
0 -0.0279 -0.00718 -0.00158 3.1 2.29 0.984 -0.303 -0.129 -0.042 3.96 2.06 0.648 
0 -0.00892 -0.0023 -0.000505 1.18 0.984 0.481 -0.0954 -0.0394 -0.0128 1.68 0.895 0.286 
0 -0.00366 -0.00094 -0.000204 -0.679 -0.303 -0.0954 3.3 2.66 1.17 32.1 17.3 5.84 
0 -0.00177 -0.000448 -9.64e-05 -0.311 -0.129 -0.0394 2.66 2.62 1.33 25.8 15.3 5.41 
0 -0.000588 -0.000146 -3.19e-05 -0.103 -0.042 -0.0128 1.17 1.33 0.764 11.3 7.07 2.57 
0 -0.234 -0.0608 -0.0133 4.35 3.96 1.68 32.1 25.8 11.3 349 185 62 
0 -0.0834 -0.0216 -0.00472 2.19 2.06 0.895 17.3 15.3 7.07 185 105 36.5 
0 -0.0226 -0.00582 -0.00127 0.667 0.648 0.286 5.84 5.41 2.57 62 36.5 13.3 
H matrix
-917 -0.214 -0.0605 -0.0148 24.2 17 3.8 52.6 49.4 8.72 524 279 71.9 
0.0108 -29.2 -8.99 -2.11 55.4 25.5 8.16 3.35 1.62 0.538 214 76.3 20.7 
0.00523 -8.98 -2.96 -0.721 14.3 6.57 2.1 0.861 0.409 0.134 55.6 19.7 5.32 
0.00167 -2.11 -0.721 -0.18 3.13 1.44 0.462 0.187 0.0882 0.0292 12.2 4.32 1.16 
-0.243 55.5 14.3 3.14 -4.48e+03 -2.83e+03 -1.08e+03 621 284 94.4 -3.97e+03 -2e+03 -610 
-0.116 25.6 6.59 1.45 -2.84e+03 -2.09e+03 -898 277 118 38.3 -3.61e+03 -1.88e+03 -592 
-0.0521 8.18 2.11 0.463 -1.08e+03 -897 -437 87.3 36 11.6 -1.54e+03 -816 -261 
-1.06 3.36 0.863 0.188 621 277 87.2 -3.02e+03 -2.42e+03 -1.07e+03 -2.93e+04 -1.58e+04 -5.32e+03 
-1.4 1.63 0.411 0.0885 284 118 36 -2.43e+03 -2.38e+03 -1.21e+03 -2.35e+04 -1.39e+04 -4.92e+03 
-0.584 0.539 0.134 0.0293 94.5 38.3 11.7 -1.07e+03 -1.21e+03 -694 -1.03e+04 -6.43e+03 -2.34e+03 
3.7 215 55.8 12.2 -3.98e+03 -3.61e+03 -1.54e+03 -2.94e+04 -2.35e+04 -1.03e+04 -3.18e+05 -1.69e+05 -5.65e+04 
2.86 76.5 19.8 4.33 -2e+03 -1.88e+03 -817 -1.58e+04 -1.39e+04 -6.44e+03 -1.69e+05 -9.53e+04 -3.32e+04 
1.25 20.7 5.34 1.17 -610 -591 -261 -5.33e+03 -4.92e+03 -2.34e+03 -5.65e+04 -3.32e+04 -1.21e+04 
i 1 28.33107593 prop_psi0 0.9970275605
i 2 28.33107593 prop_psi0 0.9970275605
i 3 28.33107593 prop_psi0 0.9970275605
i 4 28.33107593 prop_psi0 0.9970275605
alphas
-0.000322 -0.000187 -6.32e-05 -0.00113 -0.00317 -0.00132 0.0758 0.0938 0.0475 0.0442 -0.0666 -0.0787 
-0.000725 -0.000376 -0.000123 0.00956 0.00258 0.000987 0.123 0.148 0.0665 0.0429 -0.0804 -0.0815 
-0.000725 -0.000376 -0.000123 0.00956 0.00258 0.000987 0.123 0.148 0.0665 0.0429 -0.0804 -0.0815 
-0.000725 -0.000376 -0.000123 0.00956 0.00258 0.000987 0.123 0.148 0.0665 0.0429 -0.0804 -0.0815 
-0.000725 -0.000376 -0.000123 0.00956 0.00258 0.000987 0.123 0.148 0.0665 0.0429 -0.0804 -0.0815 
S matrix
1 0 0 0 0 0 0 0 0 0 0 0 0 
0 0.0319 0.00981 0.0023 -0.0605 -0.0279 -0.00892 -0.00366 -0.00177 -0.000588 -0.234 -0.0834 -0.0226 
0 0.00981 0.00323 0.000787 -0.0156 -0.00718 -0.0023 -0.00094 -0.000448 -0.000146 -0.0608 -0.0216 -0.00582 
0 0.0023 0.000787 0.000197 -0.00342 -0.00158 -0.000505 -0.000204 -9.64e-05 -3.19e-05 -0.0133 -0.00472 -0.00127 
0 -0.0605 -0.0156 -0.00342 4.9 3.1 1.18 -0.679 -0.311 -0.103 4.35 2.19 0.667 
0 -0.0279 -0.00718 -0.00158 3.1 2.29 0.984 -0.303 -0.129 -0.042 3.96 2.06 0.648 
0 -0.00892 -0.0023 -0.000505 1.18 0.984 0.481 -0.0954 -0.0394 -0.0128 1.68 0.895 0.286 
0 -0.00366 -0.00094 -0.000204 -0.679 -0.303 -0.0954 3.3 2.66 1.17 32.1 17.3 5.84 
0 -0.00177 -0.000448 -9.64e-05 -0.311 -0.129 -0.0394 2.66 2.62 1.33 25.8 15.3 5.41 
0 -0.000588 -0.000146 -3.19e-05 -0.103 -0.042 -0.0128 1.17 1.33 0.764 11.3 7.07 2.57 
0 -0.234 -0.0608 -0.0133 4.35 3.96 1.68 32.1 25.8 11.3 349 185 62 
0 -0.0834 -0.0216 -0.00472 2.19 2.06 0.895 17.3 15.3 7.07 185 105 36.5 
0 -0.0226 -0.00582 -0.00127 0.667 0.648 0.286 5.84 5.41 2.57 62 36.5 13.3 
H matrix
-917 -0.214 -0.0605 -0.0148 24.2 17 3.8 52.6 49.4 8.72 524 279 71.9 
0.0108 -29.2 -8.99 -2.11 55.4 25.5 8.16 3.35 1.62 0.538 214 76.3 20.7 
0.00523 -8.98 -2.96 -0.721 14.3 6.57 2.1 0.861 0.409 0.134 55.6 19.7 5.32 
0.00167 -2.11 -0.721 -0.18 3.13 1.44 0.462 0.187 0.0882 0.0292 12.2 4.32 1.16 
-0.243 55.5 14.3 3.14 -4.48e+03 -2.83e+03 -1.08e+03 621 284 94.4 -3.97e+03 -2e+03 -610 
-0.116 25.6 6.59 1.45 -2.84e+03 -2.09e+03 -898 277 118 38.3 -3.61e+03 -1.88e+03 -592 
-0.0521 8.18 2.11 0.463 -1.08e+03 -897 -437 87.3 36 11.6 -1.54e+03 -816 -261 
-1.06 3.36 0.863 0.188 621 277 87.2 -3.02e+03 -2.42e+03 -1.07e+03 -2.93e+04 -1.58e+04 -5.32e+03 
-1.4 1.63 0.411 0.0885 284 118 36 -2.43e+03 -2.38e+03 -1.21e+03 -2.35e+04 -1.39e+04 -4.92e+03 
-0.584 0.539 0.134 0.0293 94.5 38.3 11.7 -1.07e+03 -1.21e+03 -694 -1.03e+04 -6.43e+03 -2.34e+03 
3.7 215 55.8 12.2 -3.98e+03 -3.61e+03 -1.54e+03 -2.94e+04 -2.35e+04 -1.03e+04 -3.18e+05 -1.69e+05 -5.65e+04 
2.86 76.5 19.8 4.33 -2e+03 -1.88e+03 -817 -1.58e+04 -1.39e+04 -6.44e+03 -1.69e+05 -9.53e+04 -3.32e+04 
1.25 20.7 5.34 1.17 -610 -591 -261 -5.33e+03 -4.92e+03 -2.34e+03 -5.65e+04 -3.32e+04 -1.21e+04 
i 1 28.33107593 prop_psi0 0.9970275605
i 2 28.33107593 prop_psi0 0.9970275605
i 3 28.33107593 prop_psi0 0.9970275605
i 4 28.33107593 prop_psi0 0.9970275605
alphas
-0.000322 -0.000187 -6.32e-05 -0.00113 -0.00317 -0.00132 0.0758 0.0938 0.0475 0.0442 -0.0666 -0.0787 
-0.000725 -0.000376 -0.000123 0.00956 0.00258 0.000987 0.123 0.148 0.0665 0.0429 -0.0804 -0.0815 
-0.000725 -0.000376 -0.000123 0.00956 0.00258 0.000987 0.123 0.148 0.0665 0.0429 -0.0804 -0.0815 
-0.000725 -0.000376 -0.000123 0.00956 0.00258 0.000987 0.123 0.148 0.0665 0.0429 -0.0804 -0.0815 
-0.000725 -0.000376 -0.000123 0.00956 0.00258 0.000987 0.123 0.148 0.0665 0.0429 -0.0804 -0.0815 
proportions significant
S0 1
S 0.08333333333
H0 1
enderiv 1
H 0.08333333333
energy derivative -0.2245018245 +/- 0.000161390517
energy derivative -0.06572063839 +/- 5.546581026e-05
energy derivative -0.01649522031 +/- 2.012589641e-05
energy derivative 24.42823222 +/- 0.005672623264
energy derivative 17.13502899 +/- 0.007558461294
energy derivative 3.853618439 +/- 0.006555642375
energy derivative 53.65744177 +/- 0.006261246561
energy derivative 50.82182538 +/- 0.01899773233
energy derivative 9.303420992 +/- 0.01642072565
energy derivative 520.5217453 +/- 0.09652137238
energy derivative 276.2704976 +/- 0.08216313175
energy derivative 70.69035494 +/- 0.0629171107
S matrix
1 0 0 0 0 0 0 0 0 0 0 0 0 
0 0.0319 0.00981 0.0023 -0.0605 -0.0279 -0.00892 -0.00366 -0.00177 -0.000588 -0.234 -0.0834 -0.0226 
0 0.00981 0.00323 0.000787 -0.0156 -0.00718 -0.0023 -0.00094 -0.000448 -0.000146 -0.0608 -0.0216 -0.00582 
0 0.0023 0.000787 0.000197 -0.00342 -0.00158 -0.000505 -0.000204 -9.64e-05 -3.19e-05 -0.0133 -0.00472 -0.00127 
0 -0.0605 -0.0156 -0.00342 4.9 3.1 1.18 -0.679 -0.311 -0.103 4.35 2.19 0.667 
0 -0.0279 -0.00718 -0.00158 3.1 2.29 0.984 -0.303 -0.129 -0.042 3.96 2.06 0.648 
0 -0.00892 -0.0023 -0.000505 1.18 0.984 0.481 -0.0954 -0.0394 -0.0128 1.68 0.895 0.286 
0 -0.00366 -0.00094 -0.000204 -0.679 -0.303 -0.0954 3.3 2.66 1.17 32.1 17.3 5.84 
0 -0.00177 -0.000448 -9.64e-05 -0.311 -0.129 -0.0394 2.66 2.62 1.33 25.8 15.3 5.41 
0 -0.000588 -0.000146 -3.19e-05 -0.103 -0.042 -0.0128 1.17 1.33 0.764 11.3 7.07 2.57 
0 -0.234 -0.0608 -0.0133 4.35 3.96 1.68 32.1 25.8 11.3 349 185 62 
0 -0.0834 -0.0216 -0.00472 2.19 2.06 0.895 17.3 15.3 7.07 185 105 36.5 
0 -0.0226 -0.00582 -0.00127 0.667 0.648 0.286 5.84 5.41 2.57 62 36.5 13.3 
H matrix
-917 -0.214 -0.0605 -0.0148 24.2 17 3.8 52.6 49.4 8.72 524 279 71.9 
0.0108 -29.2 -8.99 -2.11 55.4 25.5 8.16 3.35 1.62 0.538 214 76.3 20.7 
0.00523 -8.98 -2.96 -0.721 14.3 6.57 2.1 0.861 0.409 0.134 55.6 19.7 5.32 
0.00167 -2.11 -0.721 -0.18 3.13 1.44 0.462 0.187 0.0882 0.0292 12.2 4.32 1.16 
-0.243 55.5 14.3 3.14 -4.48e+03 -2.83e+03 -1.08e+03 621 284 94.4 -3.97e+03 -2e+03 -610 
-0.116 25.6 6.59 1.45 -2.84e+03 -2.09e+03 -898 277 118 38.3 -3.61e+03 -1.88e+03 -592 
-0.0521 8.18 2.11 0.463 -1.08e+03 -897 -437 87.3 36 11.6 -1.54e+03 -816 -261 
-1.06 3.36 0.863 0.188 621 277 87.2 -3.02e+03 -2.42e+03 -1.07e+03 -2.93e+04 -1.58e+04 -5.32e+03 
-1.4 1.63 0.411 0.0885 284 118 36 -2.43e+03 -2.38e+03 -1.21e+03 -2.35e+04 -1.39e+04 -4.92e+03 
-0.584 0.539 0.134 0.0293 94.5 38.3 11.7 -1.07e+03 -1.21e+03 -694 -1.03e+04 -6.43e+03 -2.34e+03 
3.7 215 55.8 12.2 -3.98e+03 -3.61e+03 -1.54e+03 -2.94e+04 -2.35e+04 -1.03e+04 -3.18e+05 -1.69e+05 -5.65e+04 
2.86 76.5 19.8 4.33 -2e+03 -1.88e+03 -817 -1.58e+04 -1.39e+04 -6.44e+03 -1.69e+05 -9.53e+04 -3.32e+04 
1.25 20.7 5.34 1.17 -610 -591 -261 -5.33e+03 -4.92e+03 -2.34e+03 -5.65e+04 -3.32e+04 -1.21e+04 
S matrix
1 0 0 0 0 0 0 0 0 0 0 0 0 
0 0.0319 0.00981 0.0023 -0.0605 -0.0279 -0.00892 -0.00366 -0.00177 -0.000588 -0.234 -0.0834 -0.0226 
0 0.00981 0.00323 0.000787 -0.0156 -0.00718 -0.0023 -0.00094 -0.000448 -0.000146 -0.0608 -0.0216 -0.00582 
0 0.0023 0.000787 0.000197 -0.00342 -0.00158 -0.000505 -0.000204 -9.64e-05 -3.19e-05 -0.0133 -0.00472 -0.00127 
0 -0.0605 -0.0156 -0.00342 4.9 3.1 1.18 -0.679 -0.311 -0.103 4.35 2.19 0.667 
0 -0.0279 -0.00718 -0.00158 3.1 2.29 0.984 -0.303 -0.129 -0.042 3.96 2.06 0.648 
0 -0.00892 -0.0023 -0.000505 1.18 0.984 0.481 -0.0954 -0.0394 -0.0128 1.68 0.895 0.286 
0 -0.00366 -0.00094 -0.000204 -0.679 -0.303 -0.0954 3.3 2.66 1.17 32.1 17.3 5.84 
0 -0.00177 -0.000448 -9.64e-05 -0.311 -0.129 -0.0394 2.66 2.62 1.33 25.8 15.3 5.41 
0 -0.000588 -0.000146 -3.19e-05 -0.103 -0.042 -0.0128 1.17 1.33 0.764 11.3 7.07 2.57 
0 -0.234 -0.0608 -0.0133 4.35 3.96 1.68 32.1 25.8 11.3 349 185 62 
0 -0.0834 -0.0216 -0.00472 2.19 2.06 0.895 17.3 15.3 7.07 185 105 36.5 
0 -0.0226 -0.00582 -0.00127 0.667 0.648 0.286 5.84 5.41 2.57 62 36.5 13.3 
H matrix
-917 -0.214 -0.0605 -0.0148 24.2 17 3.8 52.6 49.4 8.72 524 279 71.9 
0.0108 -29.2 -8.99 -2.11 55.4 25.5 8.16 3.35 1.62 0.538 214 76.3 20.7 
0.00523 -8.98 -2.96 -0.721 14.3 6.57 2.1 0.861 0.409 0.134 55.6 19.7 5.32 
0.00167 -2.11 -0.721 -0.18 3.13 1.44 0.462 0.187 0.0882 0.0292 12.2 4.32 1.16 
-0.243 55.5 14.3 3.14 -4.48e+03 -2.83e+03 -1.08e+03 621 284 94.4 -3.97e+03 -2e+03 -610 
-0.116 25.6 6.59 1.45 -2.84e+03 -2.09e+03 -898 277 118 38.3 -3.61e+03 -1.88e+03 -592 
-0.0521 8.18 2.11 0.463 -1.08e+03 -897 -437 87.3 36 11.6 -1.54e+03 -816 -261 
-1.06 3.36 0.863 0.188 621 277 87.2 -3.02e+03 -2.42e+03 -1.07e+03 -2.93e+04 -1.58e+04 -5.32e+03 
-1.4 1.63 0.411 0.0885 284 118 36 -2.43e+03 -2.38e+03 -1.21e+03 -2.35e+04 -1.39e+04 -4.92e+03 
-0.584 0.539 0.134 0.0293 94.5 38.3 11.7 -1.07e+03 -1.21e+03 -694 -1.03e+04 -6.43e+03 -2.34e+03 
3.7 215 55.8 12.2 -3.98e+03 -3.61e+03 -1.54e+03 -2.94e+04 -2.35e+04 -1.03e+04 -3.18e+05 -1.69e+05 -5.65e+04 
2.86 76.5 19.8 4.33 -2e+03 -1.88e+03 -817 -1.58e+04 -1.39e+04 -6.44e+03 -1.69e+05 -9.53e+04 -3.32e+04 
1.25 20.7 5.34 1.17 -610 -591 -261 -5.33e+03 -4.92e+03 -2.34e+03 -5.65e+04 -3.32e+04 -1.21e+04 
i 1 28.33107593 prop_psi0 0.9970275605
i 2 28.33107593 prop_psi0 0.9970275605
i 3 28.33107593 prop_psi0 0.9970275605
i 4 28.33107593 prop_psi0 0.9970275605
alphas
-0.000322 -0.000187 -6.32e-05 -0.00113 -0.00317 -0.00132 0.0758 0.0938 0.0475 0.0442 -0.0666 -0.0787 
-0.000725 -0.000376 -0.000123 0.00956 0.00258 0.000987 0.123 0.148 0.0665 0.0429 -0.0804 -0.0815 
-0.000725 -0.000376 -0.000123 0.00956 0.00258 0.000987 0.123 0.148 0.0665 0.0429 -0.0804 -0.0815 
-0.000725 -0.000376 -0.000123 0.00956 0.00258 0.000987 0.123 0.148 0.0665 0.0429 -0.0804 -0.0815 
-0.000725 -0.000376 -0.000123 0.00956 0.00258 0.000987 0.123 0.148 0.0665 0.0429 -0.0804 -0.0815 
S matrix
1 0 0 0 0 0 0 0 0 0 0 0 0 
0 0.0319 0.00981 0.0023 -0.0605 -0.0279 -0.00892 -0.00366 -0.00177 -0.000588 -0.234 -0.0834 -0.0226 
0 0.00981 0.00323 0.000787 -0.0156 -0.00718 -0.0023 -0.00094 -0.000448 -0.000146 -0.0608 -0.0216 -0.00582 
0 0.0023 0.000787 0.000197 -0.00342 -0.00158 -0.000505 -0.000204 -9.64e-05 -3.19e-05 -0.0133 -0.00472 -0.00127 
0 -0.0605 -0.0156 -0.00342 4.9 3.1 1.18 -0.679 -0.311 -0.103 4.35 2.19 0.667 
0 -0.0279 -0.00718 -0.00158 3.1 2.29 0.984 -0.303 -0.129 -0.042 3.96 2.06 0.648 
0 -0.00892 -0.0023 -0.000505 1.18 0.984 0.481 -0.0954 -0.0394 -0.0128 1.68 0.895 0.286 
0 -0.00366 -0.00094 -0.000204 -0.679 -0.303 -0.0954 3.3 2.66 1.17 32.1 17.3 5.84 
0 -0.00177 -0.000448 -9.64e-05 -0.311 -0.129 -0.0394 2.66 2.62 1.33 25.8 15.3 5.41 
0 -0.000588 -0.000146 -3.19e-05 -0.103 -0.042 -0.0128 1.17 1.33 0.764 11.3 7.07 2.57 
0 -0.234 -0.0608 -0.0133 4.35 3.96 1.68 32.1 25.8 11.3 349 185 62 
0 -0.0834 -0.0216 -0.00472 2.19 2.06 0.895 17.3 15.3 7.07 185 105 36.5 
0 -0.0226 -0.00582 -0.00127 0.667 0.648 0.286 5.84 5.41 2.57 62 36.5 13.3 
H matrix
-917 -0.214 -0.0605 -0.0148 24.2 17 3.8 52.6 49.4 8.72 524 279 71.9 
0.0108 -29.2 -8.99 -2.11 55.4 25.5 8.16 3.35 1.62 0.538 214 76.3 20.7 
0.00523 -8.98 -2.96 -0.721 14.3 6.57 2.1 0.861 0.409 0.134 55.6 19.7 5.32 
0.00167 -2.11 -0.721 -0.18 3.13 1.44 0.462 0.187 0.0882 0.0292 12.2 4.32 1.16 
-0.243 55.5 14.3 3.14 -4.48e+03 -2.83e+03 -1.08e+03 621 284 94.4 -3.97e+03 -2e+03 -610 
-0.116 25.6 6.59 1.45 -2.84e+03 -2.09e+03 -898 277 118 38.3 -3.61e+03 -1.88e+03 -592 
-0.0521 8.18 2.11 0.463 -1.08e+03 -897 -437 87.3 36 11.6 -1.54e+03 -816 -261 
-1.06 3.36 0.863 0.188 621 277 87.2 -3.02e+03 -2.42e+03 -1.07e+03 -2.93e+04 -1.58e+04 -5.32e+03 
-1.4 1.63 0.411 0.0885 284 118 36 -2.43e+03 -2.38e+03 -1.21e+03 -2.35e+04 -1.39e+04 -4.92e+03 
-0.584 0.539 0.134 0.0293 94.5 38.3 11.7 -1.07e+03 -1.21e+03 -694 -1.03e+04 -6.43e+03 -2.34e+03 
3.7 215 55.8 12.2 -3.98e+03 -3.61e+03 -1.54e+03 -2.94e+04 -2.35e+04 -1.03e+04 -3.18e+05 -1.69e+05 -5.65e+04 
2.86 76.5 19.8 4.33 -2e+03 -1.88e+03 -817 -1.58e+04 -1.39e+04 -6.44e+03 -1.69e+05 -9.53e+04 -3.32e+04 
1.25 20.7 5.34 1.17 -610 -591 -261 -5.33e+03 -4.92e+03 -2.34e+03 -5.65e+04 -3.32e+04 -1.21e+04 
i 1 28.33107593 prop_psi0 0.9970275605
i 2 28.33107593 prop_psi0 0.9970275605
i 3 28.33107593 prop_psi0 0.9970275605
i 4 28.33107593 prop_psi0 0.9970275605
alphas
-0.000322 -0.000187 -6.32e-05 -0.00113 -0.00317 -0.00132 0.0758 0.0938 0.0475 0.0442 -0.0666 -0.0787 
-0.000725 -0.000376 -0.000123 0.00956 0.00258 0.000987 0.123 0.148 0.0665 0.0429 -0.0804 -0.0815 
-0.000725 -0.000376 -0.000123 0.00956 0.00258 0.000987 0.123 0.148 0.0665 0.0429 -0.0804 -0.0815 
-0.000725 -0.000376 -0.000123 0.00956 0.00258 0.000987 0.123 0.148 0.0665 0.0429 -0.0804 -0.0815 
-0.000725 -0.000376 -0.000123 0.00956 0.00258 0.000987 0.123 0.148 0.0665 0.0429 -0.0804 -0.0815 
S matrix
1 0 0 0 0 0 0 0 0 0 0 0 0 
0 0.0319 0.00981 0.0023 -0.0605 -0.0279 -0.00892 -0.00366 -0.00177 -0.000588 -0.234 -0.0834 -0.0226 
0 0.00981 0.00323 0.000787 -0.0156 -0.00718 -0.0023 -0.00094 -0.000448 -0.000146 -0.0608 -0.0216 -0.00582 
0 0.0023 0.000787 0.000197 -0.00342 -0.00158 -0.000505 -0.000204 -9.64e-05 -3.19e-05 -0.0133 -0.00472 -0.00127 
0 -0.0605 -0.0156 -0.00342 4.9 3.1 1.18 -0.679 -0.311 -0.103 4.35 2.19 0.667 
0 -0.0279 -0.00718 -0.00158 3.1 2.29 0.984 -0.303 -0.129 -0.042 3.96 2.06 0.648 
0 -0.00892 -0.0023 -0.000505 1.18 0.984 0.481 -0.0954 -0.0394 -0.0128 1.68 0.895 0.286 
0 -0.00366 -0.00094 -0.000204 -0.679 -0.303 -0.0954 3.3 2.66 1.17 32.1 17.3 5.84 
0 -0.00177 -0.000448 -9.64e-05 -0.311 -0.129 -0.0394 2.66 2.62 1.33 25.8 15.3 5.41 
0 -0.000588 -0.000146 -3.19e-05 -0.103 -0.042 -0.0128 1.17 1.33 0.764 11.3 7.07 2.57 
0 -0.234 -0.0608 -0.0133 4.35 3.96 1.68 32.1 25.8 11.3 349 185 62 
0 -0.0834 -0.0216 -0.00472 2.19 2.06 0.895 17.3 15.3 7.07 185 105 36.5 
0 -0.0226 -0.00582 -0.00127 0.667 0.648 0.286 5.84 5.41 2.57 62 36.5 13.3 
H matrix
-917 -0.214 -0.0605 -0.0148 24.2 17 3.8 52.6 49.4 8.72 524 279 71.9 
0.0108 -29.2 -8.99 -2.11 55.4 25.5 8.16 3.35 1.62 0.538 214 76.3 20.7 
0.00523 -8.98 -2.96 -0.721 14.3 6.57 2.1 0.861 0.409 0.134 55.6 19.7 5.32 
0.00167 -2.11 -0.721 -0.18 3.13 1.44 0.462 0.187 0.0882 0.0292 12.2 4.32 1.16 
-0.243 55.5 14.3 3.14 -4.48e+03 -2.83e+03 -1.08e+03 621 284 94.4 -3.97e+03 -2e+03 -610 
-0.116 25.6 6.59 1.45 -2.84e+03 -2.09e+03 -898 277 118 38.3 -3.61e+03 -1.88e+03 -592 
-0.0521 8.18 2.11 0.463 -1.08e+03 -897 -437 87.3 36 11.6 -1.54e+03 -816 -261 
-1.06 3.36 0.863 0.188 621 277 87.2 -3.02e+03 -2.42e+03 -1.07e+03 -2.93e+04 -1.58e+04 -5.32e+03 
-1.4 1.63 0.411 0.0885 284 118 36 -2.43e+03 -2.38e+03 -1.21e+03 -2.35e+04 -1.39e+04 -4.92e+03 
-0.584 0.539 0.134 0.0293 94.5 38.3 11.7 -1.07e+03 -1.21e+03 -694 -1.03e+04 -6.43e+03 -2.34e+03 
3.7 215 55.8 12.2 -3.98e+03 -3.61e+03 -1.54e+03 -2.94e+04 -2.35e+04 -1.03e+04 -3.18e+05 -1.69e+05 -5.65e+04 
2.86 76.5 19.8 4.33 -2e+03 -1.88e+03 -817 -1.58e+04 -1.39e+04 -6.44e+03 -1.69e+05 -9.53e+04 -3.32e+04 
1.25 20.7 5.34 1.17 -610 -591 -261 -5.33e+03 -4.92e+03 -2.34e+03 -5.65e+04 -3.32e+04 -1.21e+04 
i 1 28.33107593 prop_psi0 0.9970275605
i 2 28.33107593 prop_psi0 0.9970275605
i 3 28.33107593 prop_psi0 0.9970275605
i 4 28.33107593 prop_psi0 0.9970275605
alphas
-0.000322 -0.000187 -6.32e-05 -0.00113 -0.00317 -0.00132 0.0758 0.0938 0.0475 0.0442 -0.0666 -0.0787 
-0.000725 -0.000376 -0.000123 0.00956 0.00258 0.000987 0.123 0.148 0.0665 0.0429 -0.0804 -0.0815 
-0.000725 -0.000376 -0.000123 0.00956 0.00258 0.000987 0.123 0.148 0.0665 0.0429 -0.0804 -0.0815 
-0.000725 -0.000376 -0.000123 0.00956 0.00258 0.000987 0.123 0.148 0.0665 0.0429 -0.0804 -0.0815 
-0.000725 -0.000376 -0.000123 0.00956 0.00258 0.000987 0.123 0.148 0.0665 0.0429 -0.0804 -0.0815 
S matrix
1 0 0 0 0 0 0 0 0 0 0 0 0 
0 0.0319 0.00981 0.0023 -0.0605 -0.0279 -0.00892 -0.00366 -0.00177 -0.000588 -0.234 -0.0834 -0.0226 
0 0.00981 0.00323 0.000787 -0.0156 -0.00718 -0.0023 -0.00094 -0.000448 -0.000146 -0.0608 -0.0216 -0.00582 
0 0.0023 0.000787 0.000197 -0.00342 -0.00158 -0.000505 -0.000204 -9.64e-05 -3.19e-05 -0.0133 -0.00472 -0.00127 
0 -0.0605 -0.0156 -0.00342 4.9 3.1 1.18 -0.679 -0.311 -0.103 4.35 2.19 0.667 
0 -0.0279 -0.00718 -0.00158 3.1 2.29 0.984 -0.303 -0.129 -0.042 3.96 2.06 0.648 
0 -0.00892 -0.0023 -0.000505 1.18 0.984 0.481 -0.0954 -0.0394 -0.0128 1.68 0.895 0.286 
0 -0.00366 -0.00094 -0.000204 -0.679 -0.303 -0.0954 3.3 2.66 1.17 32.1 17.3 5.84 
0 -0.00177 -0.000448 -9.64e-05 -0.311 -0.129 -0.0394 2.66 2.62 1.33 25.8 15.3 5.41 
0 -0.000588 -0.000146 -3.19e-05 -0.103 -0.042 -0.0128 1.17 1.33 0.764 11.3 7.07 2.57 
0 -0.234 -0.0608 -0.0133 4.35 3.96 1.68 32.1 25.8 11.3 349 185 62 
0 -0.0834 -0.0216 -0.00472 2.19 2.06 0.895 17.3 15.3 7.07 185 105 36.5 
0 -0.0226 -0.00582 -0.00127 0.667 0.648 0.286 5.84 5.41 2.57 62 36.5 13.3 
H matrix
-917 -0.214 -0.0605 -0.0148 24.2 17 3.8 52.6 49.4 8.72 524 279 71.9 
0.0108 -29.2 -8.99 -2.11 55.4 25.5 8.16 3.35 1.62 0.538 214 76.3 20.7 
0.00523 -8.98 -2.96 -0.721 14.3 6.57 2.1 0.861 0.409 0.134 55.6 19.7 5.32 
0.00167 -2.11 -0.721 -0.18 3.13 1.44 0.462 0.187 0.0882 0.0292 12.2 4.32 1.16 
-0.243 55.5 14.3 3.14 -4.48e+03 -2.83e+03 -1.08e+03 621 284 94.4 -3.97e+03 -2e+03 -610 
-0.116 25.6 6.59 1.45 -2.84e+03 -2.09e+03 -898 277 118 38.3 -3.61e+03 -1.88e+03 -592 
-0.0521 8.18 2.11 0.463 -1.08e+03 -897 -437 87.3 36 11.6 -1.54e+03 -816 -261 
-1.06 3.36 0.863 0.188 621 277 87.2 -3.02e+03 -2.42e+03 -1.07e+03 -2.93e+04 -1.58e+04 -5.32e+03 
-1.4 1.63 0.411 0.0885 284 118 36 -2.43e+03 -2.38e+03 -1.21e+03 -2.35e+04 -1.39e+04 -4.92e+03 
-0.584 0.539 0.134 0.0293 94.5 38.3 11.7 -1.07e+03 -1.21e+03 -694 -1.03e+04 -6.43e+03 -2.34e+03 
3.7 215 55.8 12.2 -3.98e+03 -3.61e+03 -1.54e+03 -2.94e+04 -2.35e+04 -1.03e+04 -3.18e+05 -1.69e+05 -5.65e+04 
2.86 76.5 19.8 4.33 -2e+03 -1.88e+03 -817 -1.58e+04 -1.39e+04 -6.44e+03 -1.69e+05 -9.53e+04 -3.32e+04 
1.25 20.7 5.34 1.17 -610 -591 -261 -5.33e+03 -4.92e+03 -2.34e+03 -5.65e+04 -3.32e+04 -1.21e+04 
i 1 28.33107593 prop_psi0 0.9970275605
i 2 28.33107593 prop_psi0 0.9970275605
i 3 28.33107593 prop_psi0 0.9970275605
i 4 28.33107593 prop_psi0 0.9970275605
alphas
-0.000322 -0.000187 -6.32e-05 -0.00113 -0.00317 -0.00132 0.0758 0.0938 0.0475 0.0442 -0.0666 -0.0787 
-0.000725 -0.000376 -0.000123 0.00956 0.00258 0.000987 0.123 0.148 0.0665 0.0429 -0.0804 -0.0815 
-0.000725 -0.000376 -0.000123 0.00956 0.00258 0.000987 0.123 0.148 0.0665 0.0429 -0.0804 -0.0815 
-0.000725 -0.000376 -0.000123 0.00956 0.00258 0.000987 0.123 0.148 0.0665 0.0429 -0.0804 -0.0815 
-0.000725 -0.000376 -0.000123 0.00956 0.00258 0.000987 0.123 0.148 0.0665 0.0429 -0.0804 -0.0815 
S matrix
1 0 0 0 0 0 0 0 0 0 0 0 0 
0 0.0319 0.00981 0.0023 -0.0605 -0.0279 -0.00892 -0.00366 -0.00177 -0.000588 -0.234 -0.0834 -0.0226 
0 0.00981 0.00323 0.000787 -0.0156 -0.00718 -0.0023 -0.00094 -0.000448 -0.000146 -0.0608 -0.0216 -0.00582 
0 0.0023 0.000787 0.000197 -0.00342 -0.00158 -0.000505 -0.000204 -9.64e-05 -3.19e-05 -0.0133 -0.00472 -0.00127 
0 -0.0605 -0.0156 -0.00342 4.9 3.1 1.18 -0.679 -0.311 -0.103 4.35 2.19 0.667 
0 -0.0279 -0.00718 -0.00158 3.1 2.29 0.984 -0.303 -0.129 -0.042 3.96 2.06 0.648 
0 -0.00892 -0.0023 -0.000505 1.18 0.984 0.481 -0.0954 -0.0394 -0.0128 1.68 0.895 0.286 
0 -0.00366 -0.00094 -0.000204 -0.679 -0.303 -0.0954 3.3 2.66 1.17 32.1 17.3 5.84 
0 -0.00177 -0.000448 -9.64e-05 -0.311 -0.129 -0.0394 2.66 2.62 1.33 25.8 15.3 5.41 
0 -0.000588 -0.000146 -3.19e-05 -0.103 -0.042 -0.0128 1.17 1.33 0.764 11.3 7.07 2.57 
0 -0.234 -0.0608 -0.0133 4.35 3.96 1.68 32.1 25.8 11.3 349 185 62 
0 -0.0834 -0.0216 -0.00472 2.19 2.06 0.895 17.3 15.3 7.07 185 105 36.5 
0 -0.0226 -0.00582 -0.00127 0.667 0.648 0.286 5.84 5.41 2.57 62 36.5 13.3 
H matrix
-917 -0.214 -0.0605 -0.0148 24.2 17 3.8 52.6 49.4 8.72 524 279 71.9 
0.0108 -29.2 -8.99 -2.11 55.4 25.5 8.16 3.35 1.62 0.538 214 76.3 20.7 
0.00523 -8.98 -2.96 -0.721 14.3 6.57 2.1 0.861 0.409 0.134 55.6 19.7 5.32 
0.00167 -2.11 -0.721 -0.18 3.13 1.44 0.462 0.187 0.0882 0.0292 12.2 4.32 1.16 
-0.243 55.5 14.3 3.14 -4.48e+03 -2.83e+03 -1.08e+03 621 284 94.4 -3.97e+03 -2e+03 -610 
-0.116 25.6 6.59 1.45 -2.84e+03 -2.09e+03 -898 277 118 38.3 -3.61e+03 -1.88e+03 -592 
-0.0521 8.18 2.11 0.463 -1.08e+03 -897 -437 87.3 36 11.6 -1.54e+03 -816 -261 
-1.06 3.36 0.863 0.188 621 277 87.2 -3.02e+03 -2.42e+03 -1.07e+03 -2.93e+04 -1.58e+04 -5.32e+03 
-1.4 1.63 0.411 0.0885 284 118 36 -2.43e+03 -2.38e+03 -1.21e+03 -2.35e+04 -1.39e+04 -4.92e+03 
-0.584 0.539 0.134 0.0293 94.5 38.3 11.7 -1.07e+03 -1.21e+03 -694 -1.03e+04 -6.43e+03 -2.34e+03 
3.7 215 55.8 12.2 -3.98e+03 -3.61e+03 -1.54e+03 -2.94e+04 -2.35e+04 -1.03e+04 -3.18e+05 -1.69e+05 -5.65e+04 
2.86 76.5 19.8 4.33 -2e+03 -1.88e+03 -817 -1.58e+04 -1.39e+04 -6.44e+03 -1.69e+05 -9.53e+04 -3.32e+04 
1.25 20.7 5.34 1.17 -610 -591 -261 -5.33e+03 -4.92e+03 -2.34e+03 -5.65e+04 -3.32e+04 -1.21e+04 
i 1 28.33107593 prop_psi0 0.9970275605
i 2 28.33107593 prop_psi0 0.9970275605
i 3 28.33107593 prop_psi0 0.9970275605
i 4 28.33107593 prop_psi0 0.9970275605
alphas
-0.000322 -0.000187 -6.32e-05 -0.00113 -0.00317 -0.00132 0.0758 0.0938 0.0475 0.0442 -0.0666 -0.0787 
-0.000725 -0.000376 -0.000123 0.00956 0.00258 0.000987 0.123 0.148 0.0665 0.0429 -0.0804 -0.0815 
-0.000725 -0.000376 -0.000123 0.00956 0.00258 0.000987 0.123 0.148 0.0665 0.0429 -0.0804 -0.0815 
-0.000725 -0.000376 -0.000123 0.00956 0.00258 0.000987 0.123 0.148 0.0665 0.0429 -0.0804 -0.0815 
-0.000725 -0.000376 -0.000123 0.00956 0.00258 0.000987 0.123 0.148 0.0665 0.0429 -0.0804 -0.0815 
S matrix
1 0 0 0 0 0 0 0 0 0 0 0 0 
0 0.0319 0.00981 0.0023 -0.0605 -0.0279 -0.00892 -0.00366 -0.00177 -0.000588 -0.234 -0.0834 -0.0226 
0 0.00981 0.00323 0.000787 -0.0156 -0.00718 -0.0023 -0.00094 -0.000448 -0.000146 -0.0608 -0.0216 -0.00582 
0 0.0023 0.000787 0.000197 -0.00342 -0.00158 -0.000505 -0.000204 -9.64e-05 -3.19e-05 -0.0133 -0.00472 -0.00127 
0 -0.0605 -0.0156 -0.00342 4.9 3.1 1.18 -0.679 -0.311 -0.103 4.35 2.19 0.667 
0 -0.0279 -0.00718 -0.00158 3.1 2.29 0.984 -0.303 -0.129 -0.042 3.96 2.06 0.648 
0 -0.00892 -0.0023 -0.000505 1.18 0.984 0.481 -0.0954 -0.0394 -0.0128 1.68 0.895 0.286 
0 -0.00366 -0.00094 -0.000204 -0.679 -0.303 -0.0954 3.3 2.66 1.17 32.1 17.3 5.84 
0 -0.00177 -0.000448 -9.64e-05 -0.311 -0.129 -0.0394 2.66 2.62 1.33 25.8 15.3 5.41 
0 -0.000588 -0.000146 -3.19e-05 -0.103 -0.042 -0.0128 1.17 1.33 0.764 11.3 7.07 2.57 
0 -0.234 -0.0608 -0.0133 4.35 3.96 1.68 32.1 25.8 11.3 349 185 62 
0 -0.0834 -0.0216 -0.00472 2.19 2.06 0.895 17.3 15.3 7.07 185 105 36.5 
0 -0.0226 -0.00582 -0.00127 0.667 0.648 0.286 5.84 5.41 2.57 62 36.5 13.3 
H matrix
-917 -0.214 -0.0605 -0.0148 24.2 17 3.8 52.6 49.4 8.72 524 279 71.9 
0.0108 -29.2 -8.99 -2.11 55.4 25.5 8.16 3.35 1.62 0.538 214 76.3 20.7 
0.00523 -8.98 -2.96 -0.721 14.3 6.57 2.1 0.861 0.409 0.134 55.6 19.7 5.32 
0.00167 -2.11 -0.721 -0.18 3.13 1.44 0.462 0.187 0.0882 0.0292 12.2 4.32 1.16 
-0.243 55.5 14.3 3.14 -4.48e+03 -2.83e+03 -1.08e+03 621 284 94.4 -3.97e+03 -2e+03 -610 
-0.116 25.6 6.59 1.45 -2.84e+03 -2.09e+03 -898 277 118 38.3 -3.61e+03 -1.88e+03 -592 
-0.0521 8.18 2.11 0.463 -1.08e+03 -897 -437 87.3 36 11.6 -1.54e+03 -816 -261 
-1.06 3.36 0.863 0.188 621 277 87.2 -3.02e+03 -2.42e+03 -1.07e+03 -2.93e+04 -1.58e+04 -5.32e+03 
-1.4 1.63 0.411 0.0885 284 118 36 -2.43e+03 -2.38e+03 -1.21e+03 -2.35e+04 -1.39e+04 -4.92e+03 
-0.584 0.539 0.134 0.0293 94.5 38.3 11.7 -1.07e+03 -1.21e+03 -694 -1.03e+04 -6.43e+03 -2.34e+03 
3.7 215 55.8 12.2 -3.98e+03 -3.61e+03 -1.54e+03 -2.94e+04 -2.35e+04 -1.03e+04 -3.18e+05 -1.69e+05 -5.65e+04 
2.86 76.5 19.8 4.33 -2e+03 -1.88e+03 -817 -1.58e+04 -1.39e+04 -6.44e+03 -1.69e+05 -9.53e+04 -3.32e+04 
1.25 20.7 5.34 1.17 -610 -591 -261 -5.33e+03 -4.92e+03 -2.34e+03 -5.65e+04 -3.32e+04 -1.21e+04 
i 1 28.33107593 prop_psi0 0.9970275605
i 2 28.33107593 prop_psi0 0.9970275605
i 3 28.33107593 prop_psi0 0.9970275605
i 4 28.33107593 prop_psi0 0.9970275605
alphas
-0.000322 -0.000187 -6.32e-05 -0.00113 -0.00317 -0.00132 0.0758 0.0938 0.0475 0.0442 -0.0666 -0.0787 
-0.000725 -0.000376 -0.000123 0.00956 0.00258 0.000987 0.123 0.148 0.0665 0.0429 -0.0804 -0.0815 
-0.000725 -0.000376 -0.000123 0.00956 0.00258 0.000987 0.123 0.148 0.0665 0.0429 -0.0804 -0.0815 
-0.000725 -0.000376 -0.000123 0.00956 0.00258 0.000987 0.123 0.148 0.0665 0.0429 -0.0804 -0.0815 
-0.000725 -0.000376 -0.000123 0.00956 0.00258 0.000987 0.123 0.148 0.0665 0.0429 -0.0804 -0.0815 
S matrix
1 0 0 0 0 0 0 0 0 0 0 0 0 
0 0.0319 0.00981 0.0023 -0.0605 -0.0279 -0.00892 -0.00366 -0.00177 -0.000588 -0.234 -0.0834 -0.0226 
0 0.00981 0.00323 0.000787 -0.0156 -0.00718 -0.0023 -0.00094 -0.000448 -0.000146 -0.0608 -0.0216 -0.00582 
0 0.0023 0.000787 0.000197 -0.00342 -0.00158 -0.000505 -0.000204 -9.64e-05 -3.19e-05 -0.0133 -0.00472 -0.00127 
0 -0.0605 -0.0156 -0.00342 4.9 3.1 1.18 -0.679 -0.311 -0.103 4.35 2.19 0.667 
0 -0.0279 -0.00718 -0.00158 3.1 2.29 0.984 -0.303 -0.129 -0.042 3.96 2.06 0.648 
0 -0.00892 -0.0023 -0.000505 1.18 0.984 0.481 -0.0954 -0.0394 -0.0128 1.68 0.895 0.286 
0 -0.00366 -0.00094 -0.000204 -0.679 -0.303 -0.0954 3.3 2.66 1.17 32.1 17.3 5.84 
0 -0.00177 -0.000448 -9.64e-05 -0.311 -0.129 -0.0394 2.66 2.62 1.33 25.8 15.3 5.41 
0 -0.000588 -0.000146 -3.19e-05 -0.103 -0.042 -0.0128 1.17 1.33 0.764 11.3 7.07 2.57 
0 -0.234 -0.0608 -0.0133 4.35 3.96 1.68 32.1 25.8 11.3 349 185 62 
0 -0.0834 -0.0216 -0.00472 2.19 2.06 0.895 17.3 15.3 7.07 185 105 36.5 
0 -0.0226 -0.00582 -0.00127 0.667 0.648 0.286 5.84 5.41 2.57 62 36.5 13.3 
H matrix
-917 -0.214 -0.0605 -0.0148 24.2 17 3.8 52.6 49.4 8.72 524 279 71.9 
0.0108 -29.2 -8.99 -2.11 55.4 25.5 8.16 3.35 1.62 0.538 214 76.3 20.7 
0.00523 -8.98 -2.96 -0.721 14.3 6.57 2.1 0.861 0.409 0.134 55.6 19.7 5.32 
0.00167 -2.11 -0.721 -0.18 3.13 1.44 0.462 0.187 0.0882 0.0292 12.2 4.32 1.16 
-0.243 55.5 14.3 3.14 -4.48e+03 -2.83e+03 -1.08e+03 621 284 94.4 -3.97e+03 -2e+03 -610 
-0.116 25.6 6.59 1.45 -2.84e+03 -2.09e+03 -898 277 118 38.3 -3.61e+03 -1.88e+03 -592 
-0.0521 8.18 2.11 0.463 -1.08e+03 -897 -437 87.3 36 11.6 -1.54e+03 -816 -261 
-1.06 3.36 0.863 0.188 621 277 87.2 -3.02e+03 -2.42e+03 -1.07e+03 -2.93e+04 -1.58e+04 -5.32e+03 
-1.4 1.63 0.411 0.0885 284 118 36 -2.43e+03 -2.38e+03 -1.21e+03 -2.35e+04 -1.39e+04 -4.92e+03 
-0.584 0.539 0.134 0.0293 94.5 38.3 11.7 -1.07e+03 -1.21e+03 -694 -1.03e+04 -6.43e+03 -2.34e+03 
3.7 215 55.8 12.2 -3.98e+03 -3.61e+03 -1.54e+03 -2.94e+04 -2.35e+04 -1.03e+04 -3.18e+05 -1.69e+05 -5.65e+04 
2.86 76.5 19.8 4.33 -2e+03 -1.88e+03 -817 -1.58e+04 -1.39e+04 -6.44e+03 -1.69e+05 -9.53e+04 -3.32e+04 
1.25 20.7 5.34 1.17 -610 -591 -261 -5.33e+03 -4.92e+03 -2.34e+03 -5.65e+04 -3.32e+04 -1.21e+04 
i 1 28.33107593 prop_psi0 0.9970275605
i 2 28.33107593 prop_psi0 0.9970275605
i 3 28.33107593 prop_psi0 0.9970275605
i 4 28.33107593 prop_psi0 0.9970275605
alphas
-0.000322 -0.000187 -6.32e-05 -0.00113 -0.00317 -0.00132 0.0758 0.0938 0.0475 0.0442 -0.0666 -0.0787 
-0.000725 -0.000376 -0.000123 0.00956 0.00258 0.000987 0.123 0.148 0.0665 0.0429 -0.0804 -0.0815 
-0.000725 -0.000376 -0.000123 0.00956 0.00258 0.000987 0.123 0.148 0.0665 0.0429 -0.0804 -0.0815 
-0.000725 -0.000376 -0.000123 0.00956 0.00258 0.000987 0.123 0.148 0.0665 0.0429 -0.0804 -0.0815 
-0.000725 -0.000376 -0.000123 0.00956 0.00258 0.000987 0.123 0.148 0.0665 0.0429 -0.0804 -0.0815 
S matrix
1 0 0 0 0 0 0 0 0 0 0 0 0 
0 0.0319 0.00981 0.0023 -0.0605 -0.0279 -0.00892 -0.00366 -0.00177 -0.000588 -0.234 -0.0834 -0.0226 
0 0.00981 0.00323 0.000787 -0.0156 -0.00718 -0.0023 -0.00094 -0.000448 -0.000146 -0.0608 -0.0216 -0.00582 
0 0.0023 0.000787 0.000197 -0.00342 -0.00158 -0.000505 -0.000204 -9.64e-05 -3.19e-05 -0.0133 -0.00472 -0.00127 
0 -0.0605 -0.0156 -0.00342 4.9 3.1 1.18 -0.679 -0.311 -0.103 4.35 2.19 0.667 
0 -0.0279 -0.00718 -0.00158 3.1 2.29 0.984 -0.303 -0.129 -0.042 3.96 2.06 0.648 
0 -0.00892 -0.0023 -0.000505 1.18 0.984 0.481 -0.0954 -0.0394 -0.0128 1.68 0.895 0.286 
0 -0.00366 -0.00094 -0.000204 -0.679 -0.303 -0.0954 3.3 2.66 1.17 32.1 17.3 5.84 
0 -0.00177 -0.000448 -9.64e-05 -0.311 -0.129 -0.0394 2.66 2.62 1.33 25.8 15.3 5.41 
0 -0.000588 -0.000146 -3.19e-05 -0.103 -0.042 -0.0128 1.17 1.33 0.764 11.3 7.07 2.57 
0 -0.234 -0.0608 -0.0133 4.35 3.96 1.68 32.1 25.8 11.3 349 185 62 
0 -0.0834 -0.0216 -0.00472 2.19 2.06 0.895 17.3 15.3 7.07 185 105 36.5 
0 -0.0226 -0.00582 -0.00127 0.667 0.648 0.286 5.84 5.41 2.57 62 36.5 13.3 
H matrix
-917 -0.214 -0.0605 -0.0148 24.2 17 3.8 52.6 49.4 8.72 524 279 71.9 
0.0108 -29.2 -8.99 -2.11 55.4 25.5 8.16 3.35 1.62 0.538 214 76.3 20.7 
0.00523 -8.98 -2.96 -0.721 14.3 6.57 2.1 0.861 0.409 0.134 55.6 19.7 5.32 
0.00167 -2.11 -0.721 -0.18 3.13 1.44 0.462 0.187 0.0882 0.0292 12.2 4.32 1.16 
-0.243 55.5 14.3 3.14 -4.48e+03 -2.83e+03 -1.08e+03 621 284 94.4 -3.97e+03 -2e+03 -610 
-0.116 25.6 6.59 1.45 -2.84e+03 -2.09e+03 -898 277 118 38.3 -3.61e+03 -1.88e+03 -592 
-0.0521 8.18 2.11 0.463 -1.08e+03 -897 -437 87.3 36 11.6 -1.54e+03 -816 -261 
-1.06 3.36 0.863 0.188 621 277 87.2 -3.02e+03 -2.42e+03 -1.07e+03 -2.93e+04 -1.58e+04 -5.32e+03 
-1.4 1.63 0.411 0.0885 284 118 36 -2.43e+03 -2.38e+03 -1.21e+03 -2.35e+04 -1.39e+04 -4.92e+03 
-0.584 0.539 0.134 0.0293 94.5 38.3 11.7 -1.07e+03 -1.21e+03 -694 -1.03e+04 -6.43e+03 -2.34e+03 
3.7 215 55.8 12.2 -3.98e+03 -3.61e+03 -1.54e+03 -2.94e+04 -2.35e+04 -1.03e+04 -3.18e+05 -1.69e+05 -5.65e+04 
2.86 76.5 19.8 4.33 -2e+03 -1.88e+03 -817 -1.58e+04 -1.39e+04 -6.44e+03 -1.69e+05 -9.53e+04 -3.32e+04 
1.25 20.7 5.34 1.17 -610 -591 -261 -5.33e+03 -4.92e+03 -2.34e+03 -5.65e+04 -3.32e+04 -1.21e+04 
i 1 28.33107593 prop_psi0 0.9970275605
i 2 28.33107593 prop_psi0 0.9970275605
i 3 28.33107593 prop_psi0 0.9970275605
i 4 28.33107593 prop_psi0 0.9970275605
alphas
-0.000322 -0.000187 -6.32e-05 -0.00113 -0.00317 -0.00132 0.0758 0.0938 0.0475 0.0442 -0.0666 -0.0787 
-0.000725 -0.000376 -0.000123 0.00956 0.00258 0.000987 0.123 0.148 0.0665 0.0429 -0.0804 -0.0815 
-0.000725 -0.000376 -0.000123 0.00956 0.00258 0.000987 0.123 0.148 0.0665 0.0429 -0.0804 -0.0815 
-0.000725 -0.000376 -0.000123 0.00956 0.00258 0.000987 0.123 0.148 0.0665 0.0429 -0.0804 -0.0815 
-0.000725 -0.000376 -0.000123 0.00956 0.00258 0.000987 0.123 0.148 0.0665 0.0429 -0.0804 -0.0815 
S matrix
1 0 0 0 0 0 0 0 0 0 0 0 0 
0 0.0319 0.00981 0.0023 -0.0605 -0.0279 -0.00892 -0.00366 -0.00177 -0.000588 -0.234 -0.0834 -0.0226 
0 0.00981 0.00323 0.000787 -0.0156 -0.00718 -0.0023 -0.00094 -0.000448 -0.000146 -0.0608 -0.0216 -0.00582 
0 0.0023 0.000787 0.000197 -0.00342 -0.00158 -0.000505 -0.000204 -9.64e-05 -3.19e-05 -0.0133 -0.00472 -0.00127 
0 -0.0605 -0.0156 -0.00342 4.9 3.1 1.18 -0.679 -0.311 -0.103 4.35 2.19 0.667 
0 -0.0279 -0.00718 -0.00158 3.1 2.29 0.984 -0.303 -0.129 -0.042 3.96 2.06 0.648 
0 -0.00892 -0.0023 -0.000505 1.18 0.984 0.481 -0.0954 -0.0394 -0.0128 1.68 0.895 0.286 
0 -0.00366 -0.00094 -0.000204 -0.679 -0.303 -0.0954 3.3 2.66 1.17 32.1 17.3 5.84 
0 -0.00177 -0.000448 -9.64e-05 -0.311 -0.129 -0.0394 2.66 2.62 1.33 25.8 15.3 5.41 
0 -0.000588 -0.000146 -3.19e-05 -0.103 -0.042 -0.0128 1.17 1.33 0.764 11.3 7.07 2.57 
0 -0.234 -0.0608 -0.0133 4.35 3.96 1.68 32.1 25.8 11.3 349 185 62 
0 -0.0834 -0.0216 -0.00472 2.19 2.06 0.895 17.3 15.3 7.07 185 105 36.5 
0 -0.0226 -0.00582 -0.00127 0.667 0.648 0.286 5.84 5.41 2.57 62 36.5 13.3 
H matrix
-917 -0.214 -0.0605 -0.0148 24.2 17 3.8 52.6 49.4 8.72 524 279 71.9 
0.0108 -29.2 -8.99 -2.11 55.4 25.5 8.16 3.35 1.62 0.538 214 76.3 20.7 
0.00523 -8.98 -2.96 -0.721 14.3 6.57 2.1 0.861 0.409 0.134 55.6 19.7 5.32 
0.00167 -2.11 -0.721 -0.18 3.13 1.44 0.462 0.187 0.0882 0.0292 12.2 4.32 1.16 
-0.243 55.5 14.3 3.14 -4.48e+03 -2.83e+03 -1.08e+03 621 284 94.4 -3.97e+03 -2e+03 -610 
-0.116 25.6 6.59 1.45 -2.84e+03 -2.09e+03 -898 277 118 38.3 -3.61e+03 -1.88e+03 -592 
-0.0521 8.18 2.11 0.463 -1.08e+03 -897 -437 87.3 36 11.6 -1.54e+03 -816 -261 
-1.06 3.36 0.863 0.188 621 277 87.2 -3.02e+03 -2.42e+03 -1.07e+03 -2.93e+04 -1.58e+04 -5.32e+03 
-1.4 1.63 0.411 0.0885 284 118 36 -2.43e+03 -2.38e+03 -1.21e+03 -2.35e+04 -1.39e+04 -4.92e+03 
-0.584 0.539 0.134 0.0293 94.5 38.3 11.7 -1.07e+03 -1.21e+03 -694 -1.03e+04 -6.43e+03 -2.34e+03 
3.7 215 55.8 12.2 -3.98e+03 -3.61e+03 -1.54e+03 -2.94e+04 -2.35e+04 -1.03e+04 -3.18e+05 -1.69e+05 -5.65e+04 
2.86 76.5 19.8 4.33 -2e+03 -1.88e+03 -817 -1.58e+04 -1.39e+04 -6.44e+03 -1.69e+05 -9.53e+04 -3.32e+04 
1.25 20.7 5.34 1.17 -610 -591 -261 -5.33e+03 -4.92e+03 -2.34e+03 -5.65e+04 -3.32e+04 -1.21e+04 
i 1 28.33107593 prop_psi0 0.9970275605
i 2 28.33107593 prop_psi0 0.9970275605
i 3 28.33107593 prop_psi0 0.9970275605
i 4 28.33107593 prop_psi0 0.9970275605
alphas
-0.000322 -0.000187 -6.32e-05 -0.00113 -0.00317 -0.00132 0.0758 0.0938 0.0475 0.0442 -0.0666 -0.0787 
-0.000725 -0.000376 -0.000123 0.00956 0.00258 0.000987 0.123 0.148 0.0665 0.0429 -0.0804 -0.0815 
-0.000725 -0.000376 -0.000123 0.00956 0.00258 0.000987 0.123 0.148 0.0665 0.0429 -0.0804 -0.0815 
-0.000725 -0.000376 -0.000123 0.00956 0.00258 0.000987 0.123 0.148 0.0665 0.0429 -0.0804 -0.0815 
-0.000725 -0.000376 -0.000123 0.00956 0.00258 0.000987 0.123 0.148 0.0665 0.0429 -0.0804 -0.0815 
S matrix
1 0 0 0 0 0 0 0 0 0 0 0 0 
0 0.0319 0.00981 0.0023 -0.0605 -0.0279 -0.00892 -0.00366 -0.00177 -0.000588 -0.234 -0.0834 -0.0226 
0 0.00981 0.00323 0.000787 -0.0156 -0.00718 -0.0023 -0.00094 -0.000448 -0.000146 -0.0608 -0.0216 -0.00582 
0 0.0023 0.000787 0.000197 -0.00342 -0.00158 -0.000505 -0.000204 -9.64e-05 -3.19e-05 -0.0133 -0.00472 -0.00127 
0 -0.0605 -0.0156 -0.00342 4.9 3.1 1.18 -0.679 -0.311 -0.103 4.35 2.19 0.667 
0 -0.0279 -0.00718 -0.00158 3.1 2.29 0.984 -0.303 -0.129 -0.042 3.96 2.06 0.648 
0 -0.00892 -0.0023 -0.000505 1.18 0.984 0.481 -0.0954 -0.0394 -0.0128 1.68 0.895 0.286 
0 -0.00366 -0.00094 -0.000204 -0.679 -0.303 -0.0954 3.3 2.66 1.17 32.1 17.3 5.84 
0 -0.00177 -0.000448 -9.64e-05 -0.311 -0.129 -0.0394 2.66 2.62 1.33 25.8 15.3 5.41 
0 -0.000588 -0.000146 -3.19e-05 -0.103 -0.042 -0.0128 1.17 1.33 0.764 11.3 7.07 2.57 
0 -0.234 -0.0608 -0.0133 4.35 3.96 1.68 32.1 25.8 11.3 349 185 62 
0 -0.0834 -0.0216 -0.00472 2.19 2.06 0.895 17.3 15.3 7.07 185 105 36.5 
0 -0.0226 -0.00582 -0.00127 0.667 0.648 0.286 5.84 5.41 2.57 62 36.5 13.3 
H matrix
-917 -0.214 -0.0605 -0.0148 24.2 17 3.8 52.6 49.4 8.72 524 279 71.9 
0.0108 -29.2 -8.99 -2.11 55.4 25.5 8.16 3.35 1.62 0.538 214 76.3 20.7 
0.00523 -8.98 -2.96 -0.721 14.3 6.57 2.1 0.861 0.409 0.134 55.6 19.7 5.32 
