--------------------------------------------------------------------------
[[38379,1],0]: A high-performance Open MPI point-to-point messaging module
was unable to find any relevant network interfaces:

Module: OpenFabrics (openib)
  Host: golub052

Another transport will be used instead, although this may result in
lower performance.
--------------------------------------------------------------------------
0: output to qwalk_000.linear.o
7: cell volume 1430.02
7: elsu 6.48894
7: alpha 0.770542
8: cell volume 1430.02
8: elsu 6.48894
8: alpha 0.770542
cutoff 9.59706
 total centers 271
0: cell volume 1430.02
**Warning** atom 4 is out of the simulation cell.  Putting it inside.
**Warning** atom 5 is out of the simulation cell.  Putting it inside.
**Warning** atom 6 is out of the simulation cell.  Putting it inside.
**Warning** atom 8 is out of the simulation cell.  Putting it inside.
**Warning** atom 10 is out of the simulation cell.  Putting it inside.
**Warning** atom 12 is out of the simulation cell.  Putting it inside.
**Warning** atom 13 is out of the simulation cell.  Putting it inside.
0: elsu 6.48894
0: alpha 0.770542
4: cell volume 1430.02
4: elsu 6.48894
4: alpha 0.770542
12: cell volume 1430.02
12: elsu 6.48894
12: alpha 0.770542
9: cell volume 1430.02
9: elsu 6.48894
9: alpha 0.770542
10: cell volume 1430.02
10: elsu 6.48894
10: alpha 0.770542
13: cell volume 1430.02
13: elsu 6.48894
13: alpha 0.770542
14: cell volume 1430.02
14: elsu 6.48894
14: alpha 0.770542
15: cell volume 1430.02
15: elsu 6.48894
15: alpha 0.770542
1: cell volume 1430.02
1: elsu 6.48894
1: alpha 0.770542
3: cell volume 1430.02
3: elsu 6.48894
3: alpha 0.770542
2: cell volume 1430.02
2: elsu 6.48894
2: alpha 0.770542
6: cell volume 1430.02
6: elsu 6.48894
6: alpha 0.770542
11: cell volume 1430.02
11: elsu 6.48894
11: alpha 0.770542
5: cell volume 1430.02
5: elsu 6.48894
5: alpha 0.770542
Ewald sum using 2491 reciprocal points
0: real space ion-ion 0.0258213
8: real space ion-ion 0.0258213
9: real space ion-ion 0.0258213
15: real space ion-ion 0.0258213
14: real space ion-ion 0.0258213
15: reciprocal space ion 377.807
9: reciprocal space ion 377.807
0: reciprocal space ion 377.807
8: reciprocal space ion 377.807
1: real space ion-ion 0.0258213
7: real space ion-ion 0.0258213
14: reciprocal space ion 377.807
12: real space ion-ion 0.0258213
7: reciprocal space ion 377.807
1: reciprocal space ion 377.807
6: real space ion-ion 0.0258213
4: real space ion-ion 0.0258213
12: reciprocal space ion 377.807
6: reciprocal space ion 377.807
4: reciprocal space ion 377.807
3: real space ion-ion 0.0258213
3: reciprocal space ion 377.807
13: real space ion-ion 0.0258213
13: reciprocal space ion 377.807
2: real space ion-ion 0.0258213
10: real space ion-ion 0.0258213
2: reciprocal space ion 377.807
10: reciprocal space ion 377.807
11: real space ion-ion 0.0258213
11: reciprocal space ion 377.807
5: real space ion-ion 0.0258213
5: reciprocal space ion 377.807
Could not open qwalk_000.linear.config. Generating configurations from scratch
[golub052:38608] 15 more processes have sent help message help-mpi-btl-base.txt / btl:no-nics
[golub052:38608] Set MCA parameter "orte_base_help_aggregate" to 0 to see all help / error messages
9: Timestep is 0.41875
7: Timestep is 0.41875
14: Timestep is 0.41875
5: Timestep is 0.41875
1: Timestep is 0.41875
12: Timestep is 0.41875
2: Timestep is 0.41875
3: Timestep is 0.41875
6: Timestep is 0.41875
0: Timestep is 0.41875
15: Timestep is 0.41875
4: Timestep is 0.41875
8: Timestep is 0.41875
11: Timestep is 0.41875
10: Timestep is 0.41875
13: Timestep is 0.41875
1: Write took 0 seconds
1: Write took 0 seconds
1: Write took 0 seconds
1: Write took 0 seconds
1: Write took 0 seconds
1: Write took 0 seconds
1: Write took 0 seconds
1: Write took 0 seconds
1: Write took 0 seconds
1: Write took 0 seconds
1: Write took 0 seconds
1: Write took 0 seconds
1: Write took 0 seconds
1: Write took 0 seconds
1: Write took 0 seconds
1: Write took 0 seconds
1: Write took 0 seconds
1: Write took 0 seconds
1: Write took 0 seconds
1: Write took 0 seconds
S matrix
1 0 0 0 0 0 0 0 0 0 0 0 0 
0 0.0348 0.0107 0.0025 -0.0569 -0.0249 -0.0077 -0.00413 -0.00186 -0.000692 -0.235 -0.0812 -0.0217 
0 0.0107 0.0035 0.00085 -0.0146 -0.00643 -0.00199 -0.00107 -0.000495 -0.000187 -0.0608 -0.0211 -0.00564 
0 0.0025 0.00085 0.000211 -0.00321 -0.00141 -0.000438 -0.000236 -0.00011 -4.18e-05 -0.0134 -0.00463 -0.00124 
0 -0.0569 -0.0146 -0.00321 4.17 2.63 1 -0.476 -0.199 -0.0612 4.94 2.38 0.723 
0 -0.0249 -0.00643 -0.00141 2.63 1.99 0.87 -0.205 -0.0797 -0.0241 3.98 2 0.625 
0 -0.0077 -0.00199 -0.000438 1 0.87 0.438 -0.0629 -0.024 -0.00717 1.63 0.844 0.267 
0 -0.00413 -0.00107 -0.000236 -0.476 -0.205 -0.0629 2.59 2.07 0.913 25.5 13.7 4.6 
0 -0.00186 -0.000495 -0.00011 -0.199 -0.0797 -0.024 2.07 2.11 1.1 20.2 12.2 4.36 
0 -0.000692 -0.000187 -4.18e-05 -0.0612 -0.0241 -0.00717 0.913 1.1 0.665 8.85 5.7 2.1 
0 -0.235 -0.0608 -0.0134 4.94 3.98 1.63 25.5 20.2 8.85 282 148 49.5 
0 -0.0812 -0.0211 -0.00463 2.38 2 0.844 13.7 12.2 5.7 148 84.3 29.5 
0 -0.0217 -0.00564 -0.00124 0.723 0.625 0.267 4.6 4.36 2.1 49.5 29.5 10.9 
H matrix
-920 -0.236 -0.0675 -0.0166 24.4 17.2 3.84 52.9 50.2 8.89 526 281 72.7 
0.00958 -32 -9.81 -2.3 52.2 22.9 7.07 3.79 1.71 0.632 215 74.5 19.9 
0.0047 -9.81 -3.22 -0.782 13.4 5.9 1.83 0.983 0.453 0.171 55.8 19.3 5.18 
0.00152 -2.3 -0.781 -0.194 2.94 1.29 0.402 0.217 0.101 0.0382 12.3 4.25 1.14 
-0.0173 52.3 13.5 2.95 -3.82e+03 -2.41e+03 -918 437 182 56.1 -4.53e+03 -2.18e+03 -663 
0.0556 22.9 5.92 1.3 -2.42e+03 -1.82e+03 -796 188 73 22.1 -3.64e+03 -1.83e+03 -572 
-7.28e-06 7.09 1.83 0.403 -918 -796 -400 57.7 22 6.58 -1.5e+03 -773 -245 
-0.0675 3.8 0.985 0.217 437 188 57.7 -2.37e+03 -1.89e+03 -835 -2.33e+04 -1.25e+04 -4.2e+03 
0.0445 1.71 0.455 0.101 182 73.1 22 -1.89e+03 -1.93e+03 -1.01e+03 -1.85e+04 -1.11e+04 -3.98e+03 
S matrix
1 0 0 0 0 0 0 0 0 0 0 0 0 
0 0.0348 0.0107 0.0025 -0.0569 -0.0249 -0.0077 -0.00413 -0.00186 -0.000692 -0.235 -0.0812 -0.0217 
0 0.0107 0.0035 0.00085 -0.0146 -0.00643 -0.00199 -0.00107 -0.000495 -0.000187 -0.0608 -0.0211 -0.00564 
0.101 0.636 0.171 0.0384 56.2 22.1 6.58 -836 -1e+03 -605 -8.09e+03 -5.2e+03 -1.92e+03 
1.22 216 56 12.3 -4.53e+03 -3.65e+03 -1.5e+03 -2.34e+04 -1.85e+04 -8.09e+03 -2.58e+05 -1.35e+05 -4.52e+04 
0.662 74.8 19.4 4.26 -2.18e+03 -1.83e+03 -773 -1.25e+04 -1.11e+04 -5.21e+03 -1.36e+05 -7.69e+04 -2.69e+04 
0.224 20 5.19 1.14 -663 -572 -244 -4.21e+03 -3.98e+03 -1.92e+03 -4.52e+04 -2.69e+04 -9.91e+03 
0 0.0025 0.00085 0.000211 -0.00321 -0.00141 -0.000438 -0.000236 -0.00011 -4.18e-05 -0.0134 -0.00463 -0.00124 
0 -0.0569 -0.0146 -0.00321 4.17 2.63 1 -0.476 -0.199 -0.0612 4.94 2.38 0.723 
0 -0.0249 -0.00643 -0.00141 2.63 1.99 0.87 -0.205 -0.0797 -0.0241 3.98 2 0.625 
0 -0.0077 -0.00199 -0.000438 1 0.87 0.438 -0.0629 -0.024 -0.00717 1.63 0.844 0.267 
0 -0.00413 -0.00107 -0.000236 -0.476 -0.205 -0.0629 2.59 2.07 0.913 25.5 13.7 4.6 
0 -0.00186 -0.000495 -0.00011 -0.199 -0.0797 -0.024 2.07 2.11 1.1 20.2 12.2 4.36 
0 -0.000692 -0.000187 -4.18e-05 -0.0612 -0.0241 -0.00717 0.913 1.1 0.665 8.85 5.7 2.1 
S matrix
1 0 0 0 0 0 0 0 0 0 0 0 0 
S matrix
1 0 0 0 0 0 0 0 0 0 0 0 0 
0 0.0348 0.0107 0.0025 -0.0569 -0.0249 -0.0077 -0.00413 -0.00186 -0.000692 -0.235 -0.0812 -0.0217 
0 0.0107 0.0035 0.00085 -0.0146 -0.00643 -0.00199 -0.00107 -0.000495 -0.000187 -0.0608 -0.0211 -0.00564 
0 0.0025 0.00085 0.000211 -0.00321 -0.00141 -0.000438 -0.000236 -0.00011 -4.18e-05 -0.0134 -0.00463 -0.00124 
0 -0.0569 -0.0146 -0.00321 4.17 2.63 1 -0.476 -0.199 -0.0612 4.94 2.38 0.723 
0 -0.235 -0.0608 -0.0134 4.94 3.98 1.63 25.5 20.2 8.85 282 148 49.5 
0 -0.0812 -0.0211 -0.00463 2.38 2 0.844 13.7 12.2 5.7 148 84.3 29.5 
0 -0.0217 -0.00564 -0.00124 0.723 0.625 0.267 4.6 4.36 2.1 49.5 29.5 10.9 
H matrix
-920 -0.236 -0.0675 -0.0166 24.4 17.2 3.84 52.9 50.2 8.89 526 281 72.7 
0.00958 -32 -9.81 -2.3 52.2 22.9 7.07 3.79 1.71 0.632 215 74.5 19.9 
0 -0.0249 -0.00643 -0.00141 2.63 1.99 0.87 -0.205 -0.0797 -0.0241 3.98 2 0.625 
0 -0.0077 -0.00199 -0.000438 1 0.87 0.438 -0.0629 -0.024 -0.00717 1.63 0.844 0.267 
0 -0.00413 -0.00107 -0.000236 -0.476 -0.205 -0.0629 2.59 2.07 0.913 25.5 13.7 4.6 
0 -0.00186 -0.000495 -0.00011 -0.199 -0.0797 -0.024 2.07 2.11 1.1 20.2 12.2 4.36 
0 -0.000692 -0.000187 -4.18e-05 -0.0612 -0.0241 -0.00717 0.913 1.1 0.665 8.85 5.7 2.1 
0 -0.235 -0.0608 -0.0134 4.94 3.98 1.63 25.5 20.2 8.85 282 148 49.5 
0 0.0348 0.0107 0.0025 -0.0569 -0.0249 -0.0077 -0.00413 -0.00186 -0.000692 -0.235 -0.0812 -0.0217 
0 0.0107 0.0035 0.00085 -0.0146 -0.00643 -0.00199 -0.00107 -0.000495 -0.000187 -0.0608 -0.0211 -0.00564 
0 0.0025 0.00085 0.000211 -0.00321 -0.00141 -0.000438 -0.000236 -0.00011 -4.18e-05 -0.0134 -0.00463 -0.00124 
0 -0.0569 -0.0146 -0.00321 4.17 2.63 1 -0.476 -0.199 -0.0612 4.94 2.38 0.723 
0 -0.0249 -0.00643 -0.00141 2.63 1.99 0.87 -0.205 -0.0797 -0.0241 3.98 2 0.625 
0 -0.0077 -0.00199 -0.000438 1 0.87 0.438 -0.0629 -0.024 -0.00717 1.63 0.844 0.267 
0 -0.00413 -0.00107 -0.000236 -0.476 -0.205 -0.0629 2.59 2.07 0.913 25.5 13.7 4.6 
0 -0.00186 -0.000495 -0.00011 -0.199 -0.0797 -0.024 2.07 2.11 1.1 20.2 12.2 4.36 
0 -0.000692 -0.000187 -4.18e-05 -0.0612 -0.0241 -0.00717 0.913 1.1 0.665 8.85 5.7 2.1 
S matrix
1 0 0 0 0 0 0 0 0 0 0 0 0 
0 0.0348 0.0107 0.0025 -0.0569 -0.0249 -0.0077 -0.00413 -0.00186 -0.000692 -0.235 -0.0812 -0.0217 
0 0.0107 0.0035 0.00085 -0.0146 -0.00643 -0.00199 -0.00107 -0.000495 -0.000187 -0.0608 -0.0211 -0.00564 
0 0.0025 0.00085 0.000211 -0.00321 -0.00141 -0.000438 -0.000236 -0.00011 -4.18e-05 -0.0134 -0.00463 -0.00124 
0 -0.0569 -0.0146 -0.00321 4.17 2.63 1 -0.476 -0.199 -0.0612 4.94 2.38 0.723 
0 -0.0249 -0.00643 -0.00141 2.63 1.99 0.87 -0.205 -0.0797 -0.0241 3.98 2 0.625 
0 -0.0077 -0.00199 -0.000438 1 0.87 0.438 -0.0629 -0.024 -0.00717 1.63 0.844 0.267 
0 -0.00413 -0.00107 -0.000236 -0.476 -0.205 -0.0629 2.59 2.07 0.913 25.5 13.7 4.6 
0 -0.00186 -0.000495 -0.00011 -0.199 -0.0797 -0.024 2.07 2.11 1.1 20.2 12.2 4.36 
0 -0.000692 -0.000187 -4.18e-05 -0.0612 -0.0241 -0.00717 0.913 1.1 0.665 8.85 5.7 2.1 
0 -0.0812 -0.0211 -0.00463 2.38 2 0.844 13.7 12.2 5.7 148 84.3 29.5 
0 -0.0217 -0.00564 -0.00124 0.723 0.625 0.267 4.6 4.36 2.1 49.5 29.5 10.9 
H matrix
-920 -0.236 -0.0675 -0.0166 24.4 17.2 3.84 52.9 50.2 8.89 526 281 72.7 
0.00958 -32 -9.81 -2.3 52.2 22.9 7.07 3.79 1.71 0.632 215 74.5 19.9 
0 -0.235 -0.0608 -0.0134 4.94 3.98 1.63 25.5 20.2 8.85 282 148 49.5 
0 -0.0812 -0.0211 -0.00463 2.38 2 0.844 13.7 12.2 5.7 148 84.3 29.5 
0 -0.0217 -0.00564 -0.00124 0.723 0.625 0.267 4.6 4.36 2.1 49.5 29.5 10.9 
H matrix
-920 -0.236 -0.0675 -0.0166 24.4 17.2 3.84 52.9 50.2 8.89 526 281 72.7 
0.0047 -9.81 -3.22 -0.782 13.4 5.9 1.83 0.983 0.453 0.171 55.8 19.3 5.18 
0.00152 -2.3 -0.781 -0.194 2.94 1.29 0.402 0.217 0.101 0.0382 12.3 4.25 1.14 
-0.0173 52.3 13.5 2.95 -3.82e+03 -2.41e+03 -918 437 182 56.1 -4.53e+03 -2.18e+03 -663 
0.0556 22.9 5.92 1.3 -2.42e+03 -1.82e+03 -796 188 73 22.1 -3.64e+03 -1.83e+03 -572 
-7.28e-06 7.09 1.83 0.403 -918 -796 -400 57.7 22 6.58 -1.5e+03 -773 -245 
-0.0675 3.8 0.985 0.217 437 188 57.7 -2.37e+03 -1.89e+03 -835 -2.33e+04 -1.25e+04 -4.2e+03 
0 -0.235 -0.0608 -0.0134 4.94 3.98 1.63 25.5 20.2 8.85 282 148 49.5 
0 -0.0812 -0.0211 -0.00463 2.38 2 0.844 13.7 12.2 5.7 148 84.3 29.5 
0 -0.0217 -0.00564 -0.00124 0.723 0.625 0.267 4.6 4.36 2.1 49.5 29.5 10.9 
H matrix
-920 -0.236 -0.0675 -0.0166 24.4 17.2 3.84 52.9 50.2 8.89 526 281 72.7 
0.00958 -32 -9.81 -2.3 52.2 22.9 7.07 3.79 1.71 0.632 215 74.5 19.9 
0.0047 -9.81 -3.22 -0.782 13.4 5.9 1.83 0.983 0.453 0.171 55.8 19.3 5.18 
0.00152 -2.3 -0.781 -0.194 2.94 1.29 0.402 0.217 0.101 0.0382 12.3 4.25 1.14 
0.0047 -9.81 -3.22 -0.782 13.4 5.9 1.83 0.983 0.453 0.171 55.8 19.3 5.18 
0.00152 -2.3 -0.781 -0.194 2.94 1.29 0.402 0.217 0.101 0.0382 12.3 4.25 1.14 
-0.0173 52.3 13.5 2.95 -3.82e+03 -2.41e+03 -918 437 182 56.1 -4.53e+03 -2.18e+03 -663 
0.0556 22.9 5.92 1.3 -2.42e+03 -1.82e+03 -796 188 73 22.1 -3.64e+03 -1.83e+03 -572 
-7.28e-06 7.09 1.83 0.403 -918 -796 -400 57.7 22 6.58 -1.5e+03 -773 -245 
-0.0675 3.8 0.985 0.217 437 188 57.7 -2.37e+03 -1.89e+03 -835 -2.33e+04 -1.25e+04 -4.2e+03 
0.0445 1.71 0.455 0.101 182 73.1 22 -1.89e+03 -1.93e+03 -1.01e+03 -1.85e+04 -1.11e+04 -3.98e+03 
0.00958 -32 -9.81 -2.3 52.2 22.9 7.07 3.79 1.71 0.632 215 74.5 19.9 
0.0047 -9.81 -3.22 -0.782 13.4 5.9 1.83 0.983 0.453 0.171 55.8 19.3 5.18 
0.00152 -2.3 -0.781 -0.194 2.94 1.29 0.402 0.217 0.101 0.0382 12.3 4.25 1.14 
-0.0173 52.3 13.5 2.95 -3.82e+03 -2.41e+03 -918 437 182 56.1 -4.53e+03 -2.18e+03 -663 
0.0556 22.9 5.92 1.3 -2.42e+03 -1.82e+03 -796 188 73 22.1 -3.64e+03 -1.83e+03 -572 
-7.28e-06 7.09 1.83 0.403 -918 -796 -400 57.7 22 6.58 -1.5e+03 -773 -245 
-0.0675 3.8 0.985 0.217 437 188 57.7 -2.37e+03 -1.89e+03 -835 -2.33e+04 -1.25e+04 -4.2e+03 
-0.0173 52.3 13.5 2.95 -3.82e+03 -2.41e+03 -918 437 182 56.1 -4.53e+03 -2.18e+03 -663 
0.0556 22.9 5.92 1.3 -2.42e+03 -1.82e+03 -796 188 73 22.1 -3.64e+03 -1.83e+03 -572 
-7.28e-06 7.09 1.83 0.403 -918 -796 -400 57.7 22 6.58 -1.5e+03 -773 -245 
-0.0675 3.8 0.985 0.217 437 188 57.7 -2.37e+03 -1.89e+03 -835 -2.33e+04 -1.25e+04 -4.2e+03 
0.0445 1.71 0.455 0.101 182 73.1 22 -1.89e+03 -1.93e+03 -1.01e+03 -1.85e+04 -1.11e+04 -3.98e+03 
0.101 0.636 0.171 0.0384 56.2 22.1 6.58 -836 -1e+03 -605 -8.09e+03 -5.2e+03 -1.92e+03 
0.0445 1.71 0.455 0.101 182 73.1 22 -1.89e+03 -1.93e+03 -1.01e+03 -1.85e+04 -1.11e+04 -3.98e+03 
0.101 0.636 0.171 0.0384 56.2 22.1 6.58 -836 -1e+03 -605 -8.09e+03 -5.2e+03 -1.92e+03 
1.22 216 56 12.3 -4.53e+03 -3.65e+03 -1.5e+03 -2.34e+04 -1.85e+04 -8.09e+03 -2.58e+05 -1.35e+05 -4.52e+04 
0.662 74.8 19.4 4.26 -2.18e+03 -1.83e+03 -773 -1.25e+04 -1.11e+04 -5.21e+03 -1.36e+05 -7.69e+04 -2.69e+04 
0.224 20 5.19 1.14 -663 -572 -244 -4.21e+03 -3.98e+03 -1.92e+03 -4.52e+04 -2.69e+04 -9.91e+03 
1.22 216 56 12.3 -4.53e+03 -3.65e+03 -1.5e+03 -2.34e+04 -1.85e+04 -8.09e+03 -2.58e+05 -1.35e+05 -4.52e+04 
0.662 74.8 19.4 4.26 -2.18e+03 -1.83e+03 -773 -1.25e+04 -1.11e+04 -5.21e+03 -1.36e+05 -7.69e+04 -2.69e+04 
0.224 20 5.19 1.14 -663 -572 -244 -4.21e+03 -3.98e+03 -1.92e+03 -4.52e+04 -2.69e+04 -9.91e+03 
0.0445 1.71 0.455 0.101 182 73.1 22 -1.89e+03 -1.93e+03 -1.01e+03 -1.85e+04 -1.11e+04 -3.98e+03 
0.101 0.636 0.171 0.0384 56.2 22.1 6.58 -836 -1e+03 -605 -8.09e+03 -5.2e+03 -1.92e+03 
1.22 216 56 12.3 -4.53e+03 -3.65e+03 -1.5e+03 -2.34e+04 -1.85e+04 -8.09e+03 -2.58e+05 -1.35e+05 -4.52e+04 
0.662 74.8 19.4 4.26 -2.18e+03 -1.83e+03 -773 -1.25e+04 -1.11e+04 -5.21e+03 -1.36e+05 -7.69e+04 -2.69e+04 
0.224 20 5.19 1.14 -663 -572 -244 -4.21e+03 -3.98e+03 -1.92e+03 -4.52e+04 -2.69e+04 -9.91e+03 
0.101 0.636 0.171 0.0384 56.2 22.1 6.58 -836 -1e+03 -605 -8.09e+03 -5.2e+03 -1.92e+03 
1.22 216 56 12.3 -4.53e+03 -3.65e+03 -1.5e+03 -2.34e+04 -1.85e+04 -8.09e+03 -2.58e+05 -1.35e+05 -4.52e+04 
0.662 74.8 19.4 4.26 -2.18e+03 -1.83e+03 -773 -1.25e+04 -1.11e+04 -5.21e+03 -1.36e+05 -7.69e+04 -2.69e+04 
0.224 20 5.19 1.14 -663 -572 -244 -4.21e+03 -3.98e+03 -1.92e+03 -4.52e+04 -2.69e+04 -9.91e+03 
proportions significant
S0 1
S 0.08333333333
H0 1
enderiv 1
H 0.08333333333
energy derivative -0.2460189858 +/- 0.0002304070139
energy derivative -0.07224067258 +/- 5.518399168e-05
energy derivative -0.01811141363 +/- 2.37803054e-05
energy derivative 24.45767222 +/- 0.006066030774
energy derivative 17.17113857 +/- 0.00725833892
energy derivative 3.837735913 +/- 0.007108494844
energy derivative 52.95988119 +/- 0.008667414437
energy derivative 50.13518879 +/- 0.02179159534
energy derivative 8.791332197 +/- 0.02267733306
energy derivative 524.958513 +/- 0.1164231351
energy derivative 280.5886618 +/- 0.1002947646
energy derivative 72.50218147 +/- 0.0477088563
S matrix
1 0 0 0 0 0 0 0 0 0 0 0 0 
0 0.0348 0.0107 0.0025 -0.0569 -0.0249 -0.0077 -0.00413 -0.00186 -0.000692 -0.235 -0.0812 -0.0217 
0 0.0107 0.0035 0.00085 -0.0146 -0.00643 -0.00199 -0.00107 -0.000495 -0.000187 -0.0608 -0.0211 -0.00564 
0 0.0025 0.00085 0.000211 -0.00321 -0.00141 -0.000438 -0.000236 -0.00011 -4.18e-05 -0.0134 -0.00463 -0.00124 
0 -0.0569 -0.0146 -0.00321 4.17 2.63 1 -0.476 -0.199 -0.0612 4.94 2.38 0.723 
0 -0.0249 -0.00643 -0.00141 2.63 1.99 0.87 -0.205 -0.0797 -0.0241 3.98 2 0.625 
0 -0.0077 -0.00199 -0.000438 1 0.87 0.438 -0.0629 -0.024 -0.00717 1.63 0.844 0.267 
0 -0.00413 -0.00107 -0.000236 -0.476 -0.205 -0.0629 2.59 2.07 0.913 25.5 13.7 4.6 
0 -0.00186 -0.000495 -0.00011 -0.199 -0.0797 -0.024 2.07 2.11 1.1 20.2 12.2 4.36 
0 -0.000692 -0.000187 -4.18e-05 -0.0612 -0.0241 -0.00717 0.913 1.1 0.665 8.85 5.7 2.1 
0 -0.235 -0.0608 -0.0134 4.94 3.98 1.63 25.5 20.2 8.85 282 148 49.5 
0 -0.0812 -0.0211 -0.00463 2.38 2 0.844 13.7 12.2 5.7 148 84.3 29.5 
0 -0.0217 -0.00564 -0.00124 0.723 0.625 0.267 4.6 4.36 2.1 49.5 29.5 10.9 
H matrix
-920 -0.236 -0.0675 -0.0166 24.4 17.2 3.84 52.9 50.2 8.89 526 281 72.7 
0.00958 -32 -9.81 -2.3 52.2 22.9 7.07 3.79 1.71 0.632 215 74.5 19.9 
0.0047 -9.81 -3.22 -0.782 13.4 5.9 1.83 0.983 0.453 0.171 55.8 19.3 5.18 
0.00152 -2.3 -0.781 -0.194 2.94 1.29 0.402 0.217 0.101 0.0382 12.3 4.25 1.14 
-0.0173 52.3 13.5 2.95 -3.82e+03 -2.41e+03 -918 437 182 56.1 -4.53e+03 -2.18e+03 -663 
0.0556 22.9 5.92 1.3 -2.42e+03 -1.82e+03 -796 188 73 22.1 -3.64e+03 -1.83e+03 -572 
-7.28e-06 7.09 1.83 0.403 -918 -796 -400 57.7 22 6.58 -1.5e+03 -773 -245 
-0.0675 3.8 0.985 0.217 437 188 57.7 -2.37e+03 -1.89e+03 -835 -2.33e+04 -1.25e+04 -4.2e+03 
0.0445 1.71 0.455 0.101 182 73.1 22 -1.89e+03 -1.93e+03 -1.01e+03 -1.85e+04 -1.11e+04 -3.98e+03 
0.101 0.636 0.171 0.0384 56.2 22.1 6.58 -836 -1e+03 -605 -8.09e+03 -5.2e+03 -1.92e+03 
1.22 216 56 12.3 -4.53e+03 -3.65e+03 -1.5e+03 -2.34e+04 -1.85e+04 -8.09e+03 -2.58e+05 -1.35e+05 -4.52e+04 
S matrix
1 0 0 0 0 0 0 0 0 0 0 0 0 
0 0.0348 0.0107 0.0025 -0.0569 -0.0249 -0.0077 -0.00413 -0.00186 -0.000692 -0.235 -0.0812 -0.0217 
0 0.0107 0.0035 0.00085 -0.0146 -0.00643 -0.00199 -0.00107 -0.000495 -0.000187 -0.0608 -0.0211 -0.00564 
0 0.0025 0.00085 0.000211 -0.00321 -0.00141 -0.000438 -0.000236 -0.00011 -4.18e-05 -0.0134 -0.00463 -0.00124 
0 -0.0569 -0.0146 -0.00321 4.17 2.63 1 -0.476 -0.199 -0.0612 4.94 2.38 0.723 
0 -0.0249 -0.00643 -0.00141 2.63 1.99 0.87 -0.205 -0.0797 -0.0241 3.98 2 0.625 
S matrix
1 0 0 0 0 0 0 0 0 0 0 0 0 
0 0.0348 0.0107 0.0025 -0.0569 -0.0249 -0.0077 -0.00413 -0.00186 -0.000692 -0.235 -0.0812 -0.0217 
0 0.0107 0.0035 0.00085 -0.0146 -0.00643 -0.00199 -0.00107 -0.000495 -0.000187 -0.0608 -0.0211 -0.00564 
0 0.0025 0.00085 0.000211 -0.00321 -0.00141 -0.000438 -0.000236 -0.00011 -4.18e-05 -0.0134 -0.00463 -0.00124 
0 -0.0569 -0.0146 -0.00321 4.17 2.63 1 -0.476 -0.199 -0.0612 4.94 2.38 0.723 
0 -0.0249 -0.00643 -0.00141 2.63 1.99 0.87 -0.205 -0.0797 -0.0241 3.98 2 0.625 
0 -0.0077 -0.00199 -0.000438 1 0.87 0.438 -0.0629 -0.024 -0.00717 1.63 0.844 0.267 
0 -0.00413 -0.00107 -0.000236 -0.476 -0.205 -0.0629 2.59 2.07 0.913 25.5 13.7 4.6 
0 -0.00186 -0.000495 -0.00011 -0.199 -0.0797 -0.024 2.07 2.11 1.1 20.2 12.2 4.36 
0 -0.000692 -0.000187 -4.18e-05 -0.0612 -0.0241 -0.00717 0.913 1.1 0.665 8.85 5.7 2.1 
0 -0.235 -0.0608 -0.0134 4.94 3.98 1.63 25.5 20.2 8.85 282 148 49.5 
0 -0.0812 -0.0211 -0.00463 2.38 2 0.844 13.7 12.2 5.7 148 84.3 29.5 
0 -0.0217 -0.00564 -0.00124 0.723 0.625 0.267 4.6 4.36 2.1 49.5 29.5 10.9 
H matrix
-920 -0.236 -0.0675 -0.0166 24.4 17.2 3.84 52.9 50.2 8.89 526 281 72.7 
0.00958 -32 -9.81 -2.3 52.2 22.9 7.07 3.79 1.71 0.632 215 74.5 19.9 
0.0047 -9.81 -3.22 -0.782 13.4 5.9 1.83 0.983 0.453 0.171 55.8 19.3 5.18 
0.00152 -2.3 -0.781 -0.194 2.94 1.29 0.402 0.217 0.101 0.0382 12.3 4.25 1.14 
-0.0173 52.3 13.5 2.95 -3.82e+03 -2.41e+03 -918 437 182 56.1 -4.53e+03 -2.18e+03 -663 
0.0556 22.9 5.92 1.3 -2.42e+03 -1.82e+03 -796 188 73 22.1 -3.64e+03 -1.83e+03 -572 
-7.28e-06 7.09 1.83 0.403 -918 -796 -400 57.7 22 6.58 -1.5e+03 -773 -245 
-0.0675 3.8 0.985 0.217 437 188 57.7 -2.37e+03 -1.89e+03 -835 -2.33e+04 -1.25e+04 -4.2e+03 
0.0445 1.71 0.455 0.101 182 73.1 22 -1.89e+03 -1.93e+03 -1.01e+03 -1.85e+04 -1.11e+04 -3.98e+03 
0.101 0.636 0.171 0.0384 56.2 22.1 6.58 -836 -1e+03 -605 -8.09e+03 -5.2e+03 -1.92e+03 
1.22 216 56 12.3 -4.53e+03 -3.65e+03 -1.5e+03 -2.34e+04 -1.85e+04 -8.09e+03 -2.58e+05 -1.35e+05 -4.52e+04 
0.662 74.8 19.4 4.26 -2.18e+03 -1.83e+03 -773 -1.25e+04 -1.11e+04 -5.21e+03 -1.36e+05 -7.69e+04 -2.69e+04 
0.224 20 5.19 1.14 -663 -572 -244 -4.21e+03 -3.98e+03 -1.92e+03 -4.52e+04 -2.69e+04 -9.91e+03 
S matrix
1 0 0 0 0 0 0 0 0 0 0 0 0 
0 0.0348 0.0107 0.0025 -0.0569 -0.0249 -0.0077 -0.00413 -0.00186 -0.000692 -0.235 -0.0812 -0.0217 
0 0.0107 0.0035 0.00085 -0.0146 -0.00643 -0.00199 -0.00107 -0.000495 -0.000187 -0.0608 -0.0211 -0.00564 
0 0.0025 0.00085 0.000211 -0.00321 -0.00141 -0.000438 -0.000236 -0.00011 -4.18e-05 -0.0134 -0.00463 -0.00124 
0 -0.0569 -0.0146 -0.00321 4.17 2.63 1 -0.476 -0.199 -0.0612 4.94 2.38 0.723 
0 -0.0249 -0.00643 -0.00141 2.63 1.99 0.87 -0.205 -0.0797 -0.0241 3.98 2 0.625 
0 -0.0077 -0.00199 -0.000438 1 0.87 0.438 -0.0629 -0.024 -0.00717 1.63 0.844 0.267 
0 -0.00413 -0.00107 -0.000236 -0.476 -0.205 -0.0629 2.59 2.07 0.913 25.5 13.7 4.6 
0 -0.00186 -0.000495 -0.00011 -0.199 -0.0797 -0.024 2.07 2.11 1.1 20.2 12.2 4.36 
0 -0.000692 -0.000187 -4.18e-05 -0.0612 -0.0241 -0.00717 0.913 1.1 0.665 8.85 5.7 2.1 
0 -0.235 -0.0608 -0.0134 4.94 3.98 1.63 25.5 20.2 8.85 282 148 49.5 
0 -0.0812 -0.0211 -0.00463 2.38 2 0.844 13.7 12.2 5.7 148 84.3 29.5 
0 -0.0217 -0.00564 -0.00124 0.723 0.625 0.267 4.6 4.36 2.1 49.5 29.5 10.9 
H matrix
-920 -0.236 -0.0675 -0.0166 24.4 17.2 3.84 52.9 50.2 8.89 526 281 72.7 
0.00958 -32 -9.81 -2.3 52.2 22.9 7.07 3.79 1.71 0.632 215 74.5 19.9 
0.0047 -9.81 -3.22 -0.782 13.4 5.9 1.83 0.983 0.453 0.171 55.8 19.3 5.18 
0.00152 -2.3 -0.781 -0.194 2.94 1.29 0.402 0.217 0.101 0.0382 12.3 4.25 1.14 
-0.0173 52.3 13.5 2.95 -3.82e+03 -2.41e+03 -918 437 182 56.1 -4.53e+03 -2.18e+03 -663 
0.0556 22.9 5.92 1.3 -2.42e+03 -1.82e+03 -796 188 73 22.1 -3.64e+03 -1.83e+03 -572 
-7.28e-06 7.09 1.83 0.403 -918 -796 -400 57.7 22 6.58 -1.5e+03 -773 -245 
-0.0675 3.8 0.985 0.217 437 188 57.7 -2.37e+03 -1.89e+03 -835 -2.33e+04 -1.25e+04 -4.2e+03 
0.0445 1.71 0.455 0.101 182 73.1 22 -1.89e+03 -1.93e+03 -1.01e+03 -1.85e+04 -1.11e+04 -3.98e+03 
0.101 0.636 0.171 0.0384 56.2 22.1 6.58 -836 -1e+03 -605 -8.09e+03 -5.2e+03 -1.92e+03 
1.22 216 56 12.3 -4.53e+03 -3.65e+03 -1.5e+03 -2.34e+04 -1.85e+04 -8.09e+03 -2.58e+05 -1.35e+05 -4.52e+04 
0.662 74.8 19.4 4.26 -2.18e+03 -1.83e+03 -773 -1.25e+04 -1.11e+04 -5.21e+03 -1.36e+05 -7.69e+04 -2.69e+04 
0.224 20 5.19 1.14 -663 -572 -244 -4.21e+03 -3.98e+03 -1.92e+03 -4.52e+04 -2.69e+04 -9.91e+03 
0 -0.0077 -0.00199 -0.000438 1 0.87 0.438 -0.0629 -0.024 -0.00717 1.63 0.844 0.267 
0 -0.00413 -0.00107 -0.000236 -0.476 -0.205 -0.0629 2.59 2.07 0.913 25.5 13.7 4.6 
0 -0.00186 -0.000495 -0.00011 -0.199 -0.0797 -0.024 2.07 2.11 1.1 20.2 12.2 4.36 
0 -0.000692 -0.000187 -4.18e-05 -0.0612 -0.0241 -0.00717 0.913 1.1 0.665 8.85 5.7 2.1 
0 -0.235 -0.0608 -0.0134 4.94 3.98 1.63 25.5 20.2 8.85 282 148 49.5 
0 -0.0812 -0.0211 -0.00463 2.38 2 0.844 13.7 12.2 5.7 148 84.3 29.5 
0 -0.0217 -0.00564 -0.00124 0.723 0.625 0.267 4.6 4.36 2.1 49.5 29.5 10.9 
H matrix
-920 -0.236 -0.0675 -0.0166 24.4 17.2 3.84 52.9 50.2 8.89 526 281 72.7 
0.00958 -32 -9.81 -2.3 52.2 22.9 7.07 3.79 1.71 0.632 215 74.5 19.9 
0.0047 -9.81 -3.22 -0.782 13.4 5.9 1.83 0.983 0.453 0.171 55.8 19.3 5.18 
0.00152 -2.3 -0.781 -0.194 2.94 1.29 0.402 0.217 0.101 0.0382 12.3 4.25 1.14 
-0.0173 52.3 13.5 2.95 -3.82e+03 -2.41e+03 -918 437 182 56.1 -4.53e+03 -2.18e+03 -663 
S matrix
1 0 0 0 0 0 0 0 0 0 0 0 0 
0 0.0348 0.0107 0.0025 -0.0569 -0.0249 -0.0077 -0.00413 -0.00186 -0.000692 -0.235 -0.0812 -0.0217 
0 0.0107 0.0035 0.00085 -0.0146 -0.00643 -0.00199 -0.00107 -0.000495 -0.000187 -0.0608 -0.0211 -0.00564 
0 0.0025 0.00085 0.000211 -0.00321 -0.00141 -0.000438 -0.000236 -0.00011 -4.18e-05 -0.0134 -0.00463 -0.00124 
0.0556 22.9 5.92 1.3 -2.42e+03 -1.82e+03 -796 188 73 22.1 -3.64e+03 -1.83e+03 -572 
-7.28e-06 7.09 1.83 0.403 -918 -796 -400 57.7 22 6.58 -1.5e+03 -773 -245 
-0.0675 3.8 0.985 0.217 437 188 57.7 -2.37e+03 -1.89e+03 -835 -2.33e+04 -1.25e+04 -4.2e+03 
0 -0.0569 -0.0146 -0.00321 4.17 2.63 1 -0.476 -0.199 -0.0612 4.94 2.38 0.723 
0 -0.0249 -0.00643 -0.00141 2.63 1.99 0.87 -0.205 -0.0797 -0.0241 3.98 2 0.625 
0 -0.0077 -0.00199 -0.000438 1 0.87 0.438 -0.0629 -0.024 -0.00717 1.63 0.844 0.267 
0 -0.00413 -0.00107 -0.000236 -0.476 -0.205 -0.0629 2.59 2.07 0.913 25.5 13.7 4.6 
0 -0.00186 -0.000495 -0.00011 -0.199 -0.0797 -0.024 2.07 2.11 1.1 20.2 12.2 4.36 
0 -0.000692 -0.000187 -4.18e-05 -0.0612 -0.0241 -0.00717 0.913 1.1 0.665 8.85 5.7 2.1 
0 -0.235 -0.0608 -0.0134 4.94 3.98 1.63 25.5 20.2 8.85 282 148 49.5 
0 -0.0812 -0.0211 -0.00463 2.38 2 0.844 13.7 12.2 5.7 148 84.3 29.5 
0.0445 1.71 0.455 0.101 182 73.1 22 -1.89e+03 -1.93e+03 -1.01e+03 -1.85e+04 -1.11e+04 -3.98e+03 
0.101 0.636 0.171 0.0384 56.2 22.1 6.58 -836 -1e+03 -605 -8.09e+03 -5.2e+03 -1.92e+03 
1.22 216 56 12.3 -4.53e+03 -3.65e+03 -1.5e+03 -2.34e+04 -1.85e+04 -8.09e+03 -2.58e+05 -1.35e+05 -4.52e+04 
0.662 74.8 19.4 4.26 -2.18e+03 -1.83e+03 -773 -1.25e+04 -1.11e+04 -5.21e+03 -1.36e+05 -7.69e+04 -2.69e+04 
0.224 20 5.19 1.14 -663 -572 -244 -4.21e+03 -3.98e+03 -1.92e+03 -4.52e+04 -2.69e+04 -9.91e+03 
0 -0.0217 -0.00564 -0.00124 0.723 0.625 0.267 4.6 4.36 2.1 49.5 29.5 10.9 
H matrix
-920 -0.236 -0.0675 -0.0166 24.4 17.2 3.84 52.9 50.2 8.89 526 281 72.7 
0.00958 -32 -9.81 -2.3 52.2 22.9 7.07 3.79 1.71 0.632 215 74.5 19.9 
S matrix
1 0 0 0 0 0 0 0 0 0 0 0 0 
0 0.0348 0.0107 0.0025 -0.0569 -0.0249 -0.0077 -0.00413 -0.00186 -0.000692 -0.235 -0.0812 -0.0217 
0 0.0107 0.0035 0.00085 -0.0146 -0.00643 -0.00199 -0.00107 -0.000495 -0.000187 -0.0608 -0.0211 -0.00564 
0 0.0025 0.00085 0.000211 -0.00321 -0.00141 -0.000438 -0.000236 -0.00011 -4.18e-05 -0.0134 -0.00463 -0.00124 
0 -0.0569 -0.0146 -0.00321 4.17 2.63 1 -0.476 -0.199 -0.0612 4.94 2.38 0.723 
0 -0.0249 -0.00643 -0.00141 2.63 1.99 0.87 -0.205 -0.0797 -0.0241 3.98 2 0.625 
0 -0.0077 -0.00199 -0.000438 1 0.87 0.438 -0.0629 -0.024 -0.00717 1.63 0.844 0.267 
0 -0.00413 -0.00107 -0.000236 -0.476 -0.205 -0.0629 2.59 2.07 0.913 25.5 13.7 4.6 
0 -0.00186 -0.000495 -0.00011 -0.199 -0.0797 -0.024 2.07 2.11 1.1 20.2 12.2 4.36 
S matrix
1 0 0 0 0 0 0 0 0 0 0 0 0 
0 0.0348 0.0107 0.0025 -0.0569 -0.0249 -0.0077 -0.00413 -0.00186 -0.000692 -0.235 -0.0812 -0.0217 
0 0.0107 0.0035 0.00085 -0.0146 -0.00643 -0.00199 -0.00107 -0.000495 -0.000187 -0.0608 -0.0211 -0.00564 
0.0047 -9.81 -3.22 -0.782 13.4 5.9 1.83 0.983 0.453 0.171 55.8 19.3 5.18 
0.00152 -2.3 -0.781 -0.194 2.94 1.29 0.402 0.217 0.101 0.0382 12.3 4.25 1.14 
-0.0173 52.3 13.5 2.95 -3.82e+03 -2.41e+03 -918 437 182 56.1 -4.53e+03 -2.18e+03 -663 
0.0556 22.9 5.92 1.3 -2.42e+03 -1.82e+03 -796 188 73 22.1 -3.64e+03 -1.83e+03 -572 
-7.28e-06 7.09 1.83 0.403 -918 -796 -400 57.7 22 6.58 -1.5e+03 -773 -245 
-0.0675 3.8 0.985 0.217 437 188 57.7 -2.37e+03 -1.89e+03 -835 -2.33e+04 -1.25e+04 -4.2e+03 
S matrix
1 0 0 0 0 0 0 0 0 0 0 0 0 
0 0.0348 0.0107 0.0025 -0.0569 -0.0249 -0.0077 -0.00413 -0.00186 -0.000692 -0.235 -0.0812 -0.0217 
0 0.0107 0.0035 0.00085 -0.0146 -0.00643 -0.00199 -0.00107 -0.000495 -0.000187 -0.0608 -0.0211 -0.00564 
0 0.0025 0.00085 0.000211 -0.00321 -0.00141 -0.000438 -0.000236 -0.00011 -4.18e-05 -0.0134 -0.00463 -0.00124 
S matrix
1 0 0 0 0 0 0 0 0 0 0 0 0 
0 0.0348 0.0107 0.0025 -0.0569 -0.0249 -0.0077 -0.00413 -0.00186 -0.000692 -0.235 -0.0812 -0.0217 
0 0.0107 0.0035 0.00085 -0.0146 -0.00643 -0.00199 -0.00107 -0.000495 -0.000187 -0.0608 -0.0211 -0.00564 
0 0.0025 0.00085 0.000211 -0.00321 -0.00141 -0.000438 -0.000236 -0.00011 -4.18e-05 -0.0134 -0.00463 -0.00124 
0 -0.0569 -0.0146 -0.00321 4.17 2.63 1 -0.476 -0.199 -0.0612 4.94 2.38 0.723 
0 -0.0249 -0.00643 -0.00141 2.63 1.99 0.87 -0.205 -0.0797 -0.0241 3.98 2 0.625 
0 0.0025 0.00085 0.000211 -0.00321 -0.00141 -0.000438 -0.000236 -0.00011 -4.18e-05 -0.0134 -0.00463 -0.00124 
0 -0.0569 -0.0146 -0.00321 4.17 2.63 1 -0.476 -0.199 -0.0612 4.94 2.38 0.723 
0 -0.0249 -0.00643 -0.00141 2.63 1.99 0.87 -0.205 -0.0797 -0.0241 3.98 2 0.625 
0 -0.0077 -0.00199 -0.000438 1 0.87 0.438 -0.0629 -0.024 -0.00717 1.63 0.844 0.267 
0 -0.00413 -0.00107 -0.000236 -0.476 -0.205 -0.0629 2.59 2.07 0.913 25.5 13.7 4.6 
0 -0.00186 -0.000495 -0.00011 -0.199 -0.0797 -0.024 2.07 2.11 1.1 20.2 12.2 4.36 
S matrix
1 0 0 0 0 0 0 0 0 0 0 0 0 
0 0.0348 0.0107 0.0025 -0.0569 -0.0249 -0.0077 -0.00413 -0.00186 -0.000692 -0.235 -0.0812 -0.0217 
0 0.0107 0.0035 0.00085 -0.0146 -0.00643 -0.00199 -0.00107 -0.000495 -0.000187 -0.0608 -0.0211 -0.00564 
0 0.0025 0.00085 0.000211 -0.00321 -0.00141 -0.000438 -0.000236 -0.00011 -4.18e-05 -0.0134 -0.00463 -0.00124 
0 -0.0569 -0.0146 -0.00321 4.17 2.63 1 -0.476 -0.199 -0.0612 4.94 2.38 0.723 
0 -0.0249 -0.00643 -0.00141 2.63 1.99 0.87 -0.205 -0.0797 -0.0241 3.98 2 0.625 
0 -0.0077 -0.00199 -0.000438 1 0.87 0.438 -0.0629 -0.024 -0.00717 1.63 0.844 0.267 
0 -0.00413 -0.00107 -0.000236 -0.476 -0.205 -0.0629 2.59 2.07 0.913 25.5 13.7 4.6 
0.0445 1.71 0.455 0.101 182 73.1 22 -1.89e+03 -1.93e+03 -1.01e+03 -1.85e+04 -1.11e+04 -3.98e+03 
0.101 0.636 0.171 0.0384 56.2 22.1 6.58 -836 -1e+03 -605 -8.09e+03 -5.2e+03 -1.92e+03 
1.22 216 56 12.3 -4.53e+03 -3.65e+03 -1.5e+03 -2.34e+04 -1.85e+04 -8.09e+03 -2.58e+05 -1.35e+05 -4.52e+04 
0.662 74.8 19.4 4.26 -2.18e+03 -1.83e+03 -773 -1.25e+04 -1.11e+04 -5.21e+03 -1.36e+05 -7.69e+04 -2.69e+04 
0.224 20 5.19 1.14 -663 -572 -244 -4.21e+03 -3.98e+03 -1.92e+03 -4.52e+04 -2.69e+04 -9.91e+03 
0 -0.0569 -0.0146 -0.00321 4.17 2.63 1 -0.476 -0.199 -0.0612 4.94 2.38 0.723 
0 -0.0249 -0.00643 -0.00141 2.63 1.99 0.87 -0.205 -0.0797 -0.0241 3.98 2 0.625 
0 -0.0077 -0.00199 -0.000438 1 0.87 0.438 -0.0629 -0.024 -0.00717 1.63 0.844 0.267 
0 -0.00413 -0.00107 -0.000236 -0.476 -0.205 -0.0629 2.59 2.07 0.913 25.5 13.7 4.6 
0 -0.00186 -0.000495 -0.00011 -0.199 -0.0797 -0.024 2.07 2.11 1.1 20.2 12.2 4.36 
0 -0.000692 -0.000187 -4.18e-05 -0.0612 -0.0241 -0.00717 0.913 1.1 0.665 8.85 5.7 2.1 
0 -0.235 -0.0608 -0.0134 4.94 3.98 1.63 25.5 20.2 8.85 282 148 49.5 
0 -0.0812 -0.0211 -0.00463 2.38 2 0.844 13.7 12.2 5.7 148 84.3 29.5 
0 -0.0217 -0.00564 -0.00124 0.723 0.625 0.267 4.6 4.36 2.1 49.5 29.5 10.9 
H matrix
-920 -0.236 -0.0675 -0.0166 24.4 17.2 3.84 52.9 50.2 8.89 526 281 72.7 
0 -0.000692 -0.000187 -4.18e-05 -0.0612 -0.0241 -0.00717 0.913 1.1 0.665 8.85 5.7 2.1 
0 -0.235 -0.0608 -0.0134 4.94 3.98 1.63 25.5 20.2 8.85 282 148 49.5 
0 -0.0812 -0.0211 -0.00463 2.38 2 0.844 13.7 12.2 5.7 148 84.3 29.5 
0 -0.0217 -0.00564 -0.00124 0.723 0.625 0.267 4.6 4.36 2.1 49.5 29.5 10.9 
H matrix
-920 -0.236 -0.0675 -0.0166 24.4 17.2 3.84 52.9 50.2 8.89 526 281 72.7 
0.00958 -32 -9.81 -2.3 52.2 22.9 7.07 3.79 1.71 0.632 215 74.5 19.9 
0.0047 -9.81 -3.22 -0.782 13.4 5.9 1.83 0.983 0.453 0.171 55.8 19.3 5.18 
0.00152 -2.3 -0.781 -0.194 2.94 1.29 0.402 0.217 0.101 0.0382 12.3 4.25 1.14 
-0.0173 52.3 13.5 2.95 -3.82e+03 -2.41e+03 -918 437 182 56.1 -4.53e+03 -2.18e+03 -663 
0.0556 22.9 5.92 1.3 -2.42e+03 -1.82e+03 -796 188 73 22.1 -3.64e+03 -1.83e+03 -572 
-7.28e-06 7.09 1.83 0.403 -918 -796 -400 57.7 22 6.58 -1.5e+03 -773 -245 
-0.0675 3.8 0.985 0.217 437 188 57.7 -2.37e+03 -1.89e+03 -835 -2.33e+04 -1.25e+04 -4.2e+03 
S matrix
1 0 0 0 0 0 0 0 0 0 0 0 0 
0 0.0348 0.0107 0.0025 -0.0569 -0.0249 -0.0077 -0.00413 -0.00186 -0.000692 -0.235 -0.0812 -0.0217 
0 0.0107 0.0035 0.00085 -0.0146 -0.00643 -0.00199 -0.00107 -0.000495 -0.000187 -0.0608 -0.0211 -0.00564 
0 0.0025 0.00085 0.000211 -0.00321 -0.00141 -0.000438 -0.000236 -0.00011 -4.18e-05 -0.0134 -0.00463 -0.00124 
0 -0.0569 -0.0146 -0.00321 4.17 2.63 1 -0.476 -0.199 -0.0612 4.94 2.38 0.723 
0 -0.0249 -0.00643 -0.00141 2.63 1.99 0.87 -0.205 -0.0797 -0.0241 3.98 2 0.625 
0 -0.0077 -0.00199 -0.000438 1 0.87 0.438 -0.0629 -0.024 -0.00717 1.63 0.844 0.267 
0 -0.00413 -0.00107 -0.000236 -0.476 -0.205 -0.0629 2.59 2.07 0.913 25.5 13.7 4.6 
0 -0.00186 -0.000495 -0.00011 -0.199 -0.0797 -0.024 2.07 2.11 1.1 20.2 12.2 4.36 
0 -0.000692 -0.000187 -4.18e-05 -0.0612 -0.0241 -0.00717 0.913 1.1 0.665 8.85 5.7 2.1 
0 -0.235 -0.0608 -0.0134 4.94 3.98 1.63 25.5 20.2 8.85 282 148 49.5 
0 -0.0812 -0.0211 -0.00463 2.38 2 0.844 13.7 12.2 5.7 148 84.3 29.5 
0 -0.0217 -0.00564 -0.00124 0.723 0.625 0.267 4.6 4.36 2.1 49.5 29.5 10.9 
H matrix
-920 -0.236 -0.0675 -0.0166 24.4 17.2 3.84 52.9 50.2 8.89 526 281 72.7 
0.00958 -32 -9.81 -2.3 52.2 22.9 7.07 3.79 1.71 0.632 215 74.5 19.9 
0.0047 -9.81 -3.22 -0.782 13.4 5.9 1.83 0.983 0.453 0.171 55.8 19.3 5.18 
0 -0.0077 -0.00199 -0.000438 1 0.87 0.438 -0.0629 -0.024 -0.00717 1.63 0.844 0.267 
0 -0.00413 -0.00107 -0.000236 -0.476 -0.205 -0.0629 2.59 2.07 0.913 25.5 13.7 4.6 
0 -0.00186 -0.000495 -0.00011 -0.199 -0.0797 -0.024 2.07 2.11 1.1 20.2 12.2 4.36 
0 -0.000692 -0.000187 -4.18e-05 -0.0612 -0.0241 -0.00717 0.913 1.1 0.665 8.85 5.7 2.1 
0 -0.235 -0.0608 -0.0134 4.94 3.98 1.63 25.5 20.2 8.85 282 148 49.5 
0 -0.0812 -0.0211 -0.00463 2.38 2 0.844 13.7 12.2 5.7 148 84.3 29.5 
0 -0.0217 -0.00564 -0.00124 0.723 0.625 0.267 4.6 4.36 2.1 49.5 29.5 10.9 
H matrix
-920 -0.236 -0.0675 -0.0166 24.4 17.2 3.84 52.9 50.2 8.89 526 281 72.7 
0.00958 -32 -9.81 -2.3 52.2 22.9 7.07 3.79 1.71 0.632 215 74.5 19.9 
0.0047 -9.81 -3.22 -0.782 13.4 5.9 1.83 0.983 0.453 0.171 55.8 19.3 5.18 
0.00152 -2.3 -0.781 -0.194 2.94 1.29 0.402 0.217 0.101 0.0382 12.3 4.25 1.14 
-0.0173 52.3 13.5 2.95 -3.82e+03 -2.41e+03 -918 437 182 56.1 -4.53e+03 -2.18e+03 -663 
0 -0.000692 -0.000187 -4.18e-05 -0.0612 -0.0241 -0.00717 0.913 1.1 0.665 8.85 5.7 2.1 
0 -0.235 -0.0608 -0.0134 4.94 3.98 1.63 25.5 20.2 8.85 282 148 49.5 
0 -0.0812 -0.0211 -0.00463 2.38 2 0.844 13.7 12.2 5.7 148 84.3 29.5 
0 -0.0217 -0.00564 -0.00124 0.723 0.625 0.267 4.6 4.36 2.1 49.5 29.5 10.9 
H matrix
-920 -0.236 -0.0675 -0.0166 24.4 17.2 3.84 52.9 50.2 8.89 526 281 72.7 
0.00958 -32 -9.81 -2.3 52.2 22.9 7.07 3.79 1.71 0.632 215 74.5 19.9 
0.0047 -9.81 -3.22 -0.782 13.4 5.9 1.83 0.983 0.453 0.171 55.8 19.3 5.18 
0.00152 -2.3 -0.781 -0.194 2.94 1.29 0.402 0.217 0.101 0.0382 12.3 4.25 1.14 
-0.0173 52.3 13.5 2.95 -3.82e+03 -2.41e+03 -918 437 182 56.1 -4.53e+03 -2.18e+03 -663 
0.0556 22.9 5.92 1.3 -2.42e+03 -1.82e+03 -796 188 73 22.1 -3.64e+03 -1.83e+03 -572 
-7.28e-06 7.09 1.83 0.403 -918 -796 -400 57.7 22 6.58 -1.5e+03 -773 -245 
0 -0.00186 -0.000495 -0.00011 -0.199 -0.0797 -0.024 2.07 2.11 1.1 20.2 12.2 4.36 
0 -0.000692 -0.000187 -4.18e-05 -0.0612 -0.0241 -0.00717 0.913 1.1 0.665 8.85 5.7 2.1 
0 -0.235 -0.0608 -0.0134 4.94 3.98 1.63 25.5 20.2 8.85 282 148 49.5 
0 -0.0812 -0.0211 -0.00463 2.38 2 0.844 13.7 12.2 5.7 148 84.3 29.5 
0 -0.0217 -0.00564 -0.00124 0.723 0.625 0.267 4.6 4.36 2.1 49.5 29.5 10.9 
H matrix
-920 -0.236 -0.0675 -0.0166 24.4 17.2 3.84 52.9 50.2 8.89 526 281 72.7 
0.00958 -32 -9.81 -2.3 52.2 22.9 7.07 3.79 1.71 0.632 215 74.5 19.9 
0.0047 -9.81 -3.22 -0.782 13.4 5.9 1.83 0.983 0.453 0.171 55.8 19.3 5.18 
0.00152 -2.3 -0.781 -0.194 2.94 1.29 0.402 0.217 0.101 0.0382 12.3 4.25 1.14 
-0.0173 52.3 13.5 2.95 -3.82e+03 -2.41e+03 -918 437 182 56.1 -4.53e+03 -2.18e+03 -663 
0.0556 22.9 5.92 1.3 -2.42e+03 -1.82e+03 -796 188 73 22.1 -3.64e+03 -1.83e+03 -572 
0.00152 -2.3 -0.781 -0.194 2.94 1.29 0.402 0.217 0.101 0.0382 12.3 4.25 1.14 
-0.0173 52.3 13.5 2.95 -3.82e+03 -2.41e+03 -918 437 182 56.1 -4.53e+03 -2.18e+03 -663 
0.0556 22.9 5.92 1.3 -2.42e+03 -1.82e+03 -796 188 73 22.1 -3.64e+03 -1.83e+03 -572 
-7.28e-06 7.09 1.83 0.403 -918 -796 -400 57.7 22 6.58 -1.5e+03 -773 -245 
-0.0675 3.8 0.985 0.217 437 188 57.7 -2.37e+03 -1.89e+03 -835 -2.33e+04 -1.25e+04 -4.2e+03 
0.0445 1.71 0.455 0.101 182 73.1 22 -1.89e+03 -1.93e+03 -1.01e+03 -1.85e+04 -1.11e+04 -3.98e+03 
0.101 0.636 0.171 0.0384 56.2 22.1 6.58 -836 -1e+03 -605 -8.09e+03 -5.2e+03 -1.92e+03 
1.22 216 56 12.3 -4.53e+03 -3.65e+03 -1.5e+03 -2.34e+04 -1.85e+04 -8.09e+03 -2.58e+05 -1.35e+05 -4.52e+04 
0.662 74.8 19.4 4.26 -2.18e+03 -1.83e+03 -773 -1.25e+04 -1.11e+04 -5.21e+03 -1.36e+05 -7.69e+04 -2.69e+04 
0.224 20 5.19 1.14 -663 -572 -244 -4.21e+03 -3.98e+03 -1.92e+03 -4.52e+04 -2.69e+04 -9.91e+03 
0.00958 -32 -9.81 -2.3 52.2 22.9 7.07 3.79 1.71 0.632 215 74.5 19.9 
0.0047 -9.81 -3.22 -0.782 13.4 5.9 1.83 0.983 0.453 0.171 55.8 19.3 5.18 
0.00152 -2.3 -0.781 -0.194 2.94 1.29 0.402 0.217 0.101 0.0382 12.3 4.25 1.14 
-0.0173 52.3 13.5 2.95 -3.82e+03 -2.41e+03 -918 437 182 56.1 -4.53e+03 -2.18e+03 -663 
0.0556 22.9 5.92 1.3 -2.42e+03 -1.82e+03 -796 188 73 22.1 -3.64e+03 -1.83e+03 -572 
-7.28e-06 7.09 1.83 0.403 -918 -796 -400 57.7 22 6.58 -1.5e+03 -773 -245 
-0.0675 3.8 0.985 0.217 437 188 57.7 -2.37e+03 -1.89e+03 -835 -2.33e+04 -1.25e+04 -4.2e+03 
0.0445 1.71 0.455 0.101 182 73.1 22 -1.89e+03 -1.93e+03 -1.01e+03 -1.85e+04 -1.11e+04 -3.98e+03 
0.101 0.636 0.171 0.0384 56.2 22.1 6.58 -836 -1e+03 -605 -8.09e+03 -5.2e+03 -1.92e+03 
1.22 216 56 12.3 -4.53e+03 -3.65e+03 -1.5e+03 -2.34e+04 -1.85e+04 -8.09e+03 -2.58e+05 -1.35e+05 -4.52e+04 
0.662 74.8 19.4 4.26 -2.18e+03 -1.83e+03 -773 -1.25e+04 -1.11e+04 -5.21e+03 -1.36e+05 -7.69e+04 -2.69e+04 
0.224 20 5.19 1.14 -663 -572 -244 -4.21e+03 -3.98e+03 -1.92e+03 -4.52e+04 -2.69e+04 -9.91e+03 
0.0445 1.71 0.455 0.101 182 73.1 22 -1.89e+03 -1.93e+03 -1.01e+03 -1.85e+04 -1.11e+04 -3.98e+03 
0.101 0.636 0.171 0.0384 56.2 22.1 6.58 -836 -1e+03 -605 -8.09e+03 -5.2e+03 -1.92e+03 
1.22 216 56 12.3 -4.53e+03 -3.65e+03 -1.5e+03 -2.34e+04 -1.85e+04 -8.09e+03 -2.58e+05 -1.35e+05 -4.52e+04 
0.662 74.8 19.4 4.26 -2.18e+03 -1.83e+03 -773 -1.25e+04 -1.11e+04 -5.21e+03 -1.36e+05 -7.69e+04 -2.69e+04 
0.224 20 5.19 1.14 -663 -572 -244 -4.21e+03 -3.98e+03 -1.92e+03 -4.52e+04 -2.69e+04 -9.91e+03 
0.0556 22.9 5.92 1.3 -2.42e+03 -1.82e+03 -796 188 73 22.1 -3.64e+03 -1.83e+03 -572 
-7.28e-06 7.09 1.83 0.403 -918 -796 -400 57.7 22 6.58 -1.5e+03 -773 -245 
-0.0675 3.8 0.985 0.217 437 188 57.7 -2.37e+03 -1.89e+03 -835 -2.33e+04 -1.25e+04 -4.2e+03 
0.0445 1.71 0.455 0.101 182 73.1 22 -1.89e+03 -1.93e+03 -1.01e+03 -1.85e+04 -1.11e+04 -3.98e+03 
0.101 0.636 0.171 0.0384 56.2 22.1 6.58 -836 -1e+03 -605 -8.09e+03 -5.2e+03 -1.92e+03 
1.22 216 56 12.3 -4.53e+03 -3.65e+03 -1.5e+03 -2.34e+04 -1.85e+04 -8.09e+03 -2.58e+05 -1.35e+05 -4.52e+04 
0.662 74.8 19.4 4.26 -2.18e+03 -1.83e+03 -773 -1.25e+04 -1.11e+04 -5.21e+03 -1.36e+05 -7.69e+04 -2.69e+04 
0.224 20 5.19 1.14 -663 -572 -244 -4.21e+03 -3.98e+03 -1.92e+03 -4.52e+04 -2.69e+04 -9.91e+03 
-0.0675 3.8 0.985 0.217 437 188 57.7 -2.37e+03 -1.89e+03 -835 -2.33e+04 -1.25e+04 -4.2e+03 
0.0445 1.71 0.455 0.101 182 73.1 22 -1.89e+03 -1.93e+03 -1.01e+03 -1.85e+04 -1.11e+04 -3.98e+03 
0.101 0.636 0.171 0.0384 56.2 22.1 6.58 -836 -1e+03 -605 -8.09e+03 -5.2e+03 -1.92e+03 
1.22 216 56 12.3 -4.53e+03 -3.65e+03 -1.5e+03 -2.34e+04 -1.85e+04 -8.09e+03 -2.58e+05 -1.35e+05 -4.52e+04 
0.662 74.8 19.4 4.26 -2.18e+03 -1.83e+03 -773 -1.25e+04 -1.11e+04 -5.21e+03 -1.36e+05 -7.69e+04 -2.69e+04 
0.224 20 5.19 1.14 -663 -572 -244 -4.21e+03 -3.98e+03 -1.92e+03 -4.52e+04 -2.69e+04 -9.91e+03 
0.662 74.8 19.4 4.26 -2.18e+03 -1.83e+03 -773 -1.25e+04 -1.11e+04 -5.21e+03 -1.36e+05 -7.69e+04 -2.69e+04 
0.224 20 5.19 1.14 -663 -572 -244 -4.21e+03 -3.98e+03 -1.92e+03 -4.52e+04 -2.69e+04 -9.91e+03 
-7.28e-06 7.09 1.83 0.403 -918 -796 -400 57.7 22 6.58 -1.5e+03 -773 -245 
-0.0675 3.8 0.985 0.217 437 188 57.7 -2.37e+03 -1.89e+03 -835 -2.33e+04 -1.25e+04 -4.2e+03 
0.0445 1.71 0.455 0.101 182 73.1 22 -1.89e+03 -1.93e+03 -1.01e+03 -1.85e+04 -1.11e+04 -3.98e+03 
0.101 0.636 0.171 0.0384 56.2 22.1 6.58 -836 -1e+03 -605 -8.09e+03 -5.2e+03 -1.92e+03 
1.22 216 56 12.3 -4.53e+03 -3.65e+03 -1.5e+03 -2.34e+04 -1.85e+04 -8.09e+03 -2.58e+05 -1.35e+05 -4.52e+04 
0.662 74.8 19.4 4.26 -2.18e+03 -1.83e+03 -773 -1.25e+04 -1.11e+04 -5.21e+03 -1.36e+05 -7.69e+04 -2.69e+04 
0.224 20 5.19 1.14 -663 -572 -244 -4.21e+03 -3.98e+03 -1.92e+03 -4.52e+04 -2.69e+04 -9.91e+03 
In Linear_optimization::line_minimization: took more than 100 iterations to find sample. Giving up.i 1 1.61360192 prop_psi0 0.9604627239
i 1 1.61360192 prop_psi0 0.9604627239
